
Angles Over Time
Frames	Rotate	ChildRotate	RotateInverse	ChildRotateInverse	Docking x	Docking y	Docking z	
0	-0.8204651	0.2344379	0	-0.5859985	0.09743106	0.1651526	0.2325961	
1	1.174271	0.9377288	0	0.2365497	-0.02789307	0.07675919	-0.05862427	
2	2.346436	-0.4688721	0	0.002121307	0.139057	-0.05856323	-0.4362793	
3	1.174271	-0.234436	0	0.9398502	0.4318917	-0.1004639	-0.6263733	
4	0.2365498	-3.985352	0	5.628487	0.475004	-0.01025391	-0.7086182	
5	-3.748779	-0.4688416	0	1.408715	0.7055038	0.08419739	-0.459198	
6	0.9398429	-0.234436	0	0.2365498	1.105641	0.1086905	-0.02249146	
7	0.7054145	-0.234436	0	0.2365498	1.749049	0.02606488	1.041433	
8	1.408707	-0.9377136	0	0.002121441	2.42666	0.05554224	3.156594	
9	1.174271	-0.234436	0	0.4709858	2.326798	0.2331698	6.326331	
10	0.7054147	-4.688629	0	5.159623	1.488969	0.5874826	9.981428	
11	-3.279938	-1.641022	0	1.643143	-0.5293274	0.9931163	15.22346	
12	0.9398431	-0.9377136	0	0.002121671	-3.345795	1.451407	19.37449	
13	0.9398431	0.4688645	0	7.503944	-6.354523	1.955902	22.19646	
14	1.643136	0.2344361	0	14.77134	-9.174072	2.462362	23.80513	
15	2.112001	-1.17215	0	21.33543	-11.28558	2.555797	24.88887	
16	2.112001	-2.578766	0	23.21089	-13.15649	3.14652	28.23255	
17	-0.4667358	-0.4688721	0	19.92884	-14.87317	4.45472	31.10669	
18	0.9398434	-0.4688721	0	20.16327	-16.15948	5.575974	33.50277	
19	0.470979	-1.406586	0	19.92884	-17.21436	5.696793	36.2078	
20	0.7054151	-0.9377136	0	24.61747	-19.5842	5.548841	39.48456	
21	0.7054151	-4.454193	0	43.60647	-20.63516	5.905929	41.53282	
22	-5.389832	-1.875458	0	56.03137	-21.40259	6.870523	44.20177	
23	-15.4704	-0.234436	0	56.50023	-23.11447	8.799178	50.37144	
24	-19.69016	0.7032999	0	69.39399	-25.07153	8.977483	49.77671	
25	-18.51801	0.2344355	0	74.08263	-26.39252	9.191317	49.04281	
26	-18.51801	0.9377283	0	76.89582	-27.22583	10.02924	47.72219	
27	-18.51801	-2.109894	0	75.72366	-27.55298	11.33733	44.92041	
28	-20.86234	-0.7033081	0	67.51853	-27.48734	12.02049	42.34156	
29	-17.58029	-4.383194E-07	0	76.42695	-27.14169	12.2446	44.38038	
30	-16.64255	-0.234436	0	66.34637	-26.09241	13.34114	41.7104	
31	-3.748779	-0.4688721	0	76.19252	-25.55316	13.55567	40.18895	
32	-0.2322998	-4.454193	0	78.53684	-25.58652	13.13386	41.01781	
33	-3.045502	-2.34433	0	77.13026	-25.71594	12.58263	40.13421	
34	-0.9356079	-0.4688721	0	76.66139	-26.0715	12.28734	38.07903	
35	0.4709781	0.7033002	0	73.14492	-26.11176	12.32351	37.22496	
36	1.408707	-0.234436	0	75.25481	-26.2691	12.25673	37.78725	
37	1.174271	-0.7033081	0	76.42697	-26.4187	12.38725	38.30028	
38	0.9398427	-5.860779	0	79.24015	-26.25861	12.35777	38.49427	
39	-3.748779	-0.234436	0	76.89583	-25.94742	12.34338	38.66985	
40	0.4709776	-0.9377136	0	76.66139	-25.91751	12.51537	38.75951	
41	0.7054137	-0.234436	0	76.89584	-25.82388	12.75828	39.02252	
42	1.643135	0.9377291	0	76.89584	-25.71906	12.75327	39.19541	
43	1.643135	0.9377291	0	76.89584	-25.58319	13.04651	39.39302	
44	1.643135	-2.109894	0	77.83357	-25.73956	13.11514	39.69584	
45	-1.170044	-0.7032776	0	76.6614	-25.95883	12.95115	39.85799	
46	0.9398423	-0.9377136	0	76.6614	-26.07288	12.51163	40.27845	
47	1.174271	-0.9377136	0	76.42698	-26.20721	12.32096	40.72832	
48	0.9398423	-0.4688416	0	76.89584	-26.38629	12.21425	41.15359	
49	0.2365495	-4.454193	0	78.7713	-26.46027	12.24737	41.27473	
50	-2.57663	-1.641022	0	77.36472	-26.47021	12.40066	41.26779	
51	-0.4667664	-0.234436	0	76.42699	-26.38248	12.51679	41.42031	
52	1.174271	-0.234436	0	76.66141	-26.24347	12.46601	41.56956	
53	0.2365492	-0.7033081	0	76.66141	-26.09628	12.55082	41.77815	
54	1.174271	-0.7033081	0	76.42698	-26.09744	12.39433	41.9913	
55	0.7054138	-3.516479	0	78.53687	-26.15033	12.45316	42.02651	


Angle MV instances
Rotate	3.985329	4.688622	3.985353	4.219781	6.095247	10.08057	4.219757	2.34433	3.282043	12.89377	3.516479	2.813202	2.109894	4.688622	4.219757	2.813179	2.109863	
ChildRotate	3.750916	3.51651	4.454193	3.047607	2.109894	3.516479	2.578735	3.985321	2.109863	5.157471	5.626343	3.985352	2.813171	2.813171	
RotateInverse	
ChildRotateInverse	4.688637	4.219772	4.688637	3.51648	7.501822	7.267395	6.564093	3.282053	4.688637	18.989	12.4249	12.89376	4.688644	2.813187	8.205124	8.908417	10.08058	9.846153	2.344322	3.516472	2.109886	2.813179	2.344322	2.109894	
Docking x	2.816467	3.008728	2.81955	2.111511	2.369843	
Docking y	
Docking z	2.11516	3.169737	3.655097	5.242036	4.151023	2.821972	3.343678	2.87414	2.396088	2.705025	3.27676	2.048264	2.668953	6.169662	2.801781	2.57885	2.038818	2.669979	2.05518	
Total MV Amount	349.9445


Angle TRE instances
Rotate	1	22	31	
ChildRotate	1	38	39	
RotateInverse	1	
ChildRotateInverse	
Docking x	1	12	
Docking y	18	
Docking z	23	30	
Total TRE Count	8


Correct Angles	Rotate	ChildRotate	RotateInverse	ChildRotateInverse	Docking x	Docking y	Docking z
	-5.024183E-25	-1.611493E-43	0	89.99999	3.239718	9.27658	47.21268

Angle Error	Rotate	ChildRotate	RotateInverse	ChildRotateInverse	Docking x	Docking y	Docking z
	2.57663	0.9377136	0	13.33857	29.36466	3.330565	5.224682

Time Taken	Hours	Minutes	Seconds	Milliseconds	Seconds float	Completion time
	0	0	3	297	3.296523	00h:00m:03s:297ms

Final Results	Tester Name	Time of Test	Dock Shape Style	Virtual Device Visible	Time Taken	Shape Precision %	Orientation Precision %	Overall Precision %	Efficiency %	Difficulty	Total MV	Total TRE	
	0	2018-11-27_19:51:47	Presets_dockPreset_5	False	00h:00m:03s:297ms	97.65932	98.4157	95.65295	98.20392	0.1663655	349.9445	8	
