
Angles Over Time
Frames	Rotate	ChildRotate	RotateInverse	ChildRotateInverse	Docking x	Docking y	Docking z	
0	-13.3053	-53.21606	0	84.68752	4.376119	-90.65833	-81.46231	
1	-14.47745	-54.15381	0	85.62525	4.409997	-90.66055	-81.39548	
2	-14.94629	-52.74722	0	84.68754	4.382906	-90.59457	-81.42743	
3	-13.07086	-52.27835	0	84.92197	4.387393	-90.61615	-81.5593	
4	-12.83643	-53.21606	0	84.68754	4.369211	-90.53613	-81.65689	
5	-12.83643	-53.21606	0	84.68754	4.382823	-90.66165	-81.75009	
6	-11.66425	-56.2637	0	87.26628	4.380125	-90.76581	-81.83096	
7	-14.71188	-52.98166	0	84.68754	4.354133	-90.87	-82.36066	
8	-2.521393	-47.35529	0	84.68754	4.569838	-91.69489	-81.97372	
9	-1.114807	-33.05493	0	84.4531	5.220223	-90.89426	-76.50684	
10	0.05734282	-30.4762	0	63.35423	3.066506	-81.23788	-60.83203	
11	0.7606357	-30.4762	0	49.75717	-2.184174	-73.89178	-41.76056	
12	0.05734286	-33.28937	0	40.84875	-3.026581	-70.25879	-31.03046	
13	-2.521393	-31.88278	0	28.65828	-1.261353	-65.56735	-22.90799	
14	-1.583679	-41.49448	0	12.95134	-0.8375854	-59.95145	-11.25464	
15	0.7606359	-43.36993	0	10.13815	-0.2610168	-55.41977	-5.98822	
16	0.05734307	-38.44687	0	8.497133	-0.08148193	-51.59012	-5.877106	
17	-0.6459656	-31.64835	0	3.808488	0.5694936	-48.74329	-3.54892	
18	-3.693573	-27.42856	0	1.464173	0.6624601	-45.83209	-1.775726	
19	-0.1770935	-42.90106	0	-0.4112854	2.020999	-42.54486	2.644868	
20	0.0573429	-41.49448	0	-0.1768494	2.277104	-40.59521	3.071839	
21	0.9950718	-31.41391	0	0.9953089	0.9944754	-41.79999	3.703699	
22	0.7606357	-3.047638	0	0.2920084	0.8709874	-42.44678	3.367051	
23	0.9950718	-3.51651	0	2.636331	0.5973957	-42.02255	3.363739	
24	-1.818115	-1.984089E-05	0	-0.1768494	0.63194	-40.3927	3.107559	
25	0.05734274	-1.984089E-05	0	-0.1768494	0.6908278	-39.39963	3.066911	
26	0.05734274	0.2344085	0	0.7608731	0.8331784	-39.40158	3.002726	
27	-0.4115295	0.703273	0	0.5264447	0.9486692	-39.5831	2.985739	
28	-0.6459656	-3.047638	0	1.933038	1.098136	-39.5369	2.897393	
29	-3.693573	-0.7033081	0	2.167466	1.174039	-39.79602	2.780006	
30	-1.818115	0.9377091	0	-0.1768494	1.316338	-40.64459	2.672969	
31	-0.1770935	-0.234436	0	-0.1768494	1.39564	-41.61707	2.609476	
32	0.05734275	0.7032732	0	0.7608731	1.437728	-42.31516	2.536139	
33	-0.6459656	0.4688448	0	-0.1768494	1.461357	-42.59183	2.446883	
34	-0.4115295	-2.578766	0	5.215082	1.491139	-42.66547	2.374674	
35	-4.396851	-1.406616	0	1.933038	1.579318	-43.34488	2.301762	
36	-1.349243	0.2344086	0	-0.4112854	1.650139	-43.44907	2.238375	
37	0.057343	0.4688447	0	-0.1768494	1.674512	-43.79041	2.164297	
38	-0.1770935	0.7032731	0	0.760873	1.696903	-44.10733	2.106419	
39	-0.8803711	0.7032731	0	-0.1768494	1.694582	-44.02756	2.058156	
40	-0.1770935	-3.985352	0	4.980653	1.69931	-43.91452	2.018242	
41	-4.396851	0.4688446	0	0.05757961	1.700173	-43.92358	1.985829	
42	-0.1770935	0.4688446	0	0.05757961	1.695228	-43.56766	1.946983	
43	-0.4115295	-0.4688721	0	0.05757961	1.696058	-43.56845	1.914567	
44	-0.1770935	-0.234436	0	0.292008	1.699407	-43.4234	1.874893	
45	-0.1770935	0.4688446	0	0.7608723	1.683787	-43.2222	1.851261	
46	-1.818115	-0.9377441	0	2.870759	1.687732	-43.07669	1.811484	


Angle MV instances
Rotate	13.3053	3.047638	12.19049	2.578736	3.047607	3.516479	3.047607	3.985321	3.047607	4.219757	4.219757	
ChildRotate	53.21606	3.047638	3.282043	5.626373	14.30035	2.578735	2.813171	9.611694	4.923065	6.798523	4.219788	15.4725	10.08057	28.36627	3.51649	3.750911	2.34433	3.047611	4.688625	4.454196	
RotateInverse	
ChildRotateInverse	84.68752	2.578743	2.578743	21.09888	13.59706	8.908417	12.19047	15.70694	2.813187	4.688645	2.344315	2.344322	2.81318	5.391931	3.282044	5.157502	4.923073	2.109886	
Docking x	4.376119	2.153717	
Docking y	90.65833	9.656372	7.3461	3.632996	4.691437	5.615906	4.531677	3.829651	2.846832	2.911194	3.287231	
Docking z	81.46231	5.466888	15.6748	19.07147	10.7301	8.122467	11.65335	5.266418	2.328186	
Total MV Amount	744.8738


Angle TRE instances
Rotate	9	
ChildRotate	23	
RotateInverse	1	
ChildRotateInverse	18	34	35	
Docking x	1	9	10	
Docking y	
Docking z	18	
Total TRE Count	8


Correct Angles	Rotate	ChildRotate	RotateInverse	ChildRotateInverse	Docking x	Docking y	Docking z
	-1.165712E-12	-4.54283E-26	0	3.399411E-12	0	0	0

Angle Error	Rotate	ChildRotate	RotateInverse	ChildRotateInverse	Docking x	Docking y	Docking z
	2.286987	1.875438	0	0.1768494	1.682568	42.71249	1.788849

Time Taken	Hours	Minutes	Seconds	Milliseconds	Seconds float	Completion time
	0	0	2	768	2.767931	00h:00m:02s:768ms

Final Results	Tester Name	Time of Test	Dock Shape Style	Virtual Device Visible	Time Taken	Shape Precision %	Orientation Precision %	Overall Precision %	Efficiency %	Difficulty	Total MV	Total TRE	
	0	2018-11-27_19:55:58	ZEROING DATA	True	00h:00m:02s:768ms	99.39732	91.75901	95.99023	100	5.072359E-15	744.8738	8	
