
Angles Over Time
Frames	Rotate	ChildRotate	RotateInverse	ChildRotateInverse	Docking x	Docking y	Docking z	
0	-49.92307	-117.216	0	91.67393	87.6636	-177.4246	113.9645	
1	-52.73624	-116.9816	0	90.50177	87.67107	-176.97	114.2091	
2	-50.39194	-116.7471	0	89.56405	87.67056	-176.0909	114.6477	
3	-49.45419	-116.5127	0	89.32961	87.66989	-176.0947	114.6485	
4	-49.92307	-116.7471	0	89.32961	87.67039	-175.9995	114.6568	
5	-49.45419	-116.7471	0	89.56404	87.67796	-175.5578	114.904	
6	-49.92307	-117.216	0	90.50177	87.66972	-175.5621	114.8763	
7	-50.86078	-116.7471	0	89.32961	87.67039	-175.9995	114.6568	
8	-48.98535	-116.7471	0	89.32961	87.67881	-175.9227	114.6903	
9	-48.98535	-116.7471	0	89.32961	87.67696	-175.2672	115.1102	
10	-48.75092	-116.7471	0	89.79846	87.67729	-175.063	115.1296	
11	-48.98535	-117.216	0	90.03291	87.68303	-174.5143	115.5687	
12	-50.86078	-116.7471	0	89.32961	87.67358	-174.2489	115.7418	
13	-48.98535	-116.7471	0	89.56403	87.67509	-174.3172	115.5575	
14	-49.21979	-116.7471	0	89.3296	87.68388	-174.1399	115.6047	
15	-49.9231	-115.575	0	89.56403	87.72041	-177.2366	112.2867	
16	-49.68866	-115.1061	0	91.90835	87.88197	157.9268	86.10513	
17	-48.04761	-107.3698	0	89.79846	86.12687	108.6275	36.36818	
18	-44.29669	-95.17938	0	19.46886	79.54251	86.76116	18.28068	
19	-43.59341	-78.5347	0	36.81683	64.48246	73.17857	13.69395	
20	-42.65567	-75.01822	0	-0.2234192	41.2208	67.63321	23.17139	
21	-42.65567	-66.1098	0	0.0110043	30.10514	65.25523	20.13539	
22	-36.09158	-52.51276	0	2.589755	23.48138	63.13142	15.78876	
23	-38.43591	-48.99628	0	-0.2234192	19.18201	62.43382	14.72365	
24	-37.0293	-42.90103	0	0.9487329	15.25969	62.03209	15.03022	
25	-37.49817	-43.13547	0	-0.2234192	10.61729	61.68351	15.15867	
26	-32.5751	-42.6666	0	2.355326	3.827209	61.29519	11.5388	
27	-21.79123	-43.83878	0	10.79488	2.6083	60.87335	8.211684	
28	-15.69598	-34.69592	0	16.42125	1.84046	61.08385	1.983156	
29	-3.036682	-9.611694	0	0.01100565	1.951144	61.37303	-1.20932	
30	0.01094784	2.109903	0	0.2454417	1.781721	61.6653	-1.766022	
31	1.886398	2.813203	0	0.01100564	1.906545	61.64443	-1.823975	
32	1.183105	2.813203	0	0.01100564	1.931975	61.64363	-1.821075	
33	1.886398	-0.9377136	0	1.886464	1.917298	61.64392	-1.827911	
34	-0.9267883	1.40661	0	0.01100568	1.906545	61.64443	-1.823975	
35	0.7142407	1.172182	0	0.01100568	1.920201	61.643	-1.853363	
36	0.7142407	1.641039	0	0.2454417	1.936759	61.64063	-1.908264	
37	0.01094792	1.40661	0	0.01100566	1.942045	61.62801	-1.959229	
38	0.4798046	-2.109863	0	4.934079	1.951768	61.62634	-1.99939	
39	-2.802246	1.641038	0	2.355329	1.957564	61.62447	-2.050354	
40	0.4798046	1.40661	0	-0.2234192	1.926644	60.78004	-2.051331	
41	0.4798046	2.109903	0	0.2454424	1.93554	60.76765	-2.091614	
42	0.4798046	2.813203	0	0.2454424	1.932146	60.61124	-2.117249	
43	1.65197	2.344339	0	0.01100636	1.939969	60.35265	-2.136292	
44	0.9486693	-0.7032776	0	1.886464	1.92892	59.98176	-2.162079	
45	-1.39566	2.109903	0	-0.2234192	1.914833	59.70943	-2.172943	
46	2.120834	3.282068	0	0.2454423	1.909656	59.29618	-2.177216	
47	2.120834	0.7033171	0	-0.2234192	1.689852	59.29484	-2.141083	
48	0.7142407	1.40661	0	0.9487352	1.561821	59.30109	-2.091278	
49	0.01094792	-2.813171	0	5.871808	1.568347	59.3004	-2.10611	
50	-4.91214	1.40661	0	1.886464	1.55605	59.07909	-2.11618	
51	0.4798048	1.172182	0	0.2454426	1.540937	58.78546	-2.125977	
52	0.7142409	1.40661	0	0.2454426	1.540937	58.78546	-2.125977	
53	0.4798048	1.40661	0	0.714307	1.533289	58.57497	-2.125305	
54	-0.2234802	0.4688815	0	0.2454426	1.533289	58.57497	-2.125305	
55	0.01094809	1.702197E-05	0	2.355329	1.524502	58.21578	-2.113464	
56	0.2453765	2.813204	0	0.01100651	1.524502	58.21578	-2.113464	
57	1.886398	1.641039	0	0.01100651	1.524502	58.21578	-2.113464	
58	2.120834	2.813204	0	-0.2234192	1.524502	58.21578	-2.113464	
59	1.886398	2.109903	0	0.0110065	1.524502	58.21578	-2.113464	
60	2.120834	-0.9377136	0	1.886464	1.524502	58.21578	-2.113464	
61	-1.161224	2.344339	0	0.01100654	1.504846	57.86565	-2.09729	
62	2.120835	1.641039	0	0.9487354	1.504846	57.86565	-2.09729	
63	0.2453767	1.406611	0	0.714307	1.504846	57.86565	-2.09729	
64	0.2453766	1.406611	0	0.01100652	1.504846	57.86565	-2.09729	
65	0.4798049	-2.344299	0	6.340673	1.504846	57.86565	-2.09729	
66	-4.208832	1.641039	0	-0.2234192	1.49536	57.48095	-2.085205	
67	0.7142411	0.9377463	0	0.01100666	1.49536	57.48095	-2.085205	
68	0.7142411	1.406611	0	0.01100666	1.47685	57.25602	-2.079987	
69	0.7142411	1.406611	0	0.01100666	1.47685	57.25602	-2.079987	
70	0.7142411	-2.813171	0	3.527486	1.47685	57.25602	-2.079987	
71	-2.802246	1.172182	0	0.01100648	1.47685	57.25602	-2.079987	
72	0.7142412	1.875475	0	0.2454425	1.47685	57.25602	-2.079987	
73	0.4798052	1.641039	0	0.9487354	1.47685	57.25602	-2.079987	
74	-0.2234802	1.406611	0	0.2454425	1.47685	57.25602	-2.079987	
75	0.01094841	-1.875427	0	4.465215	1.47685	57.25602	-2.079987	
76	-3.73996	1.641039	0	0.7143075	1.47365	57.04567	-2.068481	
77	0.0109481	1.641039	0	0.9487358	1.47365	57.04567	-2.068481	
78	0.0109481	0.7033177	0	0.01100696	1.473058	56.91192	-2.057312	
79	0.714241	1.172182	0	0.01100696	1.473058	56.91192	-2.057312	
80	0.714241	-2.813171	0	5.168515	1.465709	56.69702	-2.056366	
81	-3.974396	1.172182	0	-0.2234192	1.458042	56.4909	-2.05545	
82	0.714241	1.406611	0	0.2454424	1.452409	56.20391	-2.043549	
83	0.714241	1.641039	0	0.9487353	1.452409	56.20391	-2.043549	
84	-0.2234802	1.40661	0	0.01100637	1.452409	56.20391	-2.043549	
85	0.479805	-2.344299	0	5.168515	1.452409	56.20391	-2.043549	
86	-3.974396	1.40661	0	0.7143064	1.452409	56.20391	-2.043549	
87	0.01094805	1.641039	0	0.245442	1.437987	55.96852	-2.027405	
88	0.2453764	0.9377458	0	0.01100596	1.437987	55.96852	-2.027405	
89	0.7142408	1.40661	0	0.01100596	1.437987	55.96852	-2.027405	
90	0.7142408	-3.047607	0	3.99635	1.43282	55.69653	-2.015503	
91	-3.271118	0.9377456	0	-0.2234192	1.42775	55.54318	-2.01474	
92	0.7142407	1.172182	0	0.0110054	1.42775	55.54318	-2.01474	
93	0.7142407	1.40661	0	0.9487343	1.42775	55.54318	-2.01474	
94	0.01094786	1.641038	0	0.9487343	1.42775	55.54318	-2.01474	
95	0.7142407	-2.109863	0	3.76192	1.408966	55.30761	-2.009003	
96	-3.036682	1.40661	0	0.948734	1.408966	55.30761	-2.009003	
97	-0.2234802	1.875475	0	0.2454412	1.408966	55.30761	-2.009003	
98	0.4798047	0.7033174	0	0.01100516	1.403913	55.03562	-1.997009	
99	0.7142408	1.172182	0	0.2454412	1.403913	55.03562	-1.997009	
100	0.7142408	-3.047607	0	3.996349	1.403763	54.89745	-1.985718	
101	-3.271118	1.172182	0	0.01100458	1.391719	54.54861	-1.983765	
102	0.7142407	1.641039	0	0.01100458	1.377162	54.30274	-1.967224	
103	0.7142407	1.641039	0	0.714305	1.377162	54.30274	-1.967224	
104	-0.2234802	1.40661	0	0.01100459	1.377162	54.30274	-1.967224	
105	0.4798046	-2.109863	0	4.230784	1.369507	54.0772	-1.965881	
106	-3.271118	1.641038	0	2.589756	1.369507	54.0772	-1.965881	
107	0.2453765	2.578767	0	0.01100505	1.361033	53.68788	-1.953003	
108	0.9486693	2.813203	0	0.4798694	1.354791	53.36016	-1.940491	
109	0.2453765	3.047632	0	0.01100508	1.352156	53.28811	-1.940033	
110	2.120835	1.641038	0	0.01100508	1.352156	53.28811	-1.940033	
111	0.714241	0.7033169	0	1.886463	1.352156	53.28811	-1.940033	
112	0.2453766	2.578767	0	0.01100494	1.335235	52.94571	-1.922607	
113	2.120835	2.578767	0	0.245441	1.327699	52.58671	-1.90976	
114	2.120835	2.813203	0	1.18317	1.327699	52.58671	-1.90976	
115	1.886398	3.047632	0	0.01100494	1.327699	52.58671	-1.90976	
116	1.183105	-0.9377136	0	2.120891	1.313419	52.32104	-1.8927	
117	-1.161224	1.641038	0	-0.2234192	1.313419	52.32104	-1.8927	
118	0.9486693	0.7033167	0	-0.2234192	1.313419	52.32104	-1.8927	
119	0.7142409	1.641038	0	0.7143056	1.313419	52.32104	-1.8927	
120	0.01094808	1.641038	0	0.01100512	1.307235	52.13151	-1.891357	
121	0.4798048	-2.109863	0	3.527484	1.302151	51.82937	-1.878784	
122	-2.802246	0.703317	0	0.01100499	1.302151	51.82937	-1.878784	
123	0.714241	1.40661	0	0.01100499	1.302151	51.82937	-1.878784	
124	0.9486694	1.40661	0	0.4798694	1.302151	51.82937	-1.878784	
125	0.2453766	1.172182	0	0.01100502	1.302151	51.82937	-1.878784	
126	0.714241	-2.109863	0	4.69965	1.302151	51.82937	-1.878784	


Angle MV instances
Rotate	49.92307	2.813171	2.344299	3.750916	6.564087	2.34433	4.923065	10.78387	6.095245	12.6593	3.04763	3.282051	3.282051	4.923088	5.391945	4.688637	4.923073	3.516487	3.516487	3.750908	3.750908	4.688637	4.688637	4.454201	3.985344	3.985359	3.985359	3.750923	2.813202	3.985359	3.985359	3.750923	3.516495	3.282051	3.516487	
ChildRotate	117.216	7.736267	12.19046	16.64468	3.516479	8.908417	13.59705	3.516479	6.095245	9.142853	25.08423	11.7216	2.57875	2.813187	3.985353	3.985345	
RotateInverse	
ChildRotateInverse	91.67393	2.344315	2.109886	70.32961	17.34797	37.04025	2.578751	2.813174	2.578745	8.439552	5.626367	16.41024	4.923073	2.578751	2.578748	4.923073	3.985344	2.109886	2.344322	6.329667	6.564092	3.516479	3.516479	4.219773	3.750908	5.157508	5.391934	5.157508	4.454208	3.985344	4.219769	2.813186	2.813186	3.750908	3.985344	4.21978	2.578751	2.109886	3.516479	3.516479	4.688645	
Docking x	87.6636	6.584358	15.06005	23.26166	11.11565	6.623764	4.299374	3.922316	4.6424	6.790083	
Docking y	177.4246	3.096756	335.1634	49.29929	21.86632	13.5826	5.545357	2.377983	2.123806	
Docking z	113.9645	3.318001	26.18158	49.73695	18.0875	4.586736	9.477447	3.036003	4.346633	3.619867	3.327114	6.228528	
Total MV Amount	1848.742


Angle TRE instances
Rotate	30	
ChildRotate	31	
RotateInverse	1	
ChildRotateInverse	21	27	29	49	50	65	66	80	81	85	86	
Docking x	27	
Docking y	
Docking z	29	
Total TRE Count	15


Correct Angles	Rotate	ChildRotate	RotateInverse	ChildRotateInverse	Docking x	Docking y	Docking z
	-2.730992E-35	0	0	8.123665E-35	0	0	0

Angle Error	Rotate	ChildRotate	RotateInverse	ChildRotateInverse	Docking x	Docking y	Docking z
	4.443268	1.40661	0	0.9487343	1.298427	51.71661	1.87796

Time Taken	Hours	Minutes	Seconds	Milliseconds	Seconds float	Completion time
	0	0	7	563	7.56277	00h:00m:07s:563ms

Final Results	Tester Name	Time of Test	Dock Shape Style	Virtual Device Visible	Time Taken	Shape Precision %	Orientation Precision %	Overall Precision %	Efficiency %	Difficulty	Total MV	Total TRE	
	0	2018-11-27_20:00:34	ZEROING DATA	True	00h:00m:07s:563ms	99.05575	90.07508	95.10384	100	1.206073E-37	1848.742	15	
