
Angles Over Time
Frames	Rotate	ChildRotate	RotateInverse	ChildRotateInverse	Docking x	Docking y	Docking z	
0	10.88969	0.4689155	0	-1.535095	-0.4713745	0.02066793	0.07912911	
1	0.1551342	0.4688568	0	0.858427	-0.2845764	-0.07168579	0.03482358	
2	-0.5481567	-3.985352	0	5.078207	-0.4046936	-0.07449341	0.08486106	
3	-4.299072	0	0	1.327292	-0.4593201	-0.02862549	0.1372575	
4	0.1551348	0	0	-0.7825928	-0.5377808	0.007184872	-0.002552048	
5	0.1551348	0.4688568	0	-0.07931519	-0.5745239	0.1811316	0.01751331	
6	0.1551348	0.4688568	0	0.1551345	-0.5402222	0.1419832	0.04812086	
7	0.1551348	0	0	-0.07931519	-0.3938599	0.3667073	-0.06262207	
8	0.1551348	-3.516479	0	5.7815	-0.1731873	0.6174676	0.195261	
9	-5.00238	0.468857	0	2.26502	0.1892716	1.03713	0.7881404	
10	-0.5481567	0.468857	0	0.6239988	1.513467	1.826539	1.698967	
11	-0.5481567	0.9377213	0	-0.07931519	3.704458	3.319883	2.594181	
12	1.327293	1.172157	0	0.1551344	6.459906	4.824761	3.584818	
13	1.327293	1.87545	0	0.1551344	9.052615	6.227377	4.721575	
14	1.327293	-1.17218	0	2.733885	11.30961	7.735764	4.987018	
15	-1.720337	-3.685087E-08	0	-0.07931519	13.77047	8.778477	3.657408	
16	0.1551355	0.4688568	0	3.906043	13.71035	9.069427	-3.195618	
17	-0.3137207	1.172157	0	11.87673	10.39568	9.095537	-18.21976	
18	0.1551355	1.172157	0	15.15878	8.835233	10.86164	-33.04144	
19	-0.3137207	-2.34433	0	22.89504	10.15736	12.92922	-46.07239	
20	-3.8302	-1.406586	0	21.25401	12.7431	14.85079	-54.91513	
21	-1.251465	1.172157	0	26.41152	14.62006	16.15499	-66.09369	
22	-0.5481567	1.87545	0	39.30527	15.22055	16.05219	-78.45526	
23	1.561729	2.109886	0	47.97926	13.53448	14.62005	-89.06015	
24	0.8584282	2.344314	0	47.74482	10.2752	17.53113	-92.4198	
25	1.796157	-0.7033081	0	48.91699	10.05608	19.38711	-94.85962	
26	-1.017029	0.937721	0	47.27597	11.38822	22.28256	-95.06226	
27	1.092865	0.937721	0	47.97926	11.06972	26.95953	-97.18753	
28	0.389564	1.172157	0	50.79245	10.00778	29.63806	-101.4825	
29	1.327293	0.937721	0	51.96461	9.804004	29.75312	-104.5207	
30	0.8584287	-2.578766	0	51.26132	9.854468	32.00937	-106.139	
31	-2.189178	-20.86444	0	25.00494	9.689562	33.1392	-100.2514	
32	1.561729	-60.7179	0	-0.3137207	11.73804	33.88591	-83.53146	
33	2.030593	-52.98163	0	7.65697	11.07194	30.8917	-83.01978	
34	3.437179	-42.66663	0	16.33095	11.75509	32.73378	-89.27512	
35	3.202751	-41.72891	0	-0.3137207	11.54513	37.74977	-91.37845	
36	3.202751	-43.1355	0	1.796168	14.46016	42.24825	-93.41693	
37	0.389564	-41.96335	0	-0.07928467	20.4954	44.79645	-95.79434	
38	2.265022	-41.96335	0	-0.07928467	26.11268	45.48752	-101.3454	
39	2.030594	-42.19778	0	0.8584393	29.83309	42.72913	-106.0581	
40	1.796158	-42.19778	0	-0.3137207	32.21544	38.33109	-110.0423	
41	2.030594	-44.77652	0	3.906054	31.88039	36.98735	-111.1036	
42	-1.017029	-36.80585	0	1.56174	32.17458	37.76518	-109.4475	
43	0.6240006	-8.439545	0	-0.07928467	33.72528	40.94555	-111.4217	
44	2.030594	-5.457633E-06	0	0.6240112	32.55379	40.01387	-117.0819	
45	-1.48587	1.172152	0	0.6240112	30.30694	32.03693	-127.735	
46	-3.361328	-5.405671E-06	0	-0.07928467	29.86573	30.92244	-134.8684	
47	-3.8302	-4.219788	0	5.547084	31.08665	30.92966	-130.2502	
48	-6.17453	-0.7033081	0	2.265033	31.80977	31.74013	-121.6096	
49	-17.89612	-0.7033081	0	42.82177	30.8825	33.22337	-113.0954	
50	-24.46024	1.641016	0	89.70817	28.81162	33.43247	-115.4828	
51	-23.28806	1.172152	0	113.8547	28.00311	33.74067	-124.6007	
52	-23.28806	1.40658	0	118.5433	28.47216	33.62835	-124.9546	
53	-23.05365	-1.875458	0	119.0122	28.62298	34.9274	-124.4938	
54	-21.88147	0.7032873	0	118.5433	28.69054	37.42152	-124.6099	
55	-17.89612	0.2344229	0	118.3089	27.79461	38.27243	-123.2818	
56	-17.42728	0.4688513	0	118.5433	27.1385	38.67646	-124.8866	
57	-14.37964	0.2344229	0	107.9939	26.76953	38.84908	-125.6645	
58	-13.91077	-4.68866	0	111.5104	26.79599	38.89698	-125.3675	
59	-16.9584	-0.9377441	0	109.4005	26.70487	38.71931	-125.2277	
60	-13.9108	0.4688512	0	108.6972	26.39039	38.49753	-123.937	
61	-12.97305	1.641016	0	108.9316	26.24018	38.258	-122.5882	
62	-12.73862	1.641016	0	109.166	25.67667	37.90003	-121.746	
63	-12.50421	1.875444	0	108.9316	25.34502	37.49762	-121.7087	
64	-12.03534	-1.406586	0	109.6349	25.00383	37.2271	-122.4253	
65	-14.61407	-0.234436	0	109.166	24.69328	36.78627	-122.3236	
66	-12.73862	0.2344226	0	109.166	23.85939	36.23804	-123.117	
67	-8.049988	0.2344226	0	109.166	23.14938	35.83122	-124.3882	
68	-5.00238	0.2344226	0	109.166	22.19224	35.78417	-124.0892	
69	-3.361328	-2.813202	0	110.3382	21.6667	35.98152	-122.5161	
70	-5.705658	-1.406586	0	108.2283	21.27821	35.88411	-119.8928	
71	-2.892487	-0.234436	0	107.2906	20.88562	35.78326	-117.8912	
72	-1.48587	0.2344226	0	107.525	20.64869	35.65519	-116.045	
73	-2.423615	-0.234436	0	107.2906	20.64067	35.39621	-114.847	
74	-1.017029	0.4688511	0	107.525	20.72216	34.77211	-113.5667	
75	-1.720306	-3.750916	0	108.9316	21.18187	34.29952	-111.6868	
76	-6.643402	0.2344226	0	107.7595	21.97969	33.82099	-110.4565	
77	-2.189178	-5.750252E-06	0	107.2906	23.01823	32.82401	-109.8739	
78	-1.954742	1.641016	0	107.2906	23.96044	31.72475	-108.9536	
79	-1.251465	1.40658	0	107.0562	25.56157	30.29036	-109.0069	
80	-0.7825928	0.7032869	0	107.2906	26.99642	29.2538	-109.5045	
81	-0.5481567	-2.109894	0	107.7594	28.18946	28.66825	-109.9642	
82	-3.361328	0.4688508	0	107.2906	29.35433	28.36715	-110.2793	
83	-1.954742	-0.4688721	0	107.0562	30.71328	28.13127	-110.9028	
84	-1.720306	0.4688508	0	107.2906	32.3333	27.96649	-112.3841	
85	-1.720306	0.2344223	0	107.525	33.37462	27.41438	-114.2435	
86	-2.423615	-3.282043	0	108.6972	34.14169	27.59243	-116.0268	
87	-5.705658	-0.9377441	0	108.2283	35.08652	27.46298	-118.0447	
88	-3.595764	-6.027041E-06	0	107.2906	35.76204	27.64135	-120.6418	
89	-1.720337	1.641016	0	107.525	35.45686	27.80215	-120.7012	
90	-0.5481567	1.641016	0	107.525	34.85162	28.06622	-121.9566	
91	-1.251465	0.7032868	0	107.525	34.81306	28.66277	-122.2465	
92	-1.017029	-1.17218	0	107.9939	34.74744	28.572	-122.9529	
93	-3.126923	0.4688506	0	107.2906	34.49659	28.45359	-123.6999	
94	-1.720306	0.4688506	0	107.525	34.29106	28.28195	-124.2027	
95	-2.423615	0.4688506	0	107.525	34.24046	28.15269	-124.1289	
96	-2.423615	0.4688506	0	107.525	34.2409	28.0541	-123.9257	
97	-1.720306	-2.578766	0	108.9316	34.18655	27.99201	-123.6709	
98	-5.471222	-0.9377441	0	107.9939	33.99088	27.8734	-123.3685	
99	-2.892487	-0.234436	0	107.525	33.70127	27.37444	-122.5992	
100	-1.017029	0.4688504	0	107.525	33.61696	27.19733	-122.1619	
101	-2.423615	-0.234436	0	107.2906	33.47738	27.02772	-121.7382	


Angle MV instances
Rotate	10.88969	10.73456	3.750916	4.454207	5.157515	4.454224	3.516479	2.578735	2.813187	2.34433	11.72159	6.564117	3.985352	3.047638	3.047638	3.047607	2.578735	4.688629	3.047607	2.34433	2.813171	4.923096	4.454224	2.813171	3.282043	2.109894	2.109894	3.750916	2.578735	
ChildRotate	4.454208	3.985352	3.516479	3.985337	18.28568	39.85345	7.736267	10.315	2.578735	7.970673	28.3663	8.439539	4.219782	3.516479	4.923082	3.750916	3.047625	4.219767	3.985338	3.516466	2.344299	3.047616	
RotateInverse	
ChildRotateInverse	4.21978	3.750916	5.860815	3.516479	2.57875	2.8132	3.985358	7.970688	3.282051	7.736259	5.157505	12.89376	8.673988	2.81319	26.25638	25.31866	7.970691	8.673982	16.64467	4.219775	2.344315	5.626369	3.282051	40.55674	46.88639	24.14651	4.688629	10.54945	3.516479	2.109894	2.109894	
Docking x	2.190992	2.755447	2.59271	2.25699	2.460861	3.314672	2.585734	3.259277	2.048477	2.91503	6.035244	5.617277	3.720407	2.382347	2.246851	2.070875	
Docking y	2.067587	2.911074	2.895452	4.676971	2.678526	2.256245	2.994213	5.015987	4.498478	2.548199	2.758385	4.398041	3.180374	7.97694	2.494118	
Docking z	15.02414	14.82169	13.03094	8.842743	11.17856	12.36157	10.60489	3.35965	2.439819	2.125275	4.294922	3.038208	5.887604	16.71994	6.255341	2.103333	2.038483	2.377411	5.551086	4.712708	3.984146	5.660187	10.65311	7.133347	4.618195	8.64061	8.514191	2.387421	9.11792	2.623215	2.001663	2.017868	2.597061	
Total MV Amount	928.335


Angle TRE instances
Rotate	2	9	10	48	69	70	71	76	77	87	88	98	99	
ChildRotate	1	31	44	
RotateInverse	1	
ChildRotateInverse	
Docking x	
Docking y	35	37	39	45	51	52	53	77	
Docking z	43	45	49	51	70	76	84	90	
Total TRE Count	31


Correct Angles	Rotate	ChildRotate	RotateInverse	ChildRotateInverse	Docking x	Docking y	Docking z
	-1.611493E-43	0	0	89.99999	41.1207	38.69956	-115.9961

Angle Error	Rotate	ChildRotate	RotateInverse	ChildRotateInverse	Docking x	Docking y	Docking z
	1.954742	0.234422	0	17.52502	7.845985	11.69461	5.555328

Time Taken	Hours	Minutes	Seconds	Milliseconds	Seconds float	Completion time
	0	0	6	9	6.009149	00h:00m:06s:009ms

Final Results	Tester Name	Time of Test	Dock Shape Style	Virtual Device Visible	Time Taken	Shape Precision %	Orientation Precision %	Overall Precision %	Efficiency %	Difficulty	Total MV	Total TRE	
	0	2018-11-27_19:49:23	Presets_dockPreset_5	True	00h:00m:06s:009ms	97.26192	96.80556	96.44364	90.3799	0.3175738	928.335	31	
