
Angles Over Time
Frames	Rotate	ChildRotate	RotateInverse	ChildRotateInverse	Docking x	Docking y	Docking z	
0	-51.53897	-38.91574	0	87.71374	83.10238	83.37851	158.5753	
1	-52.00781	-39.15015	0	87.47932	83.311	82.81693	157.8755	
2	-51.53897	-39.15015	0	87.24488	83.39764	82.5789	157.6424	
3	-51.53897	-41.49448	0	89.58921	83.33394	83.98424	159.048	
4	-54.11771	-39.61902	0	88.18262	83.21072	84.52481	159.8498	
5	-52.24225	-39.15015	0	87.24488	83.28291	84.57043	159.6654	
6	-51.53897	-38.91574	0	87.71375	83.42532	83.81658	158.7515	
7	-51.77338	-39.15015	0	87.47932	83.82017	81.05262	154.5087	
8	-50.83566	-38.91574	0	87.47932	83.7458	77.42871	147.58	
9	-51.0701	-48.05856	0	89.12035	83.52619	71.28428	137.5054	
10	-45.44373	-53.68494	0	83.25954	83.31023	59.91457	121.2454	
11	-30.90894	-59.31131	0	75.99215	82.99335	52.75072	110.167	
12	-21.76611	-58.60803	0	58.64418	83.08619	39.88005	93.70853	
13	-14.73315	-58.3736	0	46.9226	81.69083	12.21026	59.06441	
14	-9.810059	-54.15381	0	26.29257	76.22659	-8.009583	33.72863	
15	-9.810059	-49.46518	0	17.61859	67.6423	-16.78119	18.80357	
16	-6.762451	-40.55676	0	23.71382	58.62003	-12.87308	13.47297	
17	-1.60495	-33.05493	0	15.03983	49.61106	-10.31439	9.033849	
18	-1.136078	-22.27106	0	0.0361886	39.80144	-9.159637	6.091012	
19	-1.60495	-5.391937	0	0.2706247	30.45082	-7.746399	0.9572393	
20	-1.136078	-3.282074	0	3.787105	24.74355	-6.310425	-4.427094	
21	-2.7771	-1.875458	0	1.442782	23.05466	-6.407013	-5.537109	
22	-0.9016418	-0.234436	0	0.03618898	19.69027	-6.791595	-6.435608	
23	0.2705064	0.9377166	0	-0.1982422	16.85358	-5.634521	-7.152252	
24	1.442671	0.9377166	0	-0.1982422	14.83162	-2.570251	-7.359131	
25	1.442671	-0.234436	0	-0.4326782	11.93895	1.100749	-7.569702	
26	1.442671	-4.68866	0	5.193698	8.291769	4.3363	-8.125183	
27	-1.370514	-1.236936E-05	0	0.5050537	6.448033	6.151659	-7.871399	
28	-0.4328003	-1.236936E-05	0	-0.1982422	5.54962	6.885732	-7.103363	
29	0.03607798	0.9377165	0	-0.4326782	4.291031	6.66873	-7.426453	
30	0.7393708	1.172145	0	0.2706254	3.63041	6.304737	-7.895233	
31	1.208235	1.406581	0	0.2706254	3.317548	5.38367	-7.831909	
32	1.208235	-1.875458	0	1.911647	2.778028	4.540297	-7.614288	
33	-1.136078	-1.247969E-05	0	0.2706253	2.424357	4.03119	-7.086884	
34	0.2705063	-0.4688721	0	-0.1982422	2.257502	3.925394	-6.633575	
35	0.2705063	-1.248634E-05	0	0.2706252	2.271725	3.70384	-5.818512	
36	-0.1983643	-1.248634E-05	0	-0.1982422	2.616035	3.441783	-4.801575	
37	0.03607797	-3.985352	0	3.552669	3.460397	2.771049	-2.848358	
38	-3.714844	-1.641022	0	2.146083	4.209681	2.46942	-1.06958	
39	-1.60495	-1.248516E-05	0	0.5050536	4.342654	2.773951	0.4827222	
40	0.03607828	0.2344159	0	-0.1982422	4.531771	2.875682	2.076888	
41	1.208236	-0.7033081	0	-0.4326782	4.563711	2.590198	2.753028	
42	0.2705066	-0.234436	0	-0.1982422	4.556756	2.517109	2.759267	
43	0.0360782	-3.985352	0	3.552669	4.366755	2.875936	2.494449	
44	-2.542664	-1.17218	0	1.208354	4.246292	2.812176	2.48257	
45	0.03607817	-1.252264E-05	0	-0.4326782	4.216244	2.691065	2.534161	
46	0.2705066	-0.4688721	0	-0.4326782	4.156702	2.802741	2.377657	
47	0.2705066	0.2344159	0	0.5050535	4.122554	2.96574	2.25834	
48	-0.4328003	-0.7033081	0	-0.1982422	3.973115	2.975145	2.110788	
49	0.2705066	-3.282074	0	5.193697	3.826906	2.772068	1.864021	
50	-4.418121	-0.9377441	0	0.973918	3.660104	1.729465	1.530086	
51	0.03607768	-0.234436	0	-0.1982422	3.624936	1.526711	1.343716	
52	0.2705061	-0.234436	0	-0.6671143	3.306006	1.097536	1.157062	
53	0.2705061	-1.241908E-05	0	0.5050535	3.225583	0.8008089	1.006434	
54	-0.4328003	-0.234436	0	-0.1982422	3.314834	0.8057889	1.06833	
55	0.2705061	-4.454224	0	5.896991	3.328114	0.8483371	1.086585	
56	-4.652557	-0.7033081	0	1.911647	3.415042	0.8543876	1.164594	
57	-0.4328003	-0.234436	0	0.03618908	3.522897	0.7729123	1.229026	
58	0.2705057	-1.285994E-05	0	0.03618908	3.631286	1.008477	1.302394	
59	0.2705057	0.2344155	0	0.03618908	3.719989	1.219187	1.348652	
60	0.03607732	-1.285994E-05	0	-0.1982422	3.772892	1.335729	1.365021	
61	-0.6672058	-1.641022	0	1.911647	3.752729	1.425659	1.378792	
62	-1.370514	1.406581	0	-0.1982422	3.755553	1.81037	1.372366	
63	1.442671	0.4688518	0	-0.1982422	3.682814	1.792957	1.369502	
64	1.442671	-1.264642E-05	0	0.2706252	3.682398	1.808982	1.36949	
65	-0.1983643	-1.264642E-05	0	-0.1982422	3.556002	1.814701	1.276513	


Angle MV instances
Rotate	51.53897	2.578735	5.626373	14.53479	9.142822	7.032959	4.923096	3.047607	5.157501	3.750922	2.109894	2.578742	2.578742	4.688628	4.454199	4.923063	4.219757	
ChildRotate	38.91574	2.34433	9.142822	5.626373	5.626373	4.219788	4.688629	8.908417	7.501831	10.78387	16.87912	2.109863	4.454224	4.688647	3.985339	2.34433	3.750916	2.813171	2.578766	2.34433	4.219788	3.750916	
RotateInverse	
ChildRotateInverse	87.71374	2.34433	5.860802	7.267395	17.34797	11.72159	20.63002	8.673981	6.09523	8.673991	15.00364	3.51648	2.344322	5.626376	4.688644	3.750911	3.750911	2.344315	5.39194	4.219779	6.095233	3.985345	
Docking x	83.10238	5.464233	8.58429	9.022274	9.008968	9.80962	9.350624	5.707268	3.364391	2.836685	2.021957	2.892671	3.647183	
Docking y	83.37851	2.763962	3.623909	6.144432	11.36971	7.163845	12.87067	27.66979	20.21984	8.771606	3.908112	2.558685	3.06427	3.235551	
Docking z	158.5753	4.242813	6.928741	10.07463	16.25996	11.07836	16.4585	34.64412	25.33579	14.92505	5.330605	4.439118	2.942836	5.133773	5.384333	
Total MV Amount	1194.921


Angle TRE instances
Rotate	18	
ChildRotate	21	
RotateInverse	1	
ChildRotateInverse	19	26	27	49	50	55	56	
Docking x	30	
Docking y	25	27	32	
Docking z	20	21	36	
Total TRE Count	16


Correct Angles	Rotate	ChildRotate	RotateInverse	ChildRotateInverse	Docking x	Docking y	Docking z
	-9.329547E-18	-6.714956E-36	0	2.785895E-17	0	0	0

Angle Error	Rotate	ChildRotate	RotateInverse	ChildRotateInverse	Docking x	Docking y	Docking z
	0.5049419	3.047638	0	5.896991	3.473539	1.759149	1.066966

Time Taken	Hours	Minutes	Seconds	Milliseconds	Seconds float	Completion time
	0	0	3	880	3.880099	00h:00m:03s:880ms

Final Results	Tester Name	Time of Test	Dock Shape Style	Virtual Device Visible	Time Taken	Shape Precision %	Orientation Precision %	Overall Precision %	Efficiency %	Difficulty	Total MV	Total TRE	
	0	2018-11-27_19:52:38	ZEROING DATA	True	00h:00m:03s:880ms	98.68756	99.47665	98.75006	100	4.132055E-20	1194.921	16	
