
Angles Over Time
Frames	Rotate	ChildRotate	RotateInverse	ChildRotateInverse	Docking x	Docking y	Docking z	
0	0.4743929	-0.4688721	0	118.1593	50.38995	119.3941	-46.40341	
1	-0.9321899	0.4688559	0	118.1593	50.44162	119.3603	-46.56976	
2	0.005528383	0.9377202	0	118.3937	50.42651	119.987	-46.06824	
3	0.7088212	1.172149	0	118.3937	50.3339	120.3492	-45.80304	
4	0.4743928	0.7032843	0	118.6282	50.28079	120.1729	-45.92944	
5	0.7088213	1.172149	0	118.6282	49.92223	120.648	-45.08151	
6	0.4743929	-0.4688721	0	118.1593	49.42168	120.4443	-44.2037	
7	-0.6977844	1.172149	0	118.3937	48.9276	119.0314	-44.63919	
8	0.4743929	1.172149	0	118.3937	48.37569	117.1273	-45.98376	
9	0.7088214	1.641013	0	118.6282	48.27837	117.687	-46.08896	
10	0.9432573	1.641013	0	118.3937	48.57862	119.0375	-44.91449	
11	0.9432573	1.641013	0	118.3937	48.60554	119.8416	-44.00513	
12	0.7088214	0.4688558	0	119.8003	47.66216	118.4343	-45.86044	
13	0.00552849	1.172149	0	120.2692	45.91864	116.9067	-47.98883	
14	0.7088214	1.172149	0	120.2692	43.50875	116.215	-48.30377	
15	0.7088214	0.7032844	0	120.2692	40.7897	112.6802	-50.12155	
16	0.7088214	0.7032844	0	120.2692	38.97892	107.3891	-53.01498	
17	0.7088214	-0.7033081	0	119.8003	38.04332	101.9795	-55.91946	
18	-1.635498	0.7032844	0	120.2692	37.90064	97.40905	-57.616	
19	0.7088214	0.9377203	0	120.2692	38.48759	91.94262	-56.37793	
20	0.4743929	1.641013	0	120.0348	38.61929	79.79652	-55.51343	
21	1.177686	1.875449	0	120.0348	40.02546	74.00667	-52.14325	
22	1.177686	1.641013	0	114.6428	36.50095	68.75948	-55.45044	
23	0.9432573	0.23442	0	98.467	27.50741	67.94537	-55.84366	
24	0.005528504	1.172149	0	81.35347	19.59446	68.68949	-47.63892	
25	0.4743929	0.7032846	0	75.49268	16.74901	65.50131	-38.61133	
26	0.4743929	1.172149	0	69.63188	16.14182	60.68436	-33.88049	
27	0.2399568	0.9377207	0	52.98721	12.97285	56.57948	-28.07919	
28	0.4743929	-0.4688721	0	39.39015	8.081182	50.59293	-19.71667	
29	-0.9321899	0.2344201	0	15.47809	4.98659	45.95993	-8.106232	
30	0.005528332	1.406585	0	3.522058	1.711387	44.29097	2.137785	
31	0.2399567	1.875449	0	3.990922	-0.28125	41.18589	13.25399	
32	-8.199585	1.641013	0	6.569673	1.979513	37.09259	8.010185	
33	-7.965149	2.109878	0	13.60263	0.9648384	34.84427	-2.360016	
34	-6.324127	0.4688561	0	28.84071	2.231374	32.84827	-7.397675	
35	-6.324127	1.172149	0	26.49639	3.748322	30.0967	-6.069855	
36	-7.965149	1.406585	0	24.38651	0.6134291	29.19197	1.768053	
37	-11.24722	1.641013	0	36.57697	2.087053	28.50263	0.7019	
38	-11.48163	1.406585	0	35.87367	3.185209	27.36273	-2.653351	
39	-11.48163	0.2344199	0	0.9433067	3.220535	27.108	-2.860657	
40	-12.41937	0.7032843	0	0.005577915	2.437922	26.86235	-3.517822	
41	-11.9505	1.406585	0	-0.6977234	3.060395	26.61697	-2.780792	
42	-11.24722	-25.08423	0	-0.4632874	1.033495	28.20325	-2.715424	
43	-0.6977844	-28.13184	0	-1.166565	0.3971547	29.96618	-2.300446	
44	0.2399548	-20.3956	0	-1.166565	0.2977335	31.24221	-2.35788	
45	-0.2289124	-9.611725	0	2.115465	0.09634846	31.22877	-2.266388	
46	-2.338806	-3.047638	0	-0.9321594	0.08473312	31.19409	-2.345947	
47	0.005526505	-3.516479	0	-0.9321594	0.2323276	30.39178	-2.305756	
48	0.005526505	-2.578766	0	-0.6977234	0.1314461	27.10689	-2.197968	
49	0.2399549	-2.578766	0	-0.6977234	0.06024994	22.53653	-2.037781	
50	0.4743909	-2.578766	0	-0.6977234	0.002452812	21.22302	-1.972595	
51	0.2399549	-3.516479	0	0.4744425	-0.06283569	21.29825	-1.924988	
52	-1.166626	-2.813202	0	-0.6977234	0.2121521	21.81106	-2.021942	
53	-0.2289124	-2.34433	0	-0.9321594	0.1497808	22.36362	-2.043274	
54	0.005526381	-2.578766	0	-0.9321594	-0.08200073	22.18956	-1.993256	
55	0.005526381	-2.578766	0	-0.9321594	-0.3065491	19.4691	-1.886475	
56	0.005526381	-3.750916	0	1.177735	-0.4560242	14.29531	-1.685852	
57	-1.401062	-2.813202	0	0.005578122	-0.5730896	7.644609	-1.445374	
58	-0.6977844	-1.17218	0	-1.166565	-0.6556702	0.2995248	-1.191803	
59	0.00552628	-0.9377441	0	-1.166565	-0.8045654	-4.546295	-0.9226685	
60	0.00552628	-1.17218	0	-0.9321594	-0.8635254	-9.913757	-0.6586914	
61	0.00552628	-0.234436	0	-0.4632874	-0.8043518	-13.95578	-0.4814758	
62	-0.2289124	-1.17218	0	1.6466	-0.5159912	-16.1412	-0.5067444	
63	-1.869934	-0.4688721	0	0.2400063	-0.5585938	-16.49863	-0.4602966	
64	-0.2289124	0.4688559	0	-0.4632874	-0.4595642	-16.92923	-0.4385986	
65	-0.2289124	0.4688559	0	-0.9321594	-0.5058289	-14.08731	-0.5799561	
66	0.708819	0.9377202	0	-0.6977234	-0.4935303	-10.73517	-0.6909485	
67	0.2399546	0.9377202	0	-0.9321594	-0.4802551	-7.061615	-0.7225037	
68	0.7088191	-0.4688721	0	0.4744425	-0.3881226	-2.287598	-0.8041077	
69	-0.9321899	0.2344197	0	-0.2288513	-0.3270874	2.356568	-0.9711609	
70	0.2399547	0.2344197	0	-0.9321594	-0.3155518	3.142538	-0.9834595	
71	0.005526278	0.4688558	0	-0.4632874	-0.1477356	2.629405	-0.9219055	
72	-0.2289124	-8.644386E-06	0	-1.166565	0.2092673	2.220583	-0.9065552	
73	0.005526287	-1.17218	0	0.005577942	0.07587636	1.802241	-0.84729	
74	-1.401062	-0.7033081	0	0.005577942	0.09086122	1.433535	-0.8083496	
75	-0.6977844	0.4688558	0	-1.166565	0.1098158	0.6074201	-0.7484436	
76	0.005526184	0.4688558	0	-1.166565	0.1877686	0.03267748	-0.6891479	
77	0.005526184	0.4688558	0	-0.6977234	0.1941536	-0.4398804	-0.6425476	
78	-0.2289124	0.4688558	0	-0.2288513	0.133273	-1.049652	-0.5918884	
79	-0.4633484	-1.406616	0	1.412171	0.08314316	-1.557526	-0.5492249	
80	-1.635498	0.2344196	0	-0.9321594	0.1892243	-2.102997	-0.4946289	
81	0.005526166	-8.804522E-06	0	-0.9321594	0.193311	-3.19809	-0.417511	


Angle MV instances
Rotate	8.439542	3.282074	10.54944	2.109894	2.344333	
ChildRotate	26.49081	3.047607	7.736237	10.78387	6.564087	
RotateInverse	
ChildRotateInverse	118.1593	5.391945	16.17581	17.11353	5.860794	5.860794	16.64467	13.59706	23.91206	11.95603	2.578751	7.032959	15.23808	2.344324	2.109884	12.19047	34.93037	
Docking x	50.38995	2.409897	2.719044	3.524509	8.993547	7.912949	2.845449	3.168978	4.891665	3.094591	3.275204	3.134892	2.0269	
Docking y	119.3941	3.534798	5.291153	5.409531	4.570473	5.466431	12.1461	5.789856	5.247192	3.188179	4.816952	4.104877	5.986549	4.632999	3.10508	4.093296	2.248322	2.751577	3.284885	4.570362	2.720457	5.173788	6.650704	7.345084	4.84582	5.367462	4.042023	2.185425	2.841919	3.352142	3.673553	4.774017	
Docking z	46.40341	2.128387	2.893433	2.90448	3.370178	3.30719	8.204742	9.027588	4.730835	5.8013	8.362518	11.61044	10.24402	11.11621	5.243809	10.3702	5.037659	7.837908	
Total MV Amount	912.032


Angle TRE instances
Rotate	1	32	43	
ChildRotate	1	42	46	
RotateInverse	1	
ChildRotateInverse	31	32	39	
Docking x	30	
Docking y	59	60	68	
Docking z	33	34	36	
Total TRE Count	14


Correct Angles	Rotate	ChildRotate	RotateInverse	ChildRotateInverse	Docking x	Docking y	Docking z
	0	0	0	7.721431E-22	0	0	0

Angle Error	Rotate	ChildRotate	RotateInverse	ChildRotateInverse	Docking x	Docking y	Docking z
	0.2399545	0.2344196	0	0.4632874	0.03076172	3.833862	0.2843933

Time Taken	Hours	Minutes	Seconds	Milliseconds	Seconds float	Completion time
	0	0	4	825	4.824569	00h:00m:04s:825ms

Final Results	Tester Name	Time of Test	Dock Shape Style	Virtual Device Visible	Time Taken	Shape Precision %	Orientation Precision %	Overall Precision %	Efficiency %	Difficulty	Total MV	Total TRE	
	1	2018-11-12_12:03:24	ZEROING DATA	True	00h:00m:04s:825ms	99.86977	99.23736	99.5963	100	8.579367E-25	912.032	14	
