
Angles Over Time
Frames	Rotate	ChildRotate	RotateInverse	ChildRotateInverse	Docking x	Docking y	Docking z	
0	-85.82187	-91.89743	0	101.7239	22.72563	45.33606	-134.8625	
1	-85.58746	-92.13187	0	102.1927	22.65731	45.09138	-135.0422	
2	-86.0563	-91.89743	0	101.7239	23.04784	45.05627	-135.1379	
3	-85.58746	-91.89743	0	101.7239	23.85616	44.13584	-135.6613	
4	-85.58746	-91.66299	0	101.7239	24.99455	43.59268	-135.9983	
5	-85.58746	-91.66299	0	101.7239	25.98756	42.74545	-136.7467	
6	-85.58746	-91.66299	0	101.9583	26.81833	41.79139	-138.5647	
7	-85.58746	-91.89743	0	101.9583	27.99744	39.72885	-141.5612	
8	-85.82187	-91.89743	0	101.7239	29.40866	35.91657	-147.7959	
9	-85.58746	-91.89743	0	101.9583	31.85101	29.56352	-157.1927	
10	-85.58746	-91.89743	0	101.7239	34.99718	21.00399	-170.8438	
11	-85.58746	-91.66299	0	101.9583	35.73226	11.62118	177.8887	
12	-85.58746	-91.89743	0	102.1927	31.76574	0.1665594	160.0579	
13	-85.82187	-91.89743	0	102.1927	26.23027	-9.821808	142.8653	
14	-85.82187	-91.89743	0	101.7239	18.91795	-16.62912	133.4708	
15	-85.58746	-91.89743	0	101.7239	16.17708	-24.19153	131.7197	
16	-85.82187	-91.89743	0	101.7239	12.925	-28.45718	129.4167	
17	-85.58746	-91.66299	0	101.7239	9.271377	-31.40662	126.024	
18	-86.29074	-91.89743	0	102.1927	6.2071	-34.52069	124.884	
19	-87.22845	-90.95972	0	101.7239	5.825405	-35.26468	125.8346	
20	-87.69733	-90.72528	0	101.7239	7.363532	-35.66357	124.2535	
21	-87.93176	-89.78754	0	101.9583	7.461339	-34.39911	125.4383	
22	-88.40063	-89.78754	0	101.7239	7.478011	-34.33228	124.5906	
23	-88.63507	-86.50549	0	102.6616	5.977671	-34.66208	120.3844	
24	-90.27609	-73.84616	0	102.1927	4.092556	-34.47763	116.7499	
25	-90.51053	-73.37732	0	101.9583	1.330596	-32.63297	111.7047	
26	-90.51053	-73.14288	0	101.9583	2.033507	-30.74515	110.9454	
27	-90.27609	-73.37732	0	101.9583	1.70723	-33.74173	111.9577	
28	-90.27609	-73.14288	0	101.9583	0.4593676	-36.89676	105.2685	
29	-90.51053	-64.93774	0	102.1928	0.5987572	-35.48538	87.21796	
30	-90.51053	-64.00003	0	101.7239	2.381303	-33.65146	68.15876	
31	-90.27612	-63.76559	0	101.9583	5.043787	-33.33047	63.98056	
32	-90.51053	-64.00003	0	101.7239	5.963157	-33.62518	52.93134	
33	-90.27612	-64.23444	0	101.0206	7.589478	-33.54596	45.44739	
34	-90.04169	-60.71799	0	101.7239	9.020004	-33.48627	42.28249	
35	-90.51053	-37.97809	0	101.255	8.326433	-32.30566	37.59451	
36	-90.51053	-11.72168	0	86.25138	8.710838	-32.35614	32.9839	
37	-90.27612	-0.7033691	0	37.2551	9.09659	-33.76727	34.24068	
38	-90.27612	-0.7033691	0	0.2148453	7.153811	-35.6843	42.97268	
39	-87.69736	-0.7033691	0	0.4492737	5.690119	-35.17215	43.15214	
40	-75.27246	-1.172241	0	1.152574	5.806792	-34.4072	40.76552	
41	-64.95746	0.7032035	0	0.4492737	5.615126	-32.61932	35.56009	
42	-42.21756	0.7032035	0	-0.01959229	4.360406	-31.81396	27.84492	
43	-27.44833	1.406504	0	0.2148454	3.746463	-33.66354	20.72675	
44	-19.94653	1.406504	0	0.2148454	5.442097	-35.39682	18.48892	
45	-19.47766	-0.7033691	0	6.544511	6.051177	-36.93546	16.91162	
46	-22.0564	0.7032035	0	17.32838	4.361935	-37.4198	17.02122	
47	-20.64981	2.109797	0	31.62874	5.722908	-36.6619	2.461111	
48	-12.4447	2.813097	0	31.15987	3.276699	-35.17917	2.585746	
49	-11.74139	2.813097	0	30.22214	2.373047	-35.7327	4.501737	
50	-11.74139	-9.611786	0	-0.01959229	1.034195	-37.73245	4.541381	
51	-9.865936	-13.12827	0	1.387008	0.2965913	-38.2236	4.950763	
52	-9.865936	-26.95978	0	-0.2540283	0.1641203	-37.85907	4.487263	
53	-1.426392	-26.72534	0	-0.01959229	-0.04458618	-37.53195	4.550303	
54	-1.191956	-26.49091	0	0.2148506	-0.3866272	-35.66818	4.397591	
55	-1.660828	-25.55316	0	0.449279	-0.9364624	-30.69626	4.16226	
56	-1.660828	-17.81693	0	2.793601	-1.205994	-26.38483	3.934355	
57	-3.067413	-4.219849	0	1.15258	-1.159576	-25.24188	3.830688	
58	-1.895264	-3.047699	0	-0.2540283	-1.079773	-25.1644	3.764642	
59	-0.9575195	-2.344421	0	-0.01959229	-1.153229	-24.8522	3.677559	
60	-0.01980591	-2.109985	0	-0.01959229	-1.359772	-23.09814	3.649616	
61	-0.2542114	-3.047699	0	0.6837151	-1.703613	-18.32437	3.399547	
62	-1.426392	-6.095306	0	3.73133	-2.018982	-12.79706	3.065731	
63	-3.770721	-3.047699	0	0.2148508	-1.951202	-11.64066	2.977312	
64	-1.191956	-3.282135	0	-0.01959229	-1.902039	-11.63849	2.962951	
65	-1.191956	-3.047699	0	-0.2540283	-1.910278	-11.42017	2.90461	
66	-0.7230835	-3.047699	0	0.2148507	-2.093445	-8.974121	2.780167	
67	-1.191956	-5.392029	0	0.9181437	-2.25473	-5.847992	2.577657	
68	-3.536285	-3.985443	0	1.855873	-2.107758	-5.271851	2.557021	
69	-2.364105	-2.813263	0	-0.2540283	-2.055664	-5.286224	2.530077	
70	-0.2542114	-2.344421	0	0.4492791	-2.034943	-5.28598	2.483205	
71	-0.4886475	-2.578827	0	-0.01959229	-2.014191	-5.285767	2.436334	
72	-0.01980591	-2.109985	0	-0.01959229	-2.021088	-5.287262	2.338067	
73	-0.2542114	-4.219849	0	1.621444	-1.936523	-5.268402	2.29647	
74	-1.895264	-3.047699	0	0.2148507	-1.933441	-5.268738	2.264218	
75	-0.4886475	-3.282135	0	-0.01959229	-1.930359	-5.269043	2.231968	
76	-0.9575195	-3.282135	0	-0.01959229	-1.919983	-5.268982	2.208535	
77	-0.9575195	-3.516571	0	-0.01959229	-1.910461	-5.243927	2.18394	
78	-0.9575195	-5.157593	0	3.262466	-1.826508	-4.565704	2.12235	
79	-3.067413	-3.047699	0	-0.01959229	-1.819031	-4.474548	2.094779	
80	-0.7230835	-3.047699	0	0.6837152	-1.81015	-4.474335	2.087534	
81	-1.426392	-3.047699	0	0.2148508	-1.754211	-4.342102	2.046964	
82	-1.426392	-2.813263	0	0.4492791	-1.728882	-3.893372	2.022635	
83	-0.9575195	-5.626465	0	1.387008	-1.637146	-2.910858	1.951245	
84	-3.301849	-3.047699	0	-0.01959229	-1.655701	-2.356201	1.926091	
85	-0.7230835	-3.047699	0	-0.01959229	-1.750214	-2.359772	1.898462	
86	-0.9575195	-2.344421	0	-0.01959229	-1.764343	-2.360535	1.880456	
87	-0.2542114	-3.047699	0	0.2148507	-1.746307	-2.360168	1.866299	
88	-0.4886475	-2.813263	0	-0.01959229	-1.744354	-2.360352	1.850217	
89	-0.01980591	-3.751007	0	1.387008	-1.742401	-2.360565	1.834136	
90	-1.191956	-2.344421	0	0.2148508	-1.733398	-2.360382	1.827056	
91	-0.4886475	-2.344421	0	-0.01959229	-1.731445	-2.360565	1.810975	
92	-0.01980591	-3.047699	0	0.6837152	-1.729492	-2.360748	1.794893	
93	-1.426392	-3.047699	0	-0.01959229	-1.72049	-2.360596	1.787815	
94	-0.9575195	-5.392029	0	4.434623	-1.727539	-2.360962	1.778812	
95	-4.473999	-3.751007	0	-0.01959229	-1.718536	-2.360779	1.771733	
96	-0.9575195	-3.047699	0	-0.2540283	-1.716583	-2.360992	1.755652	
97	-0.9575195	-3.047699	0	-0.01959229	-1.71463	-2.361176	1.73957	
98	-1.191956	-3.282135	0	-0.01959229	-1.71463	-2.361176	1.73957	
99	-0.9575195	-4.923157	0	3.028037	-1.712708	-2.361359	1.723489	
100	-3.301849	-3.282135	0	-0.01959229	-1.712708	-2.361359	1.723489	


Angle MV instances
Rotate	85.82187	2.578766	12.4249	10.315	22.7399	14.76923	7.501801	2.578735	8.205109	8.439545	2.34433	2.578766	2.34433	2.109894	2.109894	2.34433	2.34433	2.578766	3.516479	3.516479	2.34433	
ChildRotate	91.89743	3.282043	12.65933	8.205139	3.516449	22.7399	26.25641	11.01831	12.42488	3.516479	13.83151	7.736237	13.59708	3.047607	3.047607	2.34433	2.109863	2.109894	2.813202	2.578766	2.34433	
RotateInverse	
ChildRotateInverse	101.7239	15.00365	48.99628	37.04025	6.329666	10.78387	14.30036	30.24174	2.344322	3.047615	3.516479	3.282058	3.282058	4.454216	4.454216	3.04763	3.04763	
Docking x	22.72563	2.442348	3.146175	3.96652	5.535467	7.312323	2.740875	3.252071	3.653628	3.064276	2.76196	2.662484	2.446208	
Docking y	45.33606	2.062546	3.812279	6.353048	8.559532	9.382808	11.45462	9.988367	6.807312	7.562408	4.265656	2.949432	3.114075	2.996582	3.155029	4.971924	4.311432	4.773773	5.527313	2.446045	3.126129	
Docking z	134.8625	2.99649	6.23468	9.39682	13.65112	348.7325	17.83084	17.19254	9.394501	2.302948	3.392708	4.206207	3.634514	5.045181	6.689209	18.05054	19.0592	4.178204	11.04922	7.483948	3.164902	4.687973	4.610611	8.731998	2.386623	5.205425	7.715178	7.118164	2.237829	14.56011	
Total MV Amount	1673.949


Angle TRE instances
Rotate	54	
ChildRotate	38	50	57	62	63	67	68	78	79	83	84	94	95	
RotateInverse	1	
ChildRotateInverse	39	45	50	
Docking x	25	31	42	44	46	47	48	
Docking y	78	
Docking z	48	
Total TRE Count	26


Correct Angles	Rotate	ChildRotate	RotateInverse	ChildRotateInverse	Docking x	Docking y	Docking z
	-4.076242E-28	-1.611493E-43	0	4.076242E-28	0	0	0

Angle Error	Rotate	ChildRotate	RotateInverse	ChildRotateInverse	Docking x	Docking y	Docking z
	0.9575195	3.047699	0	0.01959229	1.712708	2.361359	1.723489

Time Taken	Hours	Minutes	Seconds	Milliseconds	Seconds float	Completion time
	0	0	5	960	5.960276	00h:00m:05s:960ms

Final Results	Tester Name	Time of Test	Dock Shape Style	Virtual Device Visible	Time Taken	Shape Precision %	Orientation Precision %	Overall Precision %	Efficiency %	Difficulty	Total MV	Total TRE	
	1	2018-11-12_11:42:39	ZEROING DATA	True	00h:00m:05s:960ms	99.441	99.24355	99.22044	100	9.058316E-31	1673.949	26	
