
Angles Over Time
Frames	Rotate	ChildRotate	RotateInverse	ChildRotateInverse	Docking x	Docking y	Docking z	
0	-49.0116	-99.63354	0	88.36517	22.60722	71.31894	153.8243	
1	-48.54272	-99.86798	0	88.13074	22.63596	71.33353	153.3282	
2	-48.30832	-99.86798	0	88.13074	22.96136	71.67736	152.7972	
3	-48.30832	-99.86798	0	88.13074	23.58637	72.0228	152.14	
4	-48.30832	-99.86798	0	88.13074	25.36787	72.27054	150.395	
5	-48.30832	-99.39911	0	88.36517	28.79826	71.53477	146.7733	
6	-49.0116	-99.63354	0	88.13074	34.11378	68.49937	137.0948	
7	-45.96399	-99.63354	0	88.36517	39.26175	62.17736	119.93	
8	-21.34863	-90.95953	0	88.13074	43.03437	51.04916	89.08777	
9	-1.421906	-70.32953	0	79.69118	41.83152	42.76862	74.40412	
10	-0.4841919	-34.22702	0	79.45675	34.88705	26.43005	46.65438	
11	-0.4841919	3.985414	0	79.92562	28.75169	15.95988	20.29179	
12	-2.125214	4.688706	0	58.59232	20.12102	10.63388	2.998258	
13	-0.4841919	4.923143	0	19.20773	13.23992	8.621978	3.781705	
14	-0.01531982	4.688706	0	-1.656708	9.306345	8.456861	12.38901	
15	-0.7185974	4.219842	0	-2.12558	11.50834	8.441559	13.82629	
16	-0.2497559	3.282113	0	-0.01568604	12.69569	7.931995	11.70508	
17	-1.890778	3.985414	0	-1.422272	5.82435	7.032232	9.518206	
18	-0.2497559	4.454278	0	-2.594421	5.584422	8.127528	10.75964	
19	-0.2497559	4.923143	0	-2.12558	5.604154	6.87081	12.90898	
20	0.2191197	5.157571	0	-2.12558	4.54662	5.055782	16.62792	
21	-19.70761	5.157571	0	-1.656708	3.561571	4.358458	18.01245	
22	-20.41089	3.750978	0	-0.7189941	4.498855	4.431869	14.78595	
23	-21.34863	4.219842	0	8.658296	5.228594	3.875585	9.53703	
24	-15.72226	-10.08051	0	10.29932	4.474299	3.746599	0.9555389	
25	-4.938385	-10.31494	0	9.830462	3.048869	4.493462	2.421744	
26	-2.359619	-10.31494	0	8.189432	3.448322	5.516553	0.8915628	
27	-2.359619	-11.48709	0	-0.01568604	2.662172	6.026886	1.682458	
28	-1.421906	1.172227	0	-0.9533997	1.839764	5.342907	1.056348	
29	-0.7185974	1.875519	0	-1.891144	-0.09942627	4.414729	1.363513	
30	-0.2497559	2.344384	0	-2.360016	-0.07214355	4.423007	1.308069	
31	0.6879827	1.406662	0	-2.12558	0.01139303	4.424088	1.263922	
32	-0.01531982	1.875519	0	-1.891144	-0.1085205	4.492976	1.199464	
33	-0.01531982	6.893298E-05	0	0.6876083	-0.1722717	4.580362	1.145804	
34	-2.125214	1.875519	0	-1.422272	-0.1701355	4.563746	1.113733	
35	-0.01531982	1.641091	0	-2.12558	-0.1730042	4.319944	1.109483	
36	-0.01531982	2.57882	0	-2.12558	-0.1504211	3.695405	1.080297	
37	0.6879829	2.57882	0	-1.891144	-0.1477051	2.810736	1.062379	
38	0.2191184	2.109955	0	-2.12558	-0.1620178	1.560957	1.041739	
39	-0.01531982	-0.234375	0	0.4531799	-0.1822205	0.5953476	1.016579	
40	-1.890778	1.875519	0	-1.891144	-0.1729431	0.5627862	0.9929941	
41	-0.01531982	1.875519	0	-2.12558	-0.180542	-0.2801819	1.014857	
42	-0.01531982	1.641091	0	-2.360016	-0.0642395	-2.740662	1.103046	
43	0.6879827	2.57882	0	-2.12558	0.05521268	-2.657684	1.060387	
44	0.6879827	2.57882	0	-1.891144	0.3980069	-2.408661	0.9821525	
45	0.4535466	0.7033617	0	-1.187836	-0.0246582	-1.947174	0.9854047	
46	-0.7185974	1.875519	0	-2.12558	-0.100769	-1.382111	0.9279518	
47	-0.01531982	2.109955	0	-1.656708	-0.1380005	-1.13974	0.9239067	
48	-0.2497559	1.875519	0	-2.12558	-0.1546936	-1.116028	0.9072433	
49	-0.01531982	2.109955	0	-2.12558	-0.1627197	-1.116272	0.8990934	
50	-0.01531982	0.2344972	0	0.6876085	-0.1626282	-1.116516	0.8828909	
51	-1.890778	2.109955	0	-1.656708	-0.15448	-1.116455	0.8748379	
52	-0.2497559	1.875519	0	-1.656708	-0.1463318	-1.116394	0.866785	
53	-0.2497559	1.875519	0	-1.891144	-0.1300354	-1.116333	0.850679	
54	-0.2497559	1.875519	0	-2.12558	-0.1300354	-1.116333	0.850679	
55	-0.01531982	0.2344973	0	-0.2501221	-0.1300354	-1.116333	0.850679	
56	-1.421906	1.641091	0	-2.12558	-0.1299133	-1.116547	0.8344766	


Angle MV instances
Rotate	49.0116	3.047607	24.61536	19.92673	19.92673	5.626373	10.78387	2.578766	2.109894	2.109894	
ChildRotate	99.63354	8.674011	20.63	36.10251	38.21243	14.30035	12.65932	
RotateInverse	
ChildRotateInverse	88.36517	8.43956	21.33331	39.38458	20.86444	2.109894	9.37729	8.205118	
Docking x	22.60722	3.430393	5.315517	5.147976	3.772621	6.944466	6.135366	8.630665	6.881106	3.933572	2.201992	6.871336	
Docking y	71.31894	3.035408	6.32201	11.12819	8.280544	16.33857	10.47017	5.326004	2.011899	2.46048	
Docking z	153.8243	3.621613	9.678574	17.16476	30.84224	14.68365	27.74974	26.36259	17.29353	8.607301	2.121203	2.186878	2.149338	3.718936	3.2265	5.248919	8.581491	
Total MV Amount	1123.654


Angle TRE instances
Rotate	10	21	25	
ChildRotate	12	20	22	24	28	
RotateInverse	1	
ChildRotateInverse	15	23	27	
Docking x	21	23	24	
Docking y	22	26	29	
Docking z	13	14	24	
Total TRE Count	20


Correct Angles	Rotate	ChildRotate	RotateInverse	ChildRotateInverse	Docking x	Docking y	Docking z
	-1.414678E-15	-1.506669E-31	0	4.062887E-15	0	0	0

Angle Error	Rotate	ChildRotate	RotateInverse	ChildRotateInverse	Docking x	Docking y	Docking z
	0.01531982	1.875519	0	2.360016	0.1299133	1.116547	0.8344766

Time Taken	Hours	Minutes	Seconds	Milliseconds	Seconds float	Completion time
	0	0	3	352	3.351996	00h:00m:03s:352ms

Final Results	Tester Name	Time of Test	Dock Shape Style	Virtual Device Visible	Time Taken	Shape Precision %	Orientation Precision %	Overall Precision %	Efficiency %	Difficulty	Total MV	Total TRE	
	1	2018-11-12_11:49:56	ZEROING DATA	True	00h:00m:03s:352ms	99.40961	99.6387	99.49747	100	6.086184E-18	1123.654	20	
