
Angles Over Time
Frames	Rotate	ChildRotate	RotateInverse	ChildRotateInverse	Docking x	Docking y	Docking z	
0	-128.9375	-46.41757	0	0.2344511	-0.03948975	0.06258798	0.1000709	
1	-0.8034058	0.4688644	0	-1.037842	0.135299	0.0437224	0.1533823	
2	-1.272278	0.4688644	0	-0.8034058	0.2149625	0.1139753	0.2961271	
3	-1.506714	0.4688644	0	-1.037842	0.427583	0.2022149	0.3638929	
4	-1.037842	0.2344322	0	-1.037842	0.5631034	0.2658474	0.4732481	
5	-1.272278	-0.4688721	0	1.306479	0.4797707	0.4325152	0.6325489	
6	-0.3345337	-1.067208E-07	0	-0.1001282	0.5987159	0.3359994	0.3160865	
7	-0.8034058	0.4688643	0	-0.5689697	1.016094	-0.1358643	-0.7595825	
8	9.5116	0.4688643	0	-0.8034058	2.42566	-0.8285522	-4.624756	
9	28.73502	0.4688643	0	-0.8034058	5.044387	-2.784454	-9.566833	
10	48.19287	0.2344321	0	-1.272278	7.418396	-3.855316	-14.50098	
11	66.24413	13.36262	0	1.306479	9.888639	-4.681976	-18.28314	
12	77.26244	50.16844	0	-0.1001282	12.3411	-5.232941	-22.94672	
13	83.5921	51.10617	0	-1.272278	16.51618	-8.634979	-28.74823	
14	93.67268	52.0439	0	-1.037842	19.44595	-11.15262	-32.41504	
15	96.7203	51.57504	0	-1.037842	23.1664	-13.62268	-35.49625	
16	97.89246	51.10617	0	-1.037842	28.62932	-19.46082	-41.039	
17	97.89246	48.99629	0	1.775344	32.68631	-25.47104	-45.58304	
18	96.7203	51.10618	0	-0.5689697	36.52311	-28.53595	-47.36554	
19	97.65803	50.63731	0	-1.037842	45.64355	-36.82132	-50.48486	
20	97.4236	51.57504	0	-1.272278	58.45473	-48.81863	-60.36273	
21	94.14154	52.0439	0	-1.037842	72.32947	-75.97607	-86.93219	
22	93.67268	51.34061	0	-1.272278	75.40167	-128.8799	-141.1484	
23	93.67268	50.40288	0	0.1343142	72.33488	-147.9419	-159.8993	
24	92.50052	51.34061	0	-1.272278	73.25291	-147.9301	-156.5304	
25	88.74961	50.87174	0	-1.272278	75.34383	-146.6753	-151.4	
26	83.82655	51.3406	0	-0.8034058	76.99701	-143.366	-146.0295	
27	77.02802	51.10617	0	-1.037842	78.44273	-127.1029	-119.0559	
28	70.22948	49.46515	0	0.8376144	79.98788	-117.3331	-111.1613	
29	69.5262	49.93401	0	0.134314	77.83819	-130.7119	-126.8867	
30	69.76063	50.63731	0	-1.272278	78.97134	-125.5596	-122.2637	
31	70.22949	51.80947	0	-1.272278	80.53696	-103.2085	-100.1395	
32	70.69836	51.80947	0	-0.8034058	81.89941	-96.44763	-93.95087	
33	70.46394	51.10617	0	-0.5689697	82.95658	-103.1718	-103.5311	
34	70.46394	48.76186	0	2.009771	82.63801	-98.06671	-102.9464	
35	81.2478	50.63731	0	2.9475	79.40506	-74.6073	-93.97598	
36	115.006	51.10618	0	13.02807	73.98921	-70.10147	-109.7408	
37	131.8851	51.80947	0	19.59217	69.84895	-72.37918	-118.6219	
38	132.5884	51.80947	0	20.29547	69.27666	-66.91705	-114.349	
39	132.354	51.34061	0	15.60683	65.98027	-61.60477	-108.2528	
40	132.5884	50.40288	0	0.1343128	62.74877	-64.47318	-110.0581	
41	131.4163	51.34061	0	-0.5689697	61.58538	-69.00354	-115.4487	
42	132.1196	51.57504	0	-0.8034058	59.63399	-70.83377	-118.3621	
43	132.1196	51.10617	0	-0.5689697	55.68884	-70.36267	-118.5833	
44	132.354	51.34061	0	-1.037842	48.6997	-66.17474	-114.0427	
45	132.354	49.93401	0	0.8376132	39.49094	-61.15573	-107.9136	
46	130.713	50.40287	0	0.3687489	31.6827	-59.42581	-105.9954	
47	131.1818	51.3406	0	-1.272278	28.53875	-61.47437	-108.4946	
48	132.354	51.80947	0	-1.272278	27.24335	-62.32327	-108.8994	
49	133.0573	51.57503	0	-1.272278	24.08061	-63.90295	-109.7468	
50	133.0573	51.3406	0	-0.5689697	20.47279	-66.62915	-109.4669	
51	131.8851	48.76185	0	1.775342	18.99247	-68.05005	-107.9974	
52	130.0097	51.10617	0	-1.506714	19.1776	-67.99841	-107.6429	
53	132.354	51.3406	0	-1.037842	20.73126	-68.17786	-107.6037	
54	132.8229	51.80947	0	-1.037842	22.98803	-68.41635	-107.9371	
55	132.8229	51.80947	0	-1.272278	24.83828	-67.89801	-108.4255	
56	132.8229	51.57503	0	-1.272278	29.22796	-67.71906	-109.3109	
57	132.8229	50.40287	0	-0.1001282	32.49162	-66.54425	-109.86	
58	131.6507	50.87174	0	-0.8034058	34.52234	-66.32272	-111.3387	
59	132.354	50.6373	0	-1.272278	37.64548	-68.80756	-114.1439	
60	132.354	50.87174	0	-1.037842	41.99802	-75.11472	-119.6909	
61	132.8229	51.10617	0	-1.272278	47.42665	-87.12497	-129.239	
62	132.5884	49.46515	0	0.6031774	52.1051	-97.38846	-133.7976	
63	130.9474	49.93401	0	-0.1001282	55.79579	-106.9314	-135.8442	
64	131.8851	50.87174	0	-1.506714	53.80075	-119.484	-145.6449	
65	132.5884	51.80947	0	10.91819	51.18326	-124.492	-152.5164	
66	132.8229	51.10617	0	10.68376	51.68068	-129.0243	-155.7199	
67	133.2917	51.80947	0	12.55921	43.38914	-138.9516	-170.6389	
68	133.0573	50.40287	0	16.54455	31.29052	-146.248	-178.1687	
69	127.4309	50.6373	0	15.37239	19.14638	-152.5771	177.887	
70	128.3687	49.23072	0	17.24785	10.53033	-157.5059	177.8239	
71	127.8998	41.72889	0	18.42001	4.923877	-160.0369	-179.1803	
72	128.1342	37.97798	0	18.88887	-1.164368	-159.4047	-177.0072	
73	128.1342	36.80582	0	20.06103	-3.580322	-158.4677	-176.5765	
74	126.4932	35.86809	0	19.8266	-4.023743	-158.4095	-177.0353	
75	126.7276	29.304	0	18.42001	-6.71875	-161.1033	-174.9407	
76	127.4309	26.49082	0	18.42001	-9.204834	-160.623	-173.5394	
77	127.8998	27.19411	0	18.42001	-9.825104	-160.3878	-173.8267	
78	127.8998	26.95968	0	18.42001	-9.012726	-160.2451	-173.8258	
79	127.8998	26.02195	0	19.35774	-8.918579	-160.2522	-174.2605	
80	126.7276	26.72524	0	18.88887	-8.967407	-160.2234	-175.1597	
81	126.9621	26.25638	0	18.42001	-8.454529	-160.1542	-175.7637	
82	127.4309	26.72524	0	18.88887	-6.929413	-160.0373	-175.8044	
83	127.1965	26.49082	0	18.65445	-5.667419	-159.9189	-175.9771	
84	127.4309	25.78751	0	19.8266	-4.815918	-159.7818	-175.5151	
85	124.6178	26.02195	0	19.35774	-2.37796	-159.9381	-174.8548	
86	122.039	37.74355	0	18.88888	7.791894	-160.21	-177.3712	
87	122.5079	44.07321	0	18.18559	31.6036	-162.9194	178.6092	
88	123.2112	47.12083	0	6.698419	56.45248	-169.6563	177.1518	
89	119.2258	50.87174	0	6.698419	53.92823	-167.9372	-179.405	
90	115.4749	49.46515	0	7.870576	53.90487	-168.0458	179.7002	
91	114.0683	49.93401	0	6.698419	55.04481	-168.3279	179.9142	
92	113.1306	50.16844	0	6.463984	55.02137	-168.0361	-178.5561	
93	108.9108	50.16844	0	6.698419	54.79697	-167.9064	-177.213	
94	107.0354	49.93401	0	6.463984	54.59404	-167.8508	-177.0815	
95	107.0354	48.29299	0	6.69842	54.51536	-167.8003	-177.1055	
96	105.6288	49.46515	0	7.636149	54.44573	-167.6253	-176.9281	
97	106.5665	50.40287	0	6.463985	53.90367	-167.5785	-176.7288	
98	106.3321	50.16844	0	6.69842	52.87488	-167.689	-176.8461	
99	105.1599	49.93401	0	6.463985	51.94502	-168.0224	-176.7534	
100	103.2845	49.93401	0	6.463986	51.48723	-168.464	-176.631	
101	101.6434	48.05855	0	8.573872	50.72537	-168.6245	-176.5372	
102	100.4713	50.16844	0	6.698421	50.35688	-168.8915	-176.8868	
103	101.6434	50.16844	0	6.698421	50.00488	-169.7052	-177.798	
104	101.1746	50.87175	0	6.698421	49.91017	-169.989	-178.1667	
105	101.409	50.87175	0	6.229556	49.26207	-170.4621	-179.1536	
106	101.1746	50.63731	0	5.291827	48.63882	-172.0021	178.2736	
107	101.6434	49.23072	0	6.463985	46.92794	-173.634	176.8174	
108	97.18923	49.69957	0	5.526255	45.59714	-174.2773	175.4859	
109	96.9548	50.16844	0	5.760692	44.47533	-174.461	173.953	
110	96.72038	50.16844	0	5.995121	43.63317	-174.0224	173.8947	
111	96.72038	50.16844	0	5.526256	43.34953	-173.5043	173.873	
112	96.95481	48.29299	0	7.636151	43.12725	-173.9079	172.3929	
113	96.01708	49.46515	0	6.93285	43.0556	-174.5716	170.4493	
114	96.25151	50.16844	0	5.760693	43.38118	-174.942	169.3491	
115	96.72038	50.87174	0	6.229557	42.24127	-173.8367	169.5713	
116	93.9072	49.93401	0	6.229557	38.28424	-172.0186	170.5361	
117	89.21856	49.93401	0	11.15263	31.99606	-172.4964	170.0894	
118	79.37241	48.05855	0	14.43467	25.25668	-174.2124	170.1616	
119	64.83762	48.99628	0	14.20024	13.6779	-173.4081	167.6879	
120	58.97683	50.16844	0	13.49694	6.365297	-173.3413	165.3988	
121	53.58489	50.87174	0	13.96581	2.708143	-171.3154	163.8716	
122	53.11603	50.6373	0	13.73138	1.401947	-167.7222	163.2701	
123	53.11603	49.93401	0	13.49695	-1.685089	-165.2642	164.8262	
124	52.8816	49.23072	0	17.95115	-3.175446	-163.003	164.7095	
125	52.64716	50.16843	0	17.24786	-1.089752	-163.4375	164.7863	
126	52.8816	50.6373	0	15.37241	3.028707	-164.7596	170.3322	
127	52.8816	50.6373	0	1.540917	11.95088	-170.8091	175.5458	
128	52.8816	50.6373	0	-1.272247	29.86924	177.6889	175.4186	
129	54.99148	49.23072	0	0.603188	43.26481	170.9966	167.6413	
130	68.58853	49.93401	0	-0.3345337	58.63372	152.5204	147.9371	
131	87.57753	50.40287	0	-1.272247	63.34535	138.7871	127.7108	
132	96.72038	50.87173	0	-1.037842	62.61966	136.4089	118.5622	
133	110.5519	51.3406	0	-0.8034058	63.15586	132.2943	111.6635	
134	115.2405	50.6373	0	-1.037842	63.15216	133.1933	112.5788	
135	115.2405	48.05855	0	2.009781	63.48425	132.4525	112.9886	
136	113.3651	50.40287	0	-1.037842	64.8518	126.9361	108.3253	
137	118.2881	50.6373	0	-1.037842	66.51886	118.6239	99.30206	
138	121.3357	51.10616	0	-1.272247	67.91731	111.8522	92.96809	
139	122.7423	45.24537	0	-0.8034058	70.04012	110.3254	94.10095	
140	122.5079	39.85344	0	-1.272247	69.79346	117.9973	101.8669	
141	128.6031	29.06956	0	-0.1000977	62.95152	125.8369	108.9928	
142	129.5409	28.83513	0	-1.272247	57.48042	110.9245	95.05828	
143	130.9475	14.53478	0	-1.037842	56.2838	109.5366	92.78189	
144	130.713	11.95602	0	-1.272247	57.21393	108.1751	94.4727	
145	130.9475	30.94502	0	-1.037842	57.85681	101.9792	91.22082	
146	131.4163	49.23072	0	0.1343233	56.52206	89.24882	76.26828	
147	129.5409	50.6373	0	-0.1000977	47.01957	67.96313	59.00795	
148	130.713	51.3406	0	-0.8034058	35.30308	57.57663	53.70714	
149	131.1819	48.52742	0	-1.037842	31.71475	54.28864	53.58173	
150	132.1196	48.05855	0	-1.037842	31.28974	54.80111	58.9144	
151	125.0867	48.99628	0	-0.5689697	28.64844	51.56524	63.02107	
152	115.2405	47.12082	0	2.244217	22.10887	43.72492	62.52055	
153	113.5995	48.29299	0	-0.3345337	18.60454	37.68497	61.73305	
154	115.0061	49.46514	0	-1.272278	20.37181	36.61218	62.10662	
155	115.0061	49.69957	0	-1.272278	19.11022	36.51807	65.71404	
156	109.1453	51.10617	0	-0.8034058	17.08557	39.25327	77.02214	
157	95.54823	50.87174	0	-0.8034058	15.36281	43.10085	87.22692	
158	92.50062	42.90105	0	2.244217	11.16755	41.09789	95.92429	
159	91.32846	36.10252	0	-1.272278	9.106822	37.13113	104.9426	
160	91.09403	33.7582	0	-1.037842	8.6123	33.04728	116.7541	
161	83.5922	34.22706	0	-1.272278	8.719663	30.34607	127.699	
162	70.46402	34.22706	0	-0.5689697	8.233324	27.4526	136.4738	
163	66.7131	28.36627	0	-0.8034058	7.199586	24.53337	141.4298	
164	66.7131	12.42489	0	0.3687592	7.296582	24.00395	149.6058	
165	66.24424	1.406584	0	-1.506683	7.913408	22.47117	156.4013	
166	66.47867	-2.109894	0	-1.272278	8.730865	20.29392	162.4554	
167	66.47867	-2.34433	0	-1.037842	9.129913	18.6548	166.9957	
168	66.47867	-3.750916	0	-1.272278	9.658422	17.81271	170.3916	
169	65.77538	-5.626373	0	1.306488	9.864789	17.43369	171.8343	
170	65.07208	-6.095245	0	-0.1000977	9.453876	17.11572	172.9813	
171	64.83765	-5.626373	0	-1.272278	9.86595	16.0816	173.7746	
172	62.72776	-5.626373	0	-1.037842	11.80605	14.30479	176.8415	
173	61.32117	-5.860809	0	-1.037842	14.37868	12.30385	178.3974	
174	61.32117	-5.626373	0	-1.272278	16.28251	11.18914	-179.8943	
175	61.32117	-5.860809	0	-0.1000977	18.37848	9.85954	-176.8898	
176	61.08673	-5.860809	0	-1.037842	20.59882	9.162155	-173.3285	
177	61.32117	-5.860809	0	-1.272278	21.48635	9.327246	-172.6019	
178	61.32117	-5.626373	0	-0.5689697	21.63589	9.758438	-171.1781	
179	61.08673	-5.860809	0	-1.272278	21.03057	10.20955	-170.3104	
180	61.32117	-6.329681	0	0.3687589	19.16663	11.69912	-168.7762	
181	61.08673	-5.860809	0	0.1343229	16.57148	13.86635	-167.9128	
182	60.61787	-5.860809	0	-1.272278	14.4433	17.1781	-163.2178	
183	58.97685	-5.626373	0	-1.272278	12.73275	19.43799	-162.7354	
184	58.97685	-5.860809	0	-0.8034058	12.70908	15.91453	-165.6316	
185	58.97685	-5.860809	0	-1.272278	13.07496	11.49963	-167.7554	
186	58.97685	-6.564117	0	2.244217	13.43886	11.30412	-168.5027	
187	57.57026	-5.626373	0	0.134323	13.69645	11.60573	-169.0408	
188	55.6948	-5.860809	0	-0.8034058	14.07323	11.32352	-170.4828	
189	54.05378	-5.626373	0	-1.272278	13.56254	11.17511	-172.394	
190	51.9439	-5.860809	0	-1.037842	12.7798	11.08007	-171.5116	
191	51.2406	-9.611725	0	-1.037842	11.27806	11.17557	-169.6285	
192	51.2406	-14.53479	0	-0.3345337	9.948704	11.51796	-168.0286	
193	51.2406	-14.06592	0	-0.5689697	8.41713	12.33722	-167.6198	
194	51.00616	-15.00366	0	-0.5689697	8.212455	14.15606	-167.3433	
195	51.00616	-15.00366	0	-1.272278	8.484881	15.31323	-166.593	
196	51.00616	-15.47253	0	-1.272278	9.443413	15.73363	-165.819	
197	51.00616	-15.70694	0	1.072052	11.24633	15.98422	-165.5621	
198	50.77173	-15.70694	0	0.1343229	13.70991	15.64771	-164.2316	
199	50.30287	-15.47253	0	-1.272278	16.35593	15.91574	-163.0879	
200	48.19299	-15.70694	0	-1.037842	17.95049	16.32292	-161.7213	
201	43.26992	-15.47253	0	-0.5689697	18.36242	17.61035	-160.0979	
202	39.75344	-15.47253	0	-1.037842	16.68528	19.53251	-158.2784	
203	38.8157	-15.94138	0	2.478645	13.41927	22.22855	-159.4404	
204	39.519	-15.47253	0	0.3687588	8.594683	26.82323	-161.9434	
205	39.05014	-15.47253	0	-1.037842	7.343861	31.60017	-165.9434	
206	39.28457	-15.47253	0	-1.272278	6.733674	35.96305	-168.1675	
207	39.28457	-15.2381	0	-1.037842	7.659854	41.75341	-172.0399	
208	39.05014	30.00729	0	10.2149	9.403705	48.87025	-171.6311	
209	27.32854	51.57503	0	21.23321	7.828876	56.4556	-169.9946	
210	24.74979	52.7472	0	28.96946	5.893754	58.63293	-171.2276	
211	20.29558	52.7472	0	29.2039	2.947834	69.14896	-172.2204	
212	20.53001	52.7472	0	29.2039	1.439153	84.41354	-174.638	
213	20.53001	52.7472	0	29.43832	1.563014	99.63676	179.5352	
214	20.29558	51.10617	0	31.07935	1.360787	111.5506	176.0191	
215	20.29558	51.80946	0	30.14162	1.440143	120.9508	176.2932	
216	19.82672	52.74719	0	29.43832	2.663382	128.4158	177.1827	
217	19.82672	53.45049	0	36.00243	3.317898	132.5812	178.7622	
218	19.35785	52.98162	0	37.64345	7.093431	134.3755	175.7726	
219	19.35785	53.45049	0	37.64345	10.38929	139.6628	171.3934	
220	27.09411	51.80946	0	55.92915	16.28557	139.6642	148.762	
221	58.97687	52.51276	0	59.68006	25.4319	136.6388	125.5764	
222	78.90358	47.12082	0	60.14891	29.50194	138.1981	122.5075	
223	89.92189	16.64466	0	59.91448	31.91312	143.3907	123.722	
224	109.6142	12.89375	0	59.91448	34.50697	144.1467	120.2278	
225	115.7094	11.95602	0	60.85222	35.23136	147.965	118.0386	
226	118.0537	12.42488	0	60.61779	34.05775	154.8169	120.8279	
227	125.79	20.86444	0	61.78995	30.5697	163.3932	125.1934	
228	128.6032	51.57502	0	62.96211	28.73053	166.884	124.8735	
229	131.1819	51.3406	0	64.60314	24.29922	171.9264	129.0296	
230	131.1819	51.57502	0	69.05734	20.43462	175.2105	129.9786	
231	131.4164	49.93401	0	72.33939	15.3645	179.668	130.0628	
232	129.5409	50.63729	0	72.10497	13.92938	-178.4385	130.2762	
233	130.4787	50.40287	0	72.57383	10.0793	-174.7844	133.4843	
234	130.7131	47.12082	0	72.57383	8.528903	-173.5263	136.4551	
235	130.4787	43.60434	0	73.27712	6.760565	-171.9271	138.8237	
236	130.7131	37.27468	0	74.44928	4.452108	-170.6106	140.9467	
237	128.8376	32.82047	0	74.21486	-0.5805664	-168.2064	143.2602	
238	129.7754	31.88274	0	73.98042	-5.202728	-166.3185	145.1785	
239	130.4787	32.11717	0	76.09031	-6.085419	-166.3192	142.9139	
240	130.7131	32.58604	0	80.54453	-7.603485	-164.0777	138.7209	
241	130.4787	32.58604	0	81.01339	-10.59283	-161.0882	134.919	
242	130.7131	31.41388	0	81.48225	-13.60437	-158.4052	132.6038	
243	129.3065	31.88274	0	80.54452	-12.8642	-160.3517	132.4287	
244	130.7131	31.88274	0	70.46394	-8.877625	-166.2565	141.105	
245	130.2442	29.06956	0	52.64711	-5.38028	-171.211	148.3487	
246	130.7131	20.63001	0	25.21857	-1.366241	-177.8895	157.4957	
247	130.4787	12.19045	0	5.526275	-1.039612	177.6921	167.897	
248	129.5409	12.65932	0	4.119681	-4.619324	175.4379	170.8752	
249	130.2442	12.65932	0	3.181961	-7.98114	175.2572	170.2718	
250	130.9475	12.65932	0	2.947524	-8.495087	176.4297	168.8485	
251	131.6508	12.89375	0	3.650817	-10.60059	178.9416	167.1765	
252	130.4787	15.94136	0	14.66913	-12.76053	-177.5815	161.9676	
253	116.8816	39.15013	0	22.87424	-13.83319	-174.8793	156.3088	
254	93.90726	48.99628	0	42.3321	-15.62845	-171.3007	144.0276	
255	93.43839	50.87173	0	63.66541	-16.99136	-168.7516	130.8132	
256	93.43839	51.10616	0	76.0903	-18.51559	-166.3195	115.1304	
257	100.0025	51.10616	0	81.95112	-19.11606	-164.3901	102.8444	
258	107.5043	49.23072	0	85.23317	-19.20108	-163.469	97.96748	
259	109.6142	49.93401	0	86.40533	-18.71313	-162.2417	94.11403	
260	113.3651	51.10616	0	86.63976	-17.69473	-159.9191	90.62074	
261	116.4127	51.57503	0	88.04636	-16.21472	-157.5535	87.63889	
262	118.9915	51.10616	0	93.67272	-15.87054	-155.4243	82.4848	
263	124.6179	51.80946	0	100.4713	-16.04327	-154.0039	73.21297	
264	132.3541	50.63729	0	100.2368	-14.67859	-151.2734	68.13786	
265	131.6508	51.57502	0	97.42364	-14.06149	-148.9919	67.47946	
266	132.823	51.3406	0	81.95112	-13.59369	-149.1902	69.03611	
267	132.823	51.3406	0	74.91816	-12.54483	-148.9728	68.41848	
268	133.0574	51.3406	0	75.1526	-11.74625	-149.8424	62.60334	
269	132.823	49.69957	0	75.85588	-12.66617	-153.9503	54.28244	
270	131.4164	50.63729	0	75.62145	-15.05716	-158.5336	46.74615	
271	132.1197	51.57502	0	75.38702	-16.0412	-164.1022	40.80068	
272	133.0574	52.04388	0	77.73134	-18.24506	-172.3045	37.20155	
273	133.7607	52.04388	0	83.12328	-18.5253	-179.5223	35.73494	
274	133.5263	52.27832	0	88.28078	-17.94345	170.7652	37.58546	
275	133.5263	50.87173	0	90.6251	-14.45877	165.2879	39.16315	
276	131.8852	51.3406	0	93.20386	-10.13702	157.3757	41.94938	
277	133.0574	51.57502	0	96.25148	-3.736633	147.9515	43.09413	
278	132.5885	51.57502	0	98.59579	2.903201	141.5941	43.79575	
279	133.0574	51.57502	0	98.59579	11.32724	134.5704	44.34572	
280	132.5886	49.93401	0	98.83022	19.95739	127.0579	43.32092	
281	130.9475	50.63729	0	99.29909	26.31602	120.8547	38.19222	
282	132.1197	51.57502	0	99.29909	31.48634	114.9465	29.93444	
283	132.3541	52.27833	0	99.06465	36.12602	108.2661	20.62839	
284	133.2919	52.27833	0	99.06465	38.9282	100.1425	10.6941	
285	133.5263	52.27833	0	99.06465	40.20918	93.04953	3.450845	
286	133.5263	50.6373	0	99.2991	39.08238	86.4598	-4.110474	
287	132.1197	51.57503	0	99.06466	36.98331	81.86664	-9.655487	
288	133.0574	51.57503	0	99.06466	36.32775	79.38126	-12.0723	
289	132.5886	51.3406	0	99.06466	36.31535	77.58192	-12.89355	
290	132.823	51.57503	0	99.06466	37.60779	77.17813	-12.65546	
291	133.0574	49.93401	0	99.06466	35.06391	75.79427	-12.83978	
292	131.6508	50.6373	0	99.06466	33.44199	75.88927	-13.83588	
293	132.1197	51.3406	0	99.06466	33.26091	78.95663	-11.33124	
294	132.5886	51.80946	0	99.06466	32.83348	81.73766	-7.929352	
295	133.5263	44.77651	0	98.83023	29.51796	79.98428	-6.440399	
296	133.2919	22.50546	0	92.0317	27.05889	76.02048	3.244726	
297	133.5263	22.0366	0	92.0317	30.17248	74.22729	4.451545	
298	132.3541	22.50546	0	91.79726	26.51759	71.86188	3.294724	
299	132.5886	23.20876	0	92.0317	22.16526	68.4501	0.5334271	
300	133.0574	30.71058	0	92.0317	20.79351	66.99907	-1.118073	
301	132.3542	37.74354	0	92.26614	19.55925	66.26076	-4.121033	
302	132.823	42.43218	0	95.31375	18.24365	64.43955	-11.41327	
303	131.4164	47.58968	0	100.9401	17.77677	60.34174	-22.95865	
304	132.1198	50.87173	0	100.7057	18.29724	56.60181	-29.67227	
305	132.5886	51.80946	0	100.7057	20.75808	52.12228	-32.34918	
306	133.0575	51.80946	0	100.7057	21.91422	49.10426	-33.5726	
307	133.0575	51.3406	0	103.9877	23.13754	47.46922	-35.68719	
308	132.5886	49.69957	0	107.5042	22.66822	48.29794	-37.27228	
309	130.9476	50.87173	0	110.083	21.50004	50.25852	-38.33401	
310	132.5886	50.6373	0	110.083	21.3486	50.96264	-38.18253	
311	132.823	51.80946	0	109.8485	20.46369	48.99015	-37.55255	
312	133.0575	47.58968	0	104.2222	18.7928	48.50177	-37.93979	
313	133.2919	38.68127	0	95.54819	16.07407	48.18361	-39.86493	
314	133.0575	28.36627	0	87.57751	15.34965	46.77623	-39.47095	
315	131.4165	28.83513	0	59.91454	15.07933	47.59109	-26.93115	
316	97.18938	20.16114	0	32.95485	17.43269	48.32438	-1.500214	
317	79.84142	8.90841	0	30.37611	19.78479	49.38703	4.434936	
318	79.84142	8.90841	0	30.84497	22.13251	52.18177	6.478497	
319	77.73153	7.736249	0	32.01713	22.60198	54.68364	7.241016	
320	75.15279	7.970681	0	27.56293	20.82085	53.9525	7.55581	
321	71.87074	8.439546	0	18.42007	18.87188	52.17495	9.965046	
322	68.35425	8.673977	0	12.55927	18.99375	50.7996	12.87475	
323	68.35425	8.439545	0	10.44938	15.96128	48.7195	14.4927	
324	67.41652	8.439545	0	10.91825	11.22338	47.75273	14.00203	
325	57.57038	7.032951	0	13.26257	11.95	49.34367	13.16935	
326	43.03559	8.205113	0	11.38711	13.0107	51.65289	12.91041	
327	26.62535	8.439545	0	10.91825	11.35427	52.39947	12.76236	
328	14.20046	4.923066	0	10.91825	11.41442	53.32388	12.41086	
329	11.15284	1.172154	0	10.91825	12.70862	53.98102	14.67666	
330	11.38727	-7.219845E-06	0	10.91825	14.35312	54.16714	15.95009	
331	11.15284	-0.234436	0	11.85598	15.37573	54.0371	17.57782	
332	11.62171	-7.23038E-06	0	11.15269	16.50133	52.06304	19.62141	
333	11.38728	-7.23038E-06	0	10.44938	20.14864	50.85031	18.68786	
334	11.15284	0.234425	0	10.91825	22.99036	49.909	17.82692	
335	11.38728	0.234425	0	10.91825	24.29368	49.22844	16.35049	
336	10.91841	0.234425	0	10.44939	26.0507	49.78692	15.0446	
337	10.91841	-0.234436	0	11.15269	24.88069	46.59077	11.885	
338	11.62171	3.28204	0	9.98052	22.37938	46.01129	11.44029	
339	11.15285	19.92671	0	10.21496	20.43086	46.2233	10.76505	
340	11.38728	21.56774	0	10.44939	20.20944	45.96851	8.10772	
341	11.62171	21.56774	0	10.21496	22.68253	45.59483	5.136013	
342	11.38728	20.16115	0	12.32484	23.90516	44.71281	1.468933	
343	12.09057	21.09888	0	10.91825	25.11284	43.38083	-1.784698	
344	11.85614	8.673979	0	10.91825	27.44642	39.96765	-6.581421	
345	11.38728	8.439548	0	10.21496	28.15814	38.82217	-8.298798	
346	10.68398	8.205115	0	10.21496	27.57318	40.13502	-8.580505	
347	10.68398	26.72524	0	10.91825	27.72341	40.9964	-8.863617	
348	10.68398	48.52742	0	12.32484	25.72627	41.24949	-10.09552	
349	11.15285	50.87175	0	11.15269	26.25616	40.14981	-11.36496	
350	10.68398	52.0439	0	10.44939	27.25946	38.79813	-13.61099	
351	10.44955	52.0439	0	10.21496	26.77897	37.72976	-14.4343	
352	13.0283	52.0439	0	10.21496	26.20835	37.03942	-16.77731	
353	20.99899	51.57504	0	10.21496	26.76483	36.24957	-19.37122	
354	28.96968	49.93401	0	12.09041	27.6684	35.70418	-21.34158	
355	36.4715	51.3406	0	11.38711	28.36987	35.23025	-23.59543	
356	44.91106	51.80947	0	10.21496	29.26547	34.88071	-26.40442	
357	54.99163	52.7472	0	10.21496	30.51033	33.96055	-28.88675	
358	64.13448	52.0439	0	10.21496	31.13165	33.57229	-29.6398	
359	68.82313	52.27833	0	9.980521	31.32686	33.46621	-30.19592	
360	75.85608	50.63731	0	12.79371	31.77466	33.35571	-30.93036	
361	83.82677	52.0439	0	10.21496	31.99126	33.54441	-31.63446	
362	94.61065	52.0439	0	10.21496	32.08459	34.15672	-32.76944	
363	109.8487	52.0439	0	10.21496	31.59474	34.6257	-34.00522	
364	122.7425	52.7472	0	10.21496	30.06405	36.3073	-33.66837	
365	128.3689	52.7472	0	10.44939	29.44504	37.02932	-33.62943	
366	129.3066	51.34061	0	11.62155	27.67779	38.79267	-32.4411	
367	128.8377	52.0439	0	10.21496	25.77666	40.06668	-31.29401	
368	131.1821	52.0439	0	10.21496	24.84086	40.66449	-30.18939	
369	131.8853	52.0439	0	10.21496	24.32204	40.81435	-29.27301	
370	131.6509	52.27834	0	10.44939	24.3901	40.96664	-28.87177	
371	131.6509	50.63731	0	11.62155	25.0847	40.93168	-29.09525	
372	130.2443	51.34061	0	11.15269	26.35501	40.83195	-28.59015	
373	130.9476	51.57504	0	9.746095	28.18294	40.60361	-23.31674	
374	101.6436	52.98163	0	9.980523	31.91723	37.59988	-20.3793	
375	72.33963	52.0439	0	10.21496	31.62704	34.59095	-19.65616	
376	51.47518	52.0439	0	10.21496	28.25966	35.18544	-15.61316	
377	40.69131	50.40288	0	12.09041	27.65602	35.43512	-14.81921	
378	36.00267	51.34061	0	11.15269	27.94911	34.73812	-15.15747	
379	30.14187	52.0439	0	10.21496	26.78761	34.48432	-15.37003	
380	27.32869	52.98163	0	9.980524	25.51015	34.98313	-15.33606	
381	27.09426	51.80947	0	9.042797	25.5311	35.08312	-15.01614	
382	27.09426	51.57504	0	5.760754	26.03581	34.7039	-14.20438	
383	27.09426	49.69958	0	2.478703	25.24154	34.5751	-9.571564	
384	27.79755	52.27834	0	-1.272217	24.26134	34.12237	-4.790771	
385	27.79755	52.0439	0	-0.8033447	23.65979	33.70695	-5.606628	
386	42.33233	52.0439	0	-1.037781	23.42108	33.85844	-8.797241	
387	59.6803	52.51276	0	-1.272217	22.50649	34.4324	-12.86539	
388	78.43487	52.0439	0	-1.272217	21.55891	34.91007	-15.81268	
389	89.68761	49.93401	0	1.07211	21.12767	34.2332	-18.28207	
390	100.237	52.0439	0	-0.3344727	20.2504	33.33705	-20.77249	
391	106.3323	52.0439	0	-0.8033447	19.6459	32.89902	-22.6041	
392	115.7096	52.27834	0	-1.272217	19.42057	32.39313	-24.90125	
393	122.5081	52.7472	0	-0.8033447	18.80854	32.2738	-26.05487	
394	127.9	52.51276	0	-1.272217	18.89846	32.11464	-27.40329	
395	131.8854	50.87174	0	-0.1000366	18.89845	31.98685	-27.16431	
396	130.7132	51.80947	0	-1.272217	18.68232	31.70067	-26.88391	
397	131.651	51.80947	0	-1.272217	18.46962	31.67791	-27.24637	
398	131.651	52.0439	0	-1.272217	18.71964	31.62075	-26.80991	
399	131.651	52.0439	0	-0.5689087	18.68094	31.55253	-26.87405	
400	130.9476	51.57504	0	-1.272217	18.90629	31.48976	-27.01999	
401	131.1821	51.34061	0	0.6032456	19.04113	31.98048	-27.39282	
402	130.4788	52.0439	0	-1.272217	18.5062	32.79278	-27.40802	
403	131.8854	52.74721	0	-0.8033447	19.70384	32.69429	-25.41907	
404	120.6326	52.0439	0	-0.5689087	21.46428	31.20896	-24.78552	
405	98.3616	52.0439	0	-1.272217	22.1358	30.14243	-24.7399	
406	78.43488	50.63731	0	1.77541	21.14091	30.06508	-23.37451	
407	59.68032	51.10618	0	-0.1000366	19.62003	31.32369	-21.56485	
408	46.31769	51.80947	0	-1.037781	19.05679	31.96503	-22.09521	
409	34.36166	52.7472	0	-1.272217	18.94362	32.33202	-22.18283	
410	24.74995	52.0439	0	-1.272217	18.29838	33.62609	-20.10483	
411	20.29574	52.0439	0	-1.037781	17.86938	34.97733	-18.80786	
412	18.88915	50.16844	0	2.009839	17.99432	34.89893	-18.64072	
413	19.59244	51.10617	0	-0.1000366	17.98215	33.89305	-17.76434	
414	19.12358	52.0439	0	-1.272217	17.91419	32.70939	-19.96722	
415	31.78291	52.7472	0	-1.272217	18.65671	31.85226	-23.35477	
416	54.99168	51.80947	0	-1.037781	19.20358	31.49509	-26.55396	
417	80.7792	51.57504	0	-1.272217	18.03987	32.37687	-28.15521	
418	101.8781	50.40288	0	0.6032457	18.40867	31.94759	-29.06607	
419	115.7096	52.0439	0	-1.037781	19.76149	30.57733	-30.19943	
420	125.0869	52.0439	0	-0.8033447	20.91304	29.00543	-30.96417	
421	130.7132	52.7472	0	-0.8033447	21.81468	27.18407	-31.24695	
422	131.8854	52.27834	0	-1.272217	24.47697	23.15884	-32.62347	
423	132.1198	52.7472	0	-0.5689087	27.53815	18.26877	-33.20251	
424	131.4165	51.10618	0	0.3688173	29.02006	15.61568	-31.41904	
425	120.6326	52.0439	0	-0.5689087	30.95379	15.24386	-30.08826	
426	107.7389	52.27834	0	-0.8033447	32.23918	15.23647	-29.67285	
427	99.53378	51.80948	0	-1.037781	33.90085	14.0232	-29.91718	
428	84.53012	52.04391	0	-1.037781	35.63839	10.91391	-31.4935	
429	61.55578	50.40289	0	0.3688172	35.47628	9.091317	-31.46481	
430	45.37997	50.87175	0	-0.1000366	33.09385	9.563783	-27.09998	
431	43.50452	52.0439	0	-1.506653	32.38458	9.297346	-25.50433	
432	47.021	52.74721	0	-1.272217	33.08628	8.83294	-27.97455	
433	64.83783	51.80948	0	-1.037781	33.66579	9.663511	-29.57684	
434	83.59238	49.23073	0	-1.037781	32.72554	12.87303	-27.64575	
435	103.2847	47.12084	0	1.77541	32.06085	14.96627	-26.37534	
436	120.3982	48.05857	0	-0.1000366	33.38246	14.77845	-27.80902	
437	130.7132	49.23073	0	-1.272217	32.94479	15.96167	-26.05405	
438	131.651	49.46516	0	-1.272217	33.77649	16.89633	-26.29129	
439	132.1198	48.76186	0	-1.272217	34.23059	16.44408	-26.48996	
440	131.4165	49.23073	0	-0.8033447	34.68207	16.16255	-26.26965	
441	123.9147	48.76186	0	0.8376814	34.73665	16.7754	-24.74817	
442	106.5667	50.40289	0	-0.1000366	34.09879	17.4038	-22.33527	
443	87.57775	51.10618	0	-0.8033447	34.70165	17.43842	-20.41962	
444	75.85616	51.80947	0	-1.506653	35.35215	15.44143	-20.39487	
445	74.68401	51.57504	0	-1.272217	35.35164	15.71312	-19.63022	
446	83.35799	50.87175	0	-1.272217	32.90836	17.57895	-18.88419	
447	102.5814	48.76186	0	2.244274	32.67135	17.74133	-18.52335	
448	112.4276	50.87175	0	-1.272217	33.07689	17.68121	-18.22665	
449	117.3506	51.10618	0	-0.8033447	32.70882	18.32135	-17.21399	
450	118.2884	51.80947	0	-0.8033447	31.26951	19.00587	-16.16537	
451	118.7572	51.34061	0	-1.272217	29.71468	19.34456	-15.91077	
452	118.9917	51.34061	0	-0.8033447	28.93606	19.0595	-16.72394	
453	118.7572	50.40288	0	0.1343808	28.50957	19.02332	-16.9415	
454	116.4129	51.34061	0	-0.8033447	29.40347	18.09188	-18.00928	
455	113.5997	51.10617	0	-1.272217	32.32278	15.45728	-20.89624	
456	113.5997	51.34061	0	-1.037781	35.35604	14.31604	-22.83353	
457	123.6803	51.10617	0	-1.037781	42.26515	10.83525	-25.02103	
458	123.6803	49.46515	0	0.3688169	53.67916	-1.571472	-37.24326	
459	122.7426	50.63731	0	0.1343809	62.64623	-21.44522	-54.20892	
460	128.1345	51.10617	0	-1.506653	64.8939	-33.05603	-60.67242	
461	131.4165	51.57504	0	-1.272217	65.73247	-35.57761	-59.12482	
462	132.1198	51.10617	0	-1.272217	68.17527	-37.81882	-60.53128	
463	131.4165	51.34061	0	-1.037781	71.91614	-33.79956	-57.31909	
464	131.4165	49.46515	0	1.306546	75.29877	-24.10986	-47.33301	
465	129.5411	50.63731	0	-0.1000366	79.62086	-10.22623	-31.90048	
466	130.9477	51.3406	0	-0.5689087	82.58709	10.51326	-9.070496	
467	131.1821	51.80947	0	-0.8033447	86.85242	40.76682	19.86446	
468	132.3543	51.34061	0	-0.8033447	86.32316	111.7842	90.54425	
469	132.5887	50.87174	0	-1.272217	81.37326	133.1885	112.0195	
470	132.3543	48.99628	0	1.306546	76.91696	142.688	121.8238	
471	131.1821	50.40288	0	-0.3344727	74.32362	138.7286	117.6473	
472	132.3543	51.10617	0	-1.272217	71.56844	133.1992	112.4786	
473	133.292	51.34061	0	-1.272217	71.00079	133.6132	112.5935	
474	133.5265	51.80947	0	-1.272217	70.09715	132.313	111.9135	
475	133.5265	51.3406	0	-1.506653	68.66064	130.722	110.6022	
476	133.292	49.46515	0	1.306546	66.70348	128.6976	108.7205	
477	131.651	51.10617	0	-0.8033447	64.25414	127.1702	107.633	
478	132.5887	51.10617	0	-1.272217	61.71127	125.51	106.4017	
479	132.8232	52.0439	0	-1.272217	60.16956	124.3638	105.7622	
480	133.5265	52.0439	0	-1.272217	58.68316	123.5569	105.116	
481	133.5265	51.80947	0	-1.272217	58.3666	123.7	104.9693	
482	133.5265	50.40288	0	-0.1000366	57.95824	123.5505	104.6419	
483	132.3543	51.10617	0	-1.272217	57.32275	123.1991	104.6635	
484	133.0576	51.10617	0	-1.272217	56.77487	123.1671	105.3048	
485	133.0576	51.10617	0	-1.037781	55.42743	126.4916	109.6675	
486	133.0576	51.10617	0	-1.037781	53.50715	135.0264	113.6856	
487	132.8232	49.23072	0	1.07211	53.68617	132.5624	111.9315	
488	131.4166	50.40287	0	-0.3344727	53.18738	132.1497	111.556	
489	132.1199	51.3406	0	-1.272217	52.49743	132.0027	111.3108	
490	133.292	51.57503	0	-1.272217	54.30305	134.0751	112.7474	
491	133.5265	51.80946	0	-1.272217	55.37976	134.9487	113.5102	
492	133.5265	51.57503	0	-0.8033447	52.85691	133.109	111.9697	
493	132.5887	48.99628	0	2.009838	50.45315	131.7162	110.702	
494	130.7133	51.3406	0	-1.037781	51.67761	132.4092	111.2763	
495	133.0576	51.10617	0	-1.272217	53.00899	133.397	112.076	
496	133.0576	52.0439	0	-0.8033447	52.98593	133.3109	111.994	
497	133.5265	52.0439	0	-1.272217	52.18701	132.8388	111.6074	
498	133.5265	51.80947	0	-1.272217	51.59151	132.9076	111.5924	
499	133.5265	50.16844	0	-0.3344727	51.33978	132.2807	111.1755	
500	132.1199	51.10617	0	-0.8033447	50.88277	130.8922	110.2692	
501	132.5887	51.3406	0	-1.037781	50.59663	131.0018	110.2828	
502	132.8232	51.10617	0	-1.037781	50.35619	130.5791	109.9378	
503	132.8232	51.10617	0	-1.037781	50.34301	130.5637	109.9005	
504	132.8232	48.99628	0	0.6032448	50.20086	130.4638	109.7875	
505	130.7133	50.40288	0	-0.3344727	49.9326	130.3095	109.6244	
506	132.8232	51.10617	0	-0.8033447	49.73372	130.1918	109.5067	
507	132.3543	50.87175	0	-1.272217	49.48697	130.0603	109.3873	
508	132.8232	51.57504	0	-0.8033447	49.40452	130.008	109.3212	
509	132.3543	50.87175	0	-1.272217	49.06392	129.8324	109.1517	
510	132.8232	50.16844	0	-0.1000366	48.74747	129.6577	108.9907	
511	131.8854	52.0439	0	-0.5689087	48.72532	129.6391	108.9512	
512	132.8232	51.57504	0	-1.037781	48.54947	129.5402	108.8494	
513	133.5265	51.3406	0	-1.272217	48.3385	129.435	108.7519	
514	133.5265	51.3406	0	-0.8033447	48.03003	129.2702	108.5999	
515	132.5887	49.23072	0	2.478702	-0.006744385	-0.0001335336	-0.009277344	
516	130.4788	51.3406	0	-0.8033447	-0.004648908	0.1555336	-0.02719116	
517	2.13706	-0.234436	0	-0.4417114	-0.007415771	0.2129946	-0.01187134	
518	2.371489	-0.234436	0	-0.2072754	-0.007415771	0.2129946	-0.01187134	
519	2.13706	-0.4688721	0	-0.4417114	-0.007415771	0.2129946	-0.01187134	
520	2.371489	-1.641022	0	1.668188	-0.007415771	0.2129946	-0.01187134	
521	0.9648957	-0.234436	0	0.7304596	-0.008483887	0.575294	-0.0163269	
522	2.13706	0.703293	0	-0.4417114	-0.01028442	1.106746	-0.02279663	
523	3.07479	0.4688646	0	-0.2072754	-0.01028442	1.106746	-0.02279663	
524	3.07479	0.4688646	0	0.2615952	-0.01104736	1.386454	-0.02624512	
525	2.605925	0.2344285	0	-0.4417114	-0.008972168	1.675364	-0.04580688	
526	3.07479	-1.17215	0	0.7304596	-0.009216309	1.748586	-0.04669189	
527	1.668196	0.4688644	0	-0.6761475	-0.009796143	1.996403	-0.04974365	
528	3.07479	0.7032928	0	-0.4417114	-0.01046753	2.250781	-0.05288696	
529	3.07479	0.4688644	0	-0.4417114	-0.01104736	2.489191	-0.05581665	
530	3.07479	0.2344284	0	-0.2072754	-0.01821899	2.794148	-0.06903076	
531	3.07479	-2.109894	0	2.371481	-0.01864624	3.026075	-0.07196045	
532	1.668196	-8.765532E-08	0	0.261595	-0.02548218	3.207121	-0.0836792	
533	2.13706	-0.234436	0	-0.4417114	-0.01638794	3.362837	-0.09204102	
534	2.371488	-8.004111E-08	0	-0.4417114	-0.01638794	3.362837	-0.09204102	
535	2.371488	-8.004111E-08	0	-0.2072754	-0.01638794	3.362837	-0.09204102	
536	2.371488	-2.109894	0	1.902617	-0.01678467	3.585303	-0.09481812	
537	0.7304668	-0.4688721	0	-0.4417114	-0.01705933	3.725144	-0.09655762	
538	2.371488	-0.234436	0	-0.4417114	-0.01727295	3.874482	-0.09844971	
539	2.605924	-1.994695E-07	0	-0.6761475	-0.01727295	3.874482	-0.09844971	
540	2.371488	-1.994695E-07	0	0.02716636	-0.01739502	3.982519	-0.09979248	
541	2.371488	-1.875458	0	2.137053	-0.02435303	4.328797	-0.1136475	
542	0.9648951	-2.134148E-07	0	0.4960233	-0.02435303	4.328797	-0.1136475	
543	2.13706	-2.134148E-07	0	-0.2072754	-0.02450562	4.427315	-0.1148682	
544	2.13706	-0.7033081	0	-0.2072754	-0.02490234	4.741932	-0.1188354	
545	2.371488	-2.134394E-07	0	-0.2072754	-0.03143311	4.957929	-0.1311646	
546	2.13706	-2.134394E-07	0	-0.4417114	-0.03143311	4.932492	-0.1308289	
547	2.13706	-0.9377441	0	0.7304593	-0.02502441	4.824552	-0.1199036	
548	2.371488	0.7032925	0	-0.4417114	-0.03179932	5.19624	-0.1341553	
549	2.605924	0.2344281	0	-0.6761475	-0.03167725	5.1645	-0.1337585	
550	3.074789	0.4688641	0	-0.4417114	-0.0317688	5.221682	-0.134491	
551	2.840353	0.234428	0	-0.4417114	-0.03204346	5.469553	-0.1376038	
552	3.074789	-0.7033081	0	0.7304594	-0.0322876	5.676105	-0.1402283	
553	1.433759	0.7032926	0	0.02716655	-0.03894043	6.15583	-0.1559448	
554	2.605924	-2.553587E-07	0	-0.2072754	-0.03903198	6.438773	-0.1595764	
555	2.371488	-0.234436	0	-0.4417114	-0.03903198	6.438773	-0.1595764	
556	2.371488	-0.234436	0	0.02716652	-0.03903198	6.371997	-0.1587219	
557	2.13706	-2.109894	0	3.074782	-0.03909302	6.454606	-0.1597595	
558	0.2616021	-0.234436	0	0.9648879	-0.03903198	6.371997	-0.1587219	
559	2.371488	0.4688641	0	-0.2072754	-0.03903198	6.438773	-0.1595764	
560	3.309217	0.4688641	0	-0.4417114	-0.03909302	6.639125	-0.1621399	
561	2.605924	0.234428	0	-0.6761475	-0.03909302	6.772707	-0.1638794	
562	3.309217	0.4688641	0	0.2615951	-0.02954102	6.937863	-0.1721191	
563	2.371488	-0.9377441	0	1.199324	-0.02966309	7.036282	-0.1733704	
564	1.433759	0.4688641	0	-0.4417114	-0.02972412	7.160191	-0.1749268	
565	3.074789	0.2344281	0	-0.4417114	-0.03582764	7.252353	-0.185791	
566	3.074789	0.7032925	0	0.02716673	-0.0357666	7.236547	-0.1856079	
567	2.605924	0.2344281	0	-0.4417114	-0.03585815	7.401748	-0.1877136	
568	3.074789	-0.9377441	0	0.4960237	-0.03579712	7.519543	-0.1892395	
569	1.902624	-2.64262E-07	0	0.2615952	-0.03591919	7.675031	-0.1911926	
570	2.371488	-2.64262E-07	0	-0.4417114	-0.03588867	7.592441	-0.1901245	
571	2.371488	-0.234436	0	-0.4417114	-0.03582764	7.535346	-0.1894226	
572	2.605924	-2.668037E-07	0	0.02716679	-0.03598022	7.732116	-0.1918945	
573	2.13706	-1.875458	0	1.902617	-0.04190063	7.859523	-0.2032776	
574	0.9648951	-2.134148E-07	0	0.7304598	-0.0418396	7.91054	-0.2039795	
575	2.371488	-0.4688721	0	-0.2072754	-0.03585815	7.792839	-0.1927185	
576	2.371488	-0.234436	0	-0.2072754	0.009086848	7.98334	-0.2096558	
577	2.371488	-0.4688721	0	-0.4417114	-0.03213501	7.993055	-0.2110596	
578	2.605924	-0.234436	0	0.02716692	-0.05767822	8.008875	-0.2088928	
579	1.668196	-0.9377441	0	1.199324	0.03726225	8.443759	-0.01721191	
580	1.199331	-2.64262E-07	0	0.02716692	0.2650076	8.421231	0.5698496	
581	2.13706	-0.234436	0	3.309211	0.1582793	7.394408	0.4215162	
582	2.371489	-0.7033081	0	18.78172	0.5764245	4.109043	0.9077356	
583	2.605925	-2.248795E-07	0	19.48502	0.4784576	2.409858	0.4705925	
584	2.13706	-1.641022	0	20.89161	0.6216786	1.982254	0.3343455	
585	0.4960311	-1.17218	0	19.25059	0.5099707	1.551527	1.23045	
586	2.371489	-0.7033081	0	18.5473	0.3620772	1.375116	1.674586	
587	2.371489	0.4688641	0	18.5473	1.122136	0.98041	1.649363	
588	3.07479	-0.234436	0	18.31286	2.500522	0.7064325	0.9503222	
589	2.605925	-3.201644E-07	0	18.78173	3.276118	0.510339	-0.1567993	
590	2.371489	-1.875458	0	11.74877	4.237792	0.4588629	-1.455353	
591	0.496031	-0.234436	0	3.778082	3.76126	0.3961065	-1.411163	
592	2.371489	-3.201644E-07	0	-0.2072754	3.617347	0.5289173	-1.177307	
593	2.605925	0.2344281	0	-0.6761169	3.123336	0.534411	-0.8227844	
594	3.07479	0.7032925	0	-0.2072754	2.423348	0.5834378	-0.7154541	
595	3.07479	-3.620783E-07	0	-0.4416809	2.383689	0.5722213	-0.5742493	
596	2.371489	-2.34433	0	3.07479	2.362523	0.5351531	-0.4465637	
597	-0.2072754	-4.267975E-07	0	-0.2072754	2.336887	0.1238727	-0.1913147	
598	2.371489	-4.267975E-07	0	-0.4416809	2.370258	-0.4530945	-0.03515625	
599	2.371489	-0.234436	0	0.2616029	2.563967	-0.9560852	0.04694487	
600	2.13706	0.7032924	0	7.294563	3.138626	-1.828918	-0.002926938	
601	3.309218	-0.234436	0	12.6865	3.114583	-2.40387	0.7704943	
602	2.371489	-2.813171	0	20.89162	3.03245	-2.045013	2.255333	
603	0.2616026	-0.234436	0	18.54731	3.697567	-1.526794	3.24791	
604	2.13706	-3.735252E-07	0	18.54731	5.064723	-0.9674988	3.88109	
605	2.371489	-0.234436	0	18.54731	7.565463	-0.774231	4.490304	
606	3.074789	-15.70694	0	18.54731	9.443997	-0.3059692	4.177468	
607	3.074789	-21.80219	0	18.54731	8.0473	0.02712803	6.083647	
608	2.371488	-22.27106	0	19.01617	6.934924	-0.1233215	9.344331	
609	-4.192596	-21.80219	0	7.763433	8.810872	-0.6504211	15.00881	
610	-8.64682	-21.80219	0	-0.2072449	11.69376	-0.79953	20.79503	
611	-15.21091	-21.80219	0	-0.4416809	16.29821	-1.516724	25.31566	
612	-16.85193	-29.30399	0	-0.4416809	22.23928	-3.018921	26.26052	
613	-18.02411	-33.52377	0	2.371495	30.32001	-5.293457	28.32133	
614	-24.11932	-34.93036	0	0.9649014	41.30909	-6.059509	32.23549	
615	-24.82263	-35.63367	0	0.02718018	53.49589	-5.033569	38.56894	
616	-26.69809	-41.0256	0	-0.2072449	62.4859	-1.900879	48.14155	
617	-25.99478	-41.49445	0	0.2616085	64.16135	-1.478638	52.82256	
618	-26.46365	-41.49445	0	-0.2072449	66.06846	-1.288818	55.31645	
619	-25.99478	-45.71423	0	2.371495	71.07991	5.110555	65.66549	
620	-27.16693	-58.37357	0	-0.2072449	76.1991	14.72847	76.84568	
621	-26.46365	-65.40652	0	-0.4416809	83.37221	44.682	110.6936	
622	-26.22922	-65.8754	0	-0.4416809	83.44576	46.72105	114.412	
623	-26.22922	-65.8754	0	-0.2072449	83.39232	43.18904	113.827	
624	-25.99478	-65.8754	0	-0.4416809	83.49769	33.78191	104.7792	
625	-25.76035	-66.34424	0	0.7304729	83.59396	32.98236	103.6989	
626	-26.69809	-65.8754	0	-0.4416809	83.68721	36.53253	107.309	
627	-25.99478	-65.8754	0	0.02718007	83.61453	37.39682	108.2205	
628	-25.99478	-65.8754	0	5.653546	83.49154	31.80403	103.2477	
629	-26.22922	-65.8754	0	13.15537	83.45461	31.43859	103.9856	
630	-26.22922	-66.34424	0	27.92459	83.41596	29.18014	103.4542	
631	-27.87024	-66.10983	0	36.1297	83.39206	28.65558	103.99	
632	-29.04239	-65.8754	0	50.43006	83.33839	27.19849	103.5387	
633	-28.80795	-65.64096	0	54.88427	83.26979	26.61526	105.0676	
634	-31.38672	-65.64096	0	60.51064	83.2767	24.63019	105.8554	
635	-31.85559	-65.64096	0	66.37144	83.37511	24.21658	104.8406	
636	-31.62115	-66.34424	0	68.95019	83.44935	24.3964	105.2702	
637	-33.02774	-65.64096	0	81.37508	83.42014	23.72559	105.5603	
638	-35.13763	-65.64096	0	88.17361	83.46877	24.24267	106.8343	
639	-34.9032	-65.64096	0	96.14429	83.47189	25.31274	107.2888	
640	-34.9032	-65.64096	0	98.01975	83.53395	24.88317	106.6515	
641	-34.9032	-66.10983	0	99.42634	83.58727	25.13506	106.7438	
642	-36.07535	-65.8754	0	103.1773	83.64291	25.3318	106.5095	
643	-35.13763	-65.8754	0	109.5069	83.57401	26.65831	107.1633	
644	-35.13763	-62.35892	0	113.2578	83.53468	27.92318	108.0918	
645	-35.60651	-57.20142	0	113.4923	83.48888	26.86239	108.502	
646	-40.0607	-45.94867	0	113.4923	83.42306	25.98888	109.6504	
647	-47.32809	-41.0256	0	113.4923	83.2927	24.22482	110.0568	
648	-50.84457	-40.3223	0	113.4923	83.27631	22.55606	109.3736	
649	-50.61014	-40.3223	0	114.1955	83.24605	21.19171	108.6969	
650	-50.84457	-37.97797	0	119.3531	83.30081	19.55003	107.8898	
651	-50.84457	-34.46149	0	126.386	83.43918	17.47753	107.8687	
652	-51.07901	-35.39923	0	129.4336	83.42359	15.09451	108.5943	
653	-51.78232	-27.19412	0	129.6681	83.37194	14.17238	108.2791	
654	-56.23651	-8.439545	0	129.9025	83.36517	14.2418	109.2942	
655	-65.37936	-3.985352	0	130.1369	83.33782	11.90351	107.9152	
656	-66.78595	-4.454193	0	129.6681	83.2235	11.0061	107.0676	
657	-66.78595	-4.688629	0	129.9025	83.09578	9.649079	105.7934	
658	-66.78595	-5.626373	0	129.6681	83.12128	9.307395	105.428	
659	-67.25482	-7.736267	0	129.9025	83.06686	6.41025	102.5595	
660	-67.02039	-15.70694	0	129.9025	83.13213	5.163758	101.3308	
661	-67.02039	-24.61536	0	129.9025	83.33041	4.285388	100.6987	
662	-66.78595	-31.88275	0	129.9025	83.41269	3.605138	100.0451	
663	-66.78595	-33.75821	0	129.6681	83.43923	3.800084	100.2881	
664	-67.02039	-33.52377	0	129.9025	83.40376	4.58947	101.0845	
665	-66.78595	-33.28934	0	129.9025	83.25204	6.14515	102.6456	
666	-66.78595	-33.0549	0	129.9025	83.16976	8.833566	105.444	
667	-66.55151	-33.28934	0	130.1369	83.22253	9.094203	105.4846	
668	-66.55151	-33.75821	0	129.9025	83.26169	8.982779	105.4225	
669	-66.78595	-39.38458	0	129.6681	83.27836	9.183765	105.6313	
670	-67.02039	-39.15015	0	129.9025	83.30766	9.85861	105.7989	
671	-66.78595	-39.15015	0	130.1369	83.31704	9.664804	105.6063	
672	-67.02039	-38.91571	0	129.9025	83.33511	9.613324	105.6525	
673	-67.02039	-39.15015	0	130.1369	83.39423	9.14856	105.5395	
674	-66.78595	-40.08786	0	130.3714	83.40305	8.451021	105.1528	
675	-67.02039	-39.61902	0	130.6058	83.46181	7.982178	105.0195	
676	-67.02039	-39.15015	0	130.8402	83.56483	8.443531	105.3824	
677	-66.78595	-38.68127	0	130.8402	83.57477	8.481278	105.2159	
678	-66.78595	-39.15015	0	130.8402	83.62213	8.866776	104.8349	
679	-66.78595	-39.15015	0	130.8402	83.71163	9.606024	104.4804	
680	-66.78595	-40.3223	0	130.3714	83.70313	11.07615	103.5272	
681	-67.25482	-38.91571	0	131.3091	83.73688	13.46547	102.7462	
682	-66.78595	-38.91571	0	131.7779	83.82549	16.30604	101.1795	
683	-66.78595	-38.68127	0	133.1846	83.97227	16.15344	97.28083	
684	-66.08267	-38.68127	0	134.1223	84.16759	17.42022	96.66579	
685	-64.91052	-38.68127	0	134.3567	84.25403	18.13499	97.28928	
686	-64.91052	-39.38458	0	134.1223	84.25861	19.88091	99.10772	
687	-65.14496	-38.91571	0	134.3567	84.28976	19.56649	98.81144	
688	-64.67609	-38.91571	0	134.3567	84.3551	20.29302	99.56271	
689	-64.67609	-38.91571	0	134.5911	84.32854	20.88367	100.6639	
690	-64.67609	-38.91571	0	134.3567	84.32197	21.20396	101.503	
691	-64.91052	-39.85345	0	133.8878	84.29923	21.08269	101.9128	
692	-65.14496	-39.15015	0	134.1223	84.31004	20.91537	102.0899	
693	-64.67609	-39.15015	0	134.5911	84.23701	20.99414	102.9512	
694	-64.44165	-38.91571	0	134.8256	84.23982	20.81016	103.0647	
695	-63.50394	-38.91571	0	135.06	84.20715	20.60901	103.2156	
696	-62.56619	-38.91571	0	135.06	84.24722	20.72898	103.2941	
697	-62.09735	-40.3223	0	134.5912	84.2279	19.96678	102.649	
698	-62.56619	-38.91571	0	135.06	84.23119	19.85042	102.6489	
699	-61.86292	-38.91571	0	135.06	84.22349	19.65041	102.8897	
700	-62.09735	-38.91571	0	135.06	84.22606	19.26397	102.86	
701	-62.09735	-39.15015	0	135.06	84.22593	19.12654	103.0886	
702	-61.86292	-39.61902	0	134.8256	84.22898	18.94209	103.2017	
703	-62.33179	-38.91571	0	135.06	84.2319	18.51109	103.2452	
704	-61.86292	-38.91571	0	135.06	84.23082	18.11083	103.4322	
705	-62.09735	-39.15015	0	135.06	84.23119	18.33812	103.5336	
706	-62.09735	-39.15015	0	135.06	84.22749	18.17135	103.526	
707	-62.09735	-39.61902	0	135.06	84.22708	18.15351	103.556	
708	-62.33179	-39.15015	0	135.06	84.21992	18.0974	103.5587	
709	-61.86292	-38.91571	0	135.06	84.22708	18.15351	103.556	
710	-62.09735	-39.15015	0	135.06	84.22694	18.14752	103.5658	


Angle MV instances
Rotate	128.9375	128.1341	10.31501	19.22342	19.45785	18.05126	11.01831	6.329659	10.08057	3.047623	3.282059	3.750908	4.923065	6.798531	6.798531	10.78387	33.75822	16.87911	2.344315	5.626373	2.813179	2.578751	3.985344	3.750908	4.21978	4.454208	2.813179	4.688644	9.846146	14.53479	5.860798	5.391933	2.109882	13.59705	18.989	9.142853	13.83149	4.688637	4.923065	3.047623	6.095253	7.032967	9.846138	5.860794	13.59706	3.047615	7.501831	13.12818	3.750916	2.109894	2.109882	2.109882	4.923073	3.516476	11.7216	2.578751	4.454208	7.736258	31.88276	19.92671	11.01831	19.69229	6.095238	2.344322	7.736259	2.813194	2.578751	13.59707	22.97432	6.56411	7.501823	2.109894	3.750908	3.047607	2.578751	5.626381	7.736244	34.22707	17.34797	2.109886	2.578743	3.282051	3.516487	9.846138	14.53479	16.41024	12.42489	3.047618	2.578752	7.970686	7.970692	7.501823	8.439552	10.08058	9.142849	4.688644	7.032951	7.970688	10.78388	15.23808	12.89376	5.626358	2.344315	29.30399	29.30399	20.86445	10.78387	4.688637	5.860804	2.813183	14.53478	17.34797	18.75457	11.25274	10.54944	6.095238	9.377296	6.798523	5.39193	3.985344	11.25273	22.27105	19.92671	18.75457	13.36263	11.95603	9.611713	4.454206	12.65932	23.20877	25.78752	21.09888	13.8315	9.377274	5.626373	10.78387	12.89376	8.205109	15.00365	22.97434	16.17581	3.516479	17.81683	18.75455	19.69231	17.11353	10.31503	7.501831	17.34796	18.98899	11.72159	8.673981	19.22343	9.846146	4.923073	2.34433	2.813171	10.08057	5.391937	3.282043	2.344315	2.109894	2.109894	2.109894	128.3418	2.109886	2.578764	2.578764	2.109886	4.454224	6.564087	6.095215	2.578766	2.109894	4.454193	7.267395	3.516479	4.454193	9.142853	
ChildRotate	46.41757	46.88644	13.12819	36.80582	2.109886	2.10989	2.344315	2.578747	2.344315	7.501835	3.750904	6.564096	2.813179	11.7216	6.329666	3.047615	3.750916	2.109886	2.578747	2.344322	5.860794	5.391933	10.78388	14.30035	2.578753	18.98899	18.2857	2.813183	7.970688	6.798534	2.344318	5.860796	15.94138	11.0183	3.750916	4.923065	45.24539	21.56774	5.391941	30.47615	3.750913	8.439553	30.71059	3.282051	3.516479	6.329662	4.454205	2.813183	8.439552	8.439555	3.047616	23.20876	9.846149	7.032955	22.27104	7.501823	7.032961	4.688641	5.157501	3.282051	4.21978	8.908413	10.315	8.673985	11.25273	3.516479	3.750912	3.516476	16.64467	12.4249	18.52012	21.80218	2.344326	2.578758	2.109886	2.109886	2.578747	2.109894	2.109882	2.109882	2.578751	2.344326	2.109886	2.109882	2.109882	51.57504	2.109894	2.109894	2.344329	2.344329	2.578735	2.578735	15.4725	6.095245	7.501801	4.219788	5.391937	4.219788	12.65933	7.032959	3.516479	5.157501	11.25275	4.923065	2.34433	3.516479	8.205109	18.75458	4.454193	2.109894	7.970673	8.908417	7.267395	5.626373	
RotateInverse	
ChildRotateInverse	10.08057	6.564101	4.688639	15.47252	12.4249	3.985345	11.48717	2.109886	2.109895	4.923073	3.282044	4.454209	13.83149	2.109894	2.109886	11.25275	11.0183	7.736254	6.564106	18.28569	3.750912	4.454201	3.282051	2.109886	4.454216	10.08057	17.81683	27.42854	19.69229	11.01831	8.205119	19.45786	21.33331	12.42489	5.860817	3.282051	5.626366	6.798531	2.813179	15.47252	7.032959	2.344322	5.391937	5.157501	2.344322	2.578758	3.047623	2.344307	6.798531	3.047615	5.626373	3.282051	3.516479	2.578751	5.626366	8.673981	7.970688	27.66297	26.95968	2.578747	4.454206	9.142853	5.860802	2.109886	2.344321	2.109887	2.813188	2.57875	3.282043	3.282052	2.578756	2.109886	2.109886	3.047615	2.109894	3.282044	15.47251	7.03296	7.970688	3.985358	3.516471	3.282065	7.03296	5.391938	8.205116	2.344311	11.25274	7.970678	2.578739	2.578739	5.626366	7.501823	14.76922	8.205114	14.30035	4.454208	5.626369	5.860809	2.578743	12.4249	6.798531	7.97068	3.750916	6.329666	3.750908	5.157501	7.032967	3.047607	
Docking x	2.618727	2.374009	2.470244	2.452462	4.175075	2.92977	3.720455	5.462917	4.056995	3.8368	9.120438	12.81118	13.87473	3.072205	3.066788	2.090927	2.149696	3.232948	5.415848	4.140266	3.296387	3.231499	3.945145	6.989147	9.208759	7.808235	3.143953	3.162737	3.607821	2.256775	4.389687	3.263655	2.03072	3.123142	4.352539	5.428627	4.678455	3.690685	2.617489	8.291534	12.09863	12.14414	8.616051	5.60645	6.088245	2.415955	2.695007	2.486084	2.437958	10.16986	23.81171	24.84888	2.524258	3.957035	6.288177	6.739382	11.57878	7.312603	3.657153	2.085693	8.922177	17.91835	13.39557	15.36891	4.711628	2.12281	6.841938	5.4711	9.502491	11.71649	3.588331	2.641296	6.53957	3.504333	2.024647	4.195258	2.060726	2.572629	2.095966	2.220343	2.595152	2.128181	2.463586	2.646016	3.26601	4.824585	2.94592	3.775533	3.295859	5.896278	9.146336	4.070034	2.411179	2.593853	3.488047	4.431307	3.864597	5.070124	3.850078	2.308457	5.032674	4.622162	2.989349	3.011536	3.986572	3.497345	4.014038	3.579712	3.361816	2.105499	2.159943	2.390991	2.203857	3.48468	4.321747	6.400391	8.424038	8.630151	6.358633	5.170317	4.639683	2.802174	2.099075	2.543877	3.315523	2.459068	3.113594	3.65489	4.352329	2.460842	2.718729	2.353362	2.352097	2.347723	3.032469	4.737898	3.647308	2.841715	2.501307	2.473087	2.333578	3.734287	3.367376	2.662292	3.061171	2.382423	2.443275	2.919308	3.033264	6.909111	11.41401	8.967064	2.247669	2.442802	3.740868	3.382629	4.32209	2.966232	4.265327	4.949898	4.456299	2.593346	2.755173	2.449341	2.542877	2.52285	2.403767	48.03677	2.50074	2.882884	4.60445	5.941074	8.080725	10.98908	12.18681	8.990005	5.011452	5.119186	7.173111	
Docking y	3.402039	2.517639	2.470062	5.838135	6.010223	3.064911	8.28537	11.99731	27.15744	52.90382	19.06198	3.309311	16.26311	9.769791	13.3788	5.152313	22.35114	6.760834	6.724182	5.105103	23.45941	4.505829	2.27771	5.462128	5.312286	2.868408	4.530365	4.187927	5.019012	2.048553	2.726196	2.484833	6.307159	12.01025	10.26349	9.542908	12.55264	5.007996	4.532318	9.927261	7.296371	6.329117	4.928864	2.530945	2.693787	2.709396	6.736923	2.025925	3.593124	2.458038	2.261215	6.049576	348.498	6.692307	18.47615	13.73332	2.378204	4.114578	5.516426	8.312202	6.771652	7.67189	7.839684	14.91242	6.195961	12.73034	21.28569	10.3865	3.287987	3.235867	7.840317	6.039951	2.735199	3.84758	2.002956	3.966759	4.083847	2.701218	2.893461	2.919237	2.17725	2.000942	2.167225	3.311758	2.259886	3.523458	4.414904	2.696033	4.594679	4.776947	4.362879	5.790363	7.11684	7.58535	2.17733	10.51602	15.26458	15.22323	11.9138	9.400261	7.464935	4.165451	5.287369	3.025467	5.192657	3.818283	6.851929	8.576218	3.490829	5.042389	3.284103	4.457474	3.654068	2.404144	2.24144	2.989502	2.683044	5.904739	4.954529	6.678482	2.254272	2.511917	2.702255	3.578583	2.549026	2.43219	2.322601	2.365616	2.129242	2.730499	2.281464	4.107971	4.583221	5.568634	8.202316	7.217804	350.2875	5.477234	7.912262	9.424194	6.357346	7.023743	7.512543	6.203156	5.908249	6.680359	8.123589	7.092979	6.589729	4.593163	2.485382	3.067352	2.781036	3.963799	2.36541	3.411774	4.097816	3.739922	4.479534	3.018024	2.794735	2.501877	2.080105	2.309216	3.196148	3.413177	3.003735	3.00893	4.025227	4.890068	2.653095	3.109288	3.209518	2.093237	2.634603	3.480788	12.40672	19.87375	11.61081	2.521576	2.241211	4.019257	9.689697	13.88364	30.25356	71.01736	21.40432	9.499496	3.959381	5.529388	2.024445	3.324501	8.534813	2.463959	2.072403	129.2704	3.285366	2.274536	3.13269	6.399374	9.617914	29.95353	2.039047	3.532005	9.407139	3.550167	5.592793	2.25845	2.072504	2.383018	2.338285	2.897145	2.688416	2.38932	2.84057	
Docking z	3.865173	4.942078	4.934143	3.782166	4.663574	5.801514	3.666809	3.081207	5.542755	4.544037	3.119324	9.877869	26.56946	54.2162	18.75089	3.368851	5.130447	5.370438	26.97362	7.894577	15.72537	4.623016	22.12418	6.18866	9.580261	8.970459	15.76486	8.881058	4.272873	6.096222	5.390594	2.913361	4.540619	6.129028	2.499268	2.805237	5.546951	9.548111	4.55864	2.046585	9.800659	6.871597	3.203415	14.91904	7.529831	2.173004	2.094604	2.516327	356.5568	2.473755	2.289032	5.545868	5.213638	7.777359	19.7041	20.22635	9.148643	6.898689	4.663353	9.023232	6.333969	7.7659	7.125984	13.93456	2.27639	3.251884	14.95254	17.26033	5.300808	5.332664	4.10667	3.607426	11.3081	10.20478	8.697372	9.018326	11.81143	10.94498	8.774734	4.956009	8.175995	6.795486	6.054153	4.540283	3.395859	3.06694	3.004501	3.561371	4.695007	2.896194	2.123779	2.503006	3.999969	2.224121	3.872437	2.417679	354.1733	3.516083	2.989532	4.379211	22.63139	23.18568	3.068817	3.494179	2.189194	2.789299	4.365448	4.156166	3.20816	2.970795	2.368622	2.123016	2.313477	2.264572	4.193008	3.801956	2.315201	8.676331	7.243713	9.146942	10.40132	2.978226	5.208847	5.658829	12.28123	13.21437	15.68285	12.28597	4.876907	3.853447	3.493286	2.981857	5.154083	9.271835	5.075111	5.815144	8.320896	7.536293	5.945465	3.599129	2.786236	5.1287	8.257784	9.306053	9.93429	7.24325	5.545013	2.416809	2.504639	3.401886	9.685125	2.761297	3.00296	7.292236	11.54538	6.713623	2.67691	2.114594	12.53979	25.43094	5.935149	2.043561	2.409236	2.909705	2.265799	2.043596	3.159601	2.657325	2.971707	3.66708	4.796722	2.246033	2.343018	2.593903	2.253845	2.80899	2.48233	5.273407	2.937439	4.042999	4.632813	4.780792	3.190613	4.068146	2.947296	2.469391	2.490417	2.29715	2.078003	2.202881	3.387543	3.199188	4.364838	2.470215	2.412903	2.886963	2.1875	12.22223	16.96567	6.463501	3.212189	9.986084	15.43253	22.82999	28.93495	70.67979	21.47529	9.804291	4.176537	5.168655	4.362694	4.018082	108.6091	3.260684	5.664481	5.786219	4.520632	2.060808	3.914164	6.33345	9.572609	4.681007	2.493893	10.34904	11.18019	33.84787	3.718414	9.047806	3.610031	4.972786	2.868507	2.798416	3.898651	
Total MV Amount	9361.312


Angle TRE instances
Rotate	617	638	639	642	
ChildRotate	613	615	651	652	653	654	662	669	
RotateInverse	1	
ChildRotateInverse	
Docking x	468	469	
Docking y	
Docking z	1	9	285	287	296	302	316	318	342	344	384	385	515	607	
Total TRE Count	27


Correct Angles	Rotate	ChildRotate	RotateInverse	ChildRotateInverse	Docking x	Docking y	Docking z
	-30	-30	0	150	90	-90	0

Angle Error	Rotate	ChildRotate	RotateInverse	ChildRotateInverse	Docking x	Docking y	Docking z
	31.86292	9.150146	0	14.93999	5.773056	108.1475	103.5658

Time Taken	Hours	Minutes	Seconds	Milliseconds	Seconds float	Completion time
	0	0	41	868	41.86806	00h:00m:41s:868ms

Final Results	Tester Name	Time of Test	Dock Shape Style	Virtual Device Visible	Time Taken	Shape Precision %	Orientation Precision %	Overall Precision %	Efficiency %	Difficulty	Total MV	Total TRE	
	1	2018-11-12_11:43:48	Ltd Random	True	00h:00m:41s:868ms	92.22874	60.79382	78.29845	35.65815	0.4333333	9361.312	27	
