
Angles Over Time
Frames	Rotate	ChildRotate	RotateInverse	ChildRotateInverse	Docking x	Docking y	Docking z	
0	-90.25949	-75.01828	0	60.48034	1.539657	-50.82169	1.813075	
1	-90.25949	-74.78387	0	59.77705	1.593246	-50.68207	1.806724	
2	-90.02505	-74.54944	0	59.77705	1.587304	-50.64655	1.863932	
3	-90.02505	-74.54944	0	60.01149	1.512265	-50.53305	1.892683	
4	-90.25949	-74.54944	0	59.77706	1.528608	-50.39386	1.917749	
5	-90.02505	-75.01828	0	56.26057	1.564718	-50.25308	1.979107	
6	-90.25949	-75.01828	0	44.07011	1.503889	-50.14001	1.974331	
7	-90.02505	-74.78387	0	37.74045	1.432634	-50.11914	1.991147	
8	-87.68073	-74.78387	0	31.41079	1.433679	-50.08438	1.968359	
9	-82.52322	-74.78387	0	27.65988	1.471261	-50.22183	1.982604	
10	-77.36572	-75.48715	0	23.67453	1.490078	-48.82605	2.025169	
11	-70.80164	-75.01828	0	15.70384	1.630018	-45.67142	2.011317	
12	-60.48663	-74.78387	0	11.7185	1.331524	-40.58542	1.849643	
13	-46.88956	-75.01828	0	10.78077	0.8850499	-36.55194	1.721007	
14	-37.51227	-74.78387	0	6.795427	0.8693314	-33.54578	1.713369	
15	-30.94818	-74.78387	0	7.264291	0.9548402	-30.08975	1.731054	
16	-26.25955	-75.72159	0	10.07748	0.6586107	-26.62393	1.435201	
17	-22.03976	-74.78387	0	0.7001971	0.7255431	-22.70493	1.222971	
18	-16.88226	-67.04761	0	-0.4719543	0.6661606	-19.38873	1.075458	
19	-16.64783	-60.95236	0	-0.2375183	0.3778615	-16.83405	0.822504	
20	-17.35114	-51.80951	0	-0.4719543	0.8565103	-14.9892	0.9547354	
21	-16.64783	-36.33701	0	-0.4719543	0.02172574	-11.2966	0.8332527	
22	-16.64783	-35.63373	0	2.810083	0.07720548	-9.589478	0.7736388	
23	-18.99216	-33.52383	0	-0.4719543	0.105035	-8.38382	0.7969382	
24	-16.88226	-28.36633	0	-0.4719543	0.06126811	-6.247284	0.7727191	
25	-16.88226	-22.73996	0	-0.4719543	-0.001194483	-2.779053	0.6644545	
26	-16.17899	-21.80225	0	-0.2375183	0.01274652	-0.0501709	0.5512521	
27	-16.17899	-22.27109	0	0.2313327	0.1011507	1.567438	0.5115415	
28	-17.1167	-24.61542	0	3.044519	0.02114767	2.209395	0.4932514	
29	-17.1167	-33.05496	0	-0.7063904	-0.1038818	2.353518	0.5624641	
30	-4.222931	-33.75827	0	-0.7063904	-0.08569336	2.317739	0.533841	
31	-3.285217	-33.2894	0	-0.4719543	0.005140249	2.194969	0.5642141	
32	-0.7064514	-33.05496	0	-0.2375183	-0.1154175	2.124302	0.9209853	
33	-0.2376099	-33.52383	0	-0.2375183	-0.1404724	2.097271	0.8526809	
34	-0.7064514	-34.69598	0	1.637926	-0.1560059	2.322715	0.8262537	
35	-1.878632	-33.52383	0	0.2313326	-0.2091675	2.57371	0.8166255	
36	-1.175323	-29.77292	0	0.2313326	-0.1990967	2.754962	0.6182102	
37	-1.175323	-28.83521	0	-0.4719543	-0.1867065	2.794758	0.5309984	
38	-0.4720459	-25.55313	0	-0.4719543	-0.1867371	2.826265	0.5303572	
39	-0.2376099	-16.87915	0	-0.4719543	-0.1787415	3.349897	0.4583972	
40	0.2312672	-14.06598	0	0.9346254	-0.192627	3.707746	0.3620904	
41	-1.40976	-9.377319	0	-0.4719543	-0.2002563	3.846816	0.3275488	
42	1.168996	-5.157562	0	0.2313326	-0.2099609	3.846678	0.3214743	
43	0.2312671	-0.7033386	0	0.2313326	-0.2255554	3.764108	0.326897	
44	0.4656955	-0.4689026	0	-0.4719543	-0.1716614	3.646086	0.3087373	
45	0.7001316	-2.34436	0	2.10679	-0.03488159	3.347295	0.2914257	
46	-1.878632	-0.7033386	0	0.9346253	0.03698193	2.462821	0.2839969	
47	0.2312673	0.2343772	0	-0.4719543	0.1036446	1.336842	0.2898248	
48	0.7001318	1.406534	0	-0.003103622	0.1746195	0.2740995	0.3088886	
49	1.403425	1.172106	0	-0.4719543	0.2193899	-0.5471191	0.3209619	
50	1.168996	0.7032417	0	-0.4719543	0.2280054	-1.39798	0.3516226	
51	0.7001318	-2.109955	0	3.278947	0.183192	-1.573242	0.3422464	
52	-1.878632	0.7032416	0	-0.2375183	0.1580478	-1.681335	0.3429812	
53	0.465696	0.4688055	0	-0.4719543	0.1474856	-1.79892	0.3651305	
54	0.700132	0.234377	0	-0.2375183	0.1474856	-1.79892	0.3651305	
55	0.9345604	0.7032414	0	-0.003103853	0.1474856	-1.79892	0.3651305	
56	0.700132	-0.9377747	0	2.341218	0.1274855	-1.799255	0.3539531	
57	-0.7064514	0.7032415	0	-0.4719543	0.113663	-2.096375	0.3638957	
58	0.9345602	0.4688055	0	-0.4719543	0.1604004	-2.096375	0.3505356	
59	1.168996	0.4688055	0	-0.2375183	0.1190505	-2.102112	0.3539742	
60	0.9345602	0.234377	0	-0.4719543	0.05228709	-2.102417	0.3562115	
61	1.168996	-1.875519	0	2.341218	0.05324828	-2.271545	0.3594441	
62	-0.7064514	0.234377	0	-0.4719543	0.05324828	-2.271545	0.3594441	
63	1.168996	0.234377	0	-0.2375183	0.04322494	-2.271729	0.3538967	
64	1.168996	0.7032414	0	-0.2375183	0.04322494	-2.271729	0.3538967	
65	1.168996	0.7032414	0	-0.003103693	0.04322494	-2.271729	0.3538967	
66	1.168996	-1.641083	0	2.341218	0.05324828	-2.271545	0.3594441	
67	-0.7064514	0.7032413	0	-0.4719543	0.05324828	-2.271545	0.3594441	
68	1.403425	0.234377	0	-0.4719543	0.07884343	-2.271393	0.3605145	


Angle MV instances
Rotate	90.25949	2.34433	5.157501	5.157501	6.564087	10.315	13.59708	9.377289	6.564087	4.688629	4.219788	5.157501	2.34433	2.109894	12.89377	2.578766	
ChildRotate	75.01828	7.736267	6.095245	9.142853	15.4725	2.109894	5.157501	5.626373	2.34433	8.439545	3.750916	3.282074	8.673981	2.813171	4.68866	4.219757	4.454224	
RotateInverse	
ChildRotateInverse	60.48034	3.516483	12.19046	6.329666	6.329659	3.750914	3.985344	7.970689	3.985344	3.985345	2.813187	9.377281	3.282037	3.282037	2.813186	3.750909	3.750901	3.516465	2.344322	2.344322	
Docking x	
Docking y	50.82169	3.154633	5.085999	4.033478	3.006165	3.456024	3.46582	3.919006	3.316193	2.554688	3.692596	2.136536	3.468231	2.728882	
Docking z	
Total MV Amount	596.9937


Angle TRE instances
Rotate	31	
ChildRotate	44	
RotateInverse	1	
ChildRotateInverse	18	
Docking x	1	
Docking y	26	
Docking z	1	
Total TRE Count	4


Correct Angles	Rotate	ChildRotate	RotateInverse	ChildRotateInverse	Docking x	Docking y	Docking z
	-3.072443E-18	-1.058787E-37	0	1.036038E-18	0	0	0

Angle Error	Rotate	ChildRotate	RotateInverse	ChildRotateInverse	Docking x	Docking y	Docking z
	1.403425	0.4688054	0	0.4719543	0.08514912	2.599304	0.3822611

Time Taken	Hours	Minutes	Seconds	Milliseconds	Seconds float	Completion time
	0	0	4	64	4.063972	00h:00m:04s:064ms

Final Results	Tester Name	Time of Test	Dock Shape Style	Virtual Device Visible	Time Taken	Shape Precision %	Orientation Precision %	Overall Precision %	Efficiency %	Difficulty	Total MV	Total TRE	
	0	2018-11-07_15:33:27	ZEROING DATA	True	00h:00m:04s:064ms	99.67442	99.44786	99.57056	100	4.564978E-21	596.9937	4	
