
Angles Over Time
Frames	Rotate	ChildRotate	RotateInverse	ChildRotateInverse	Docking x	Docking y	Docking z	
0	0.2353014	4.923093	0	-1.874573	0	0	0	
1	0	-1.641022	0	2.578751	-0.02490234	0.008315675	-0.006744385	
2	-1.875458	0	0	0	-0.04107666	0.008229214	-0.00579834	
3	0	-0.234436	0	0.4688644	-0.04107666	0.008229214	-0.00579834	
4	-0.4688416	0	0	0.234436	-0.04107666	0.008229214	-0.00579834	
5	-0.234436	0	0	-2.668037E-08	-0.04107666	0.008229214	-0.00579834	
6	2.668037E-08	-1.641022	0	2.578751	-0.04107666	0.008229214	-0.00579834	
7	-2.109894	0	0	0.2344359	-0.04107666	0.008229214	-0.00579834	
8	-0.234436	0.2344284	0	0.4688643	-0.04107666	0.008229214	-0.00579834	
9	-0.234436	0	0	0.4688643	-0.04107666	0.008229214	-0.00579834	
10	-0.234436	0	0	0.2344359	-0.02490234	0.008315675	-0.006744385	
11	-0.234436	-1.875458	0	1.406593	0.1703289	0.001026474	-0.001777096	
12	-1.641022	-2.813171	0	1.172157	0.2829848	-0.2101746	-0.03833008	
13	-0.7033081	-9.142853	0	-0.234436	0.1965812	-0.3967285	-0.006469727	
14	-0.234436	-16.17581	0	-0.234436	0.229695	-0.5183411	-0.007049561	
15	0.4688643	-24.38092	0	-1.194288E-07	0.143557	-0.5667114	0.03959294	
16	0.4688643	-37.04025	0	-1.194288E-07	0.2283585	-0.5880432	0.2212514	
17	-0.234436	-47.82413	0	1.641021	0.6432809	-0.7727051	0.5864691	
18	-1.641022	-52.98163	0	-1.067108E-07	0.7878757	-1.320435	0.7112453	
19	-0.234436	-59.07687	0	-1.067108E-07	0.7860454	-1.789185	0.8287483	
20	-0.234436	-63.29663	0	-0.234436	0.7563341	-2.314819	0.9814929	
21	0.4688643	-77.59698	0	5.626365	0.6669819	-3.275452	1.005233	
22	0.2344358	-89.78745	0	7.267394	0.6133031	-3.967255	1.01642	
23	0.7033002	-95.41382	0	9.611709	0.5185072	-4.732086	1.171615	
24	-0.9377136	-101.2746	0	10.54944	0.4685547	-6.620911	1.311494	
25	-0.4688721	-103.3845	0	10.31501	0.3621909	-9.390869	1.414889	
26	-1.854957E-07	-103.3845	0	10.31501	0.417899	-9.85675	1.453574	
27	-0.234436	-103.3845	0	11.0183	0.4035468	-9.812714	1.643438	
28	-1.867626E-07	-102.9156	0	14.76922	0.3827196	-9.795807	1.728138	
29	-2.34433	-109.4798	0	13.12819	0.5028899	-9.871613	1.416839	
30	-0.7033081	-117.6849	0	11.95603	0.9852988	-10.49619	1.326646	
31	-0.234436	-120.0292	0	11.7216	2.097459	-11.24408	2.609716	
32	-4.268859E-07	-120.2636	0	11.95603	1.895489	-11.37872	4.300113	
33	-7.267395	-120.0292	0	12.19047	2.250389	-11.34882	6.78295	
34	-14.53479	-119.5603	0	13.36262	3.366923	-11.48083	8.179417	
35	-22.50546	-119.7948	0	11.95603	5.139381	-11.4823	8.388372	
36	-23.20877	-119.7948	0	11.7216	7.422187	-11.79874	9.525843	
37	-25.31866	-120.0292	0	12.19047	8.321	-11.896	11.67388	
38	-33.0549	-119.7948	0	11.95603	8.755884	-11.8093	17.46554	
39	-41.49445	-119.0915	0	19.69229	9.57477	-11.12183	18.94526	
40	-41.96332	-119.3259	0	20.39558	10.8672	-12.80179	15.7903	
41	-41.49445	-120.0292	0	32.11719	11.95877	-16.41443	12.51585	
42	-41.02557	-119.7948	0	51.80947	11.59023	-19.18195	12.13017	
43	-40.79117	-120.0292	0	72.20506	13.20031	-23.50244	8.014503	
44	-40.55673	-119.7948	0	100.3369	15.54546	-27.4567	-8.521637	
45	-27.42853	-118.857	0	113.4651	17.13256	-29.4429	-13.69238	
46	-26.49081	-119.7948	0	121.2013	16.90609	-31.27094	-12.4393	
47	-25.78751	-119.7948	0	123.0768	15.60454	-31.6492	-10.25937	
48	-25.78751	-120.0292	0	123.0768	12.92131	-32.1019	-6.537415	
49	-25.78751	-120.0292	0	121.6702	10.45174	-32.99173	-3.580963	
50	-26.25638	-119.3259	0	121.6702	8.014407	-34.50043	1.018848	
51	-26.95966	-119.5603	0	123.0768	6.885622	-35.73999	7.10421	
52	-26.49081	-119.7948	0	123.3112	5.685414	-37.99124	13.41688	
53	-26.02194	-120.0292	0	123.3112	6.013264	-40.72382	16.98466	
54	-25.55307	-120.0292	0	123.0768	7.402586	-44.13034	18.41264	
55	-29.06955	-120.2636	0	122.6079	6.218053	-47.99139	32.18154	
56	-37.50909	-119.5603	0	121.9046	3.572467	-48.13705	37.92103	
57	-38.91571	-119.7948	0	122.8424	3.559641	-48.35614	39.89723	
58	-39.15012	-120.0292	0	123.3112	3.53212	-49.26105	41.86266	
59	-43.60434	-119.7948	0	123.0768	3.218033	-49.36703	50.50565	
60	-54.62265	-119.7948	0	123.3112	2.40987	-50.10596	52.8715	
61	-54.62265	-119.0915	0	123.0768	2.204342	-50.15662	54.1734	
62	-55.32593	-119.5603	0	123.0768	2.461439	-51.43903	53.73319	
63	-54.85706	-119.7948	0	123.3112	3.484947	-52.90912	53.62623	
64	-54.85706	-120.0292	0	123.3112	6.370968	-55.54507	54.76201	
65	-54.62265	-120.0292	0	123.3112	13.02882	-59.28491	55.18835	
66	-54.38821	-120.0292	0	123.3112	16.24072	-60.77982	54.90823	
67	-54.62265	-119.3259	0	123.0768	15.05554	-61.55951	55.02872	
68	-54.85706	-119.7948	0	123.3112	14.99065	-62.63992	54.72724	
69	-54.85706	-119.7948	0	123.3112	15.15143	-63.23602	54.60647	
70	-54.85706	-119.7948	0	123.3112	14.85158	-64.73059	54.16964	
71	-55.09149	-119.7948	0	123.3112	14.35863	-66.74536	52.21577	
72	-55.09149	-119.7948	0	123.3112	15.14501	-68.16498	49.53337	
73	-55.09149	-119.3259	0	123.3112	16.08295	-69.26102	47.18481	
74	-55.32593	-119.7948	0	123.3112	17.52801	-70.8378	44.78691	
75	-55.09149	-119.7948	0	123.3112	18.02348	-71.80176	45.05181	
76	-55.09149	-119.7948	0	123.0768	18.76669	-72.69403	46.19841	
77	-55.09149	-119.7948	0	123.3112	19.00575	-73.95618	45.87358	
78	-55.09149	-118.857	0	122.8423	19.48059	-75.7341	44.63072	
79	-55.7948	-119.3259	0	123.0768	19.74963	-76.36972	44.91137	
80	-55.09149	-119.7948	0	123.3112	20.04785	-76.27911	45.28104	
81	-55.09149	-120.0292	0	123.0768	20.28821	-76.29874	45.40911	
82	-54.85706	-120.0292	0	123.3112	20.22258	-76.85876	46.18528	
83	-54.85706	-120.0292	0	123.3112	19.95333	-77.85681	46.98362	
84	-54.85706	-119.3259	0	123.0768	19.38604	-78.50763	46.66354	
85	-55.56036	-119.7948	0	123.3112	18.97719	-79.07904	45.64758	
86	-55.32593	-119.7948	0	123.0768	18.44096	-79.80316	45.02592	
87	-55.32593	-119.7948	0	123.0768	18.11465	-80.3707	44.74639	
88	-55.32593	-119.7948	0	123.3112	17.68313	-81.32385	43.88795	
89	-55.32593	-118.857	0	123.0768	17.61022	-81.53085	43.16723	
90	-55.56036	-119.7948	0	123.0768	17.67597	-82.1098	42.49648	
91	-55.32593	-119.7948	0	123.3112	17.59929	-82.60205	42.50821	
92	-55.32593	-119.5603	0	123.3112	17.44415	-83.39484	42.06616	
93	-55.09149	-120.0292	0	123.0768	17.41939	-84.32333	41.16853	
94	-55.09149	-119.7948	0	123.3112	17.43691	-84.51459	41.25897	
95	-55.09149	-119.0915	0	122.8423	17.36183	-84.6127	41.21861	
96	-56.02924	-119.7948	0	123.0768	17.41117	-85.10144	40.45602	
97	-55.09149	-120.0292	0	123.3112	17.80865	-85.46219	40.09597	
98	-55.09149	-120.0292	0	123.3112	17.92534	-85.48199	39.91111	
99	-54.85706	-119.7948	0	123.3112	17.85454	-85.62985	39.8519	
100	-54.85706	-120.0292	0	123.3112	17.93326	-85.42566	40.27961	
101	-54.85706	-119.3259	0	123.0768	17.9595	-85.47687	40.36984	
102	-55.32593	-119.7948	0	123.3112	17.96389	-85.42456	40.20589	


Angle MV instances
Rotate	2.109894	2.34433	7.267395	7.267395	7.970673	2.109894	7.736237	8.439545	13.1282	3.516479	8.439545	4.454224	11.01831	
ChildRotate	4.923093	6.564115	6.329681	7.032959	8.205109	12.65933	10.78387	5.157501	6.095245	4.219757	14.30035	12.19046	5.626373	5.860809	2.109894	6.564102	8.205124	2.344299	
RotateInverse	
ChildRotateInverse	2.578751	2.578751	2.344315	5.860801	2.344315	3.750916	7.736258	11.72161	19.69228	20.39558	28.13184	13.1282	7.736252	
Docking x	2.282806	2.34515	2.683235	2.469571	2.43733	2.645586	2.886021	6.657849	3.2119	
Docking y	2.769958	3.61264	2.767517	4.320496	3.954254	2.251251	2.732574	3.406525	3.861053	2.635956	3.739838	2.014771	
Docking z	2.482837	2.148042	5.791656	3.15496	3.274448	4.115667	5.170746	2.179932	3.721954	2.956451	4.599811	6.085362	6.312667	3.567787	13.7689	5.739487	8.642982	2.365856	2.6824	2.34856	2.397896	
Total MV Amount	502.1687


Angle TRE instances
Rotate	
ChildRotate	30	31	
RotateInverse	1	
ChildRotateInverse	
Docking x	40	50	65	78	85	
Docking y	91	
Docking z	56	57	
Total TRE Count	10


Correct Angles	Rotate	ChildRotate	RotateInverse	ChildRotateInverse	Docking x	Docking y	Docking z
	-110	-113.3024	0	135	14.06274	-86.85349	34.56698

Angle Error	Rotate	ChildRotate	RotateInverse	ChildRotateInverse	Docking x	Docking y	Docking z
	54.90851	6.726776	0	11.6888	4.048631	1.61438	5.586151

Time Taken	Hours	Minutes	Seconds	Milliseconds	Seconds float	Completion time
	0	0	6	84	6.08408	00h:00m:06s:084ms

Final Results	Tester Name	Time of Test	Dock Shape Style	Virtual Device Visible	Time Taken	Shape Precision %	Orientation Precision %	Overall Precision %	Efficiency %	Difficulty	Total MV	Total TRE	
	0	2018-11-07_15:21:51	Presets_dockPreset_3	True	00h:00m:06s:084ms	89.8161	98.66656	93.28783	91.16356	0.5486507	502.1687	10	
