
Angles Over Time
Frames	Rotate	ChildRotate	RotateInverse	ChildRotateInverse	Docking x	Docking y	Docking z	
0	-94.86618	-138.7837	0	42.27658	11.65656	-59.94812	-54.15247	
1	-94.63174	-138.7837	0	42.27658	11.65537	-59.79208	-54.11127	
2	-94.86618	-137.846	0	42.27658	11.67248	-59.41235	-53.97644	
3	-94.39731	-138.0804	0	42.27658	11.68383	-59.40344	-53.94788	
4	-94.63174	-138.7837	0	42.27658	11.55017	-59.16348	-54.15533	
5	-94.63174	-139.2526	0	42.27658	11.64256	-59.01422	-53.88803	
6	-94.86618	-139.0182	0	42.27658	11.72644	-58.75012	-53.65027	
7	-95.10062	-139.487	0	42.04215	11.95216	-58.8526	-53.55087	
8	-95.10062	-138.3148	0	40.63556	12.96856	-58.42029	-52.3761	
9	-94.63174	-138.7837	0	33.13373	15.39473	-57.84244	-49.62766	
10	-94.86618	-138.7837	0	24.22532	19.34269	-56.2999	-45.18445	
11	-94.86618	-139.0182	0	4.298596	23.92902	-53.21594	-37.664	
12	-94.86618	-138.7837	0	0.07881562	28.3188	-49.16306	-28.082	
13	-94.86618	-137.1427	0	0.3132516	30.16795	-47.75616	-24.0983	
14	-93.92847	-138.3148	0	0.5476801	30.15593	-45.99207	-21.51605	
15	-94.1629	-138.7837	0	-0.3900452	31.42024	-42.16666	-17.28882	
16	-94.63174	-139.2526	0	0.07881556	31.88461	-36.50052	-11.77353	
17	-94.39734	-139.2526	0	-0.3900452	32.4375	-29.11438	-6.634399	
18	-79.39368	-136.6738	0	1.016545	32.61752	-19.37775	-3.253662	
19	-52.43399	-134.5639	0	3.126431	29.63138	-9.907562	-3.046967	
20	-26.41205	-137.3771	0	1.25098	28.01494	-6.0867	-2.54718	
21	-12.11169	-137.6116	0	0.7821161	25.79689	-2.663544	-0.960022	
22	-2.499969	-136.4394	0	1.016544	24.60153	0.2791174	3.173854	
23	-2.031097	-119.7947	0	1.25098	24.59725	3.54479	6.038006	
24	-2.265533	-91.6629	0	0.7821161	24.58201	8.806966	7.488109	
25	-1.562256	-56.02924	0	1.954273	22.04919	15.93686	5.883311	
26	-2.968842	-42.90103	0	0.782116	20.32725	18.66399	3.700006	
27	-2.265533	-32.11719	0	1.016544	18.54753	19.03294	3.815882	
28	-2.265533	-31.41388	0	0.54768	15.70043	18.61034	4.544322	
29	-2.031097	-31.41388	0	0.782116	13.0756	17.76549	7.948325	
30	-2.031097	-31.64832	0	2.188701	10.64384	17.0262	10.23812	
31	-3.203278	-31.41388	0	1.485409	9.88395	15.54185	10.29231	
32	-2.499969	-31.41388	0	1.016545	6.667215	12.95765	12.29616	
33	-2.031097	-31.17944	0	0.5476802	4.985852	10.82302	15.01492	
34	-1.562256	-31.41388	0	0.7821163	4.182698	9.25156	15.37617	
35	-1.562256	-31.17944	0	1.016545	3.056593	8.086107	17.059	
36	-2.265533	-31.64832	0	2.892002	1.392683	7.191805	18.2048	
37	-3.437714	-31.41388	0	1.250981	0.03071931	6.267347	19.57873	
38	-2.499969	-31.17944	0	0.5476803	-1.010162	5.539994	21.94031	
39	-6.016449	-31.41388	0	0.7821164	-1.952698	4.647199	22.94138	
40	-5.782013	-27.8974	0	0.5476803	-2.964386	3.486296	23.38421	
41	-8.595215	-24.84979	0	0.5476803	-3.897064	2.820644	24.14838	
42	-10.0018	-23.91208	0	1.485409	-4.063385	2.452234	21.79809	
43	-10.70511	-22.50546	0	0.5476802	-3.855164	1.683056	17.92495	
44	-10.47067	-20.63	0	5.705188	-3.852386	0.9823938	11.41371	
45	-10.23624	-17.5824	0	5.705188	-3.754944	0.4089751	10.22054	
46	-8.829651	-12.19046	0	5.705188	-3.793884	0.2079578	7.53022	
47	-5.313171	-8.205109	0	5.705188	-3.884338	0.2887102	5.073364	
48	-1.562256	-7.736267	0	6.64291	-3.908203	0.4188531	4.074435	
49	-1.796692	-7.032959	0	5.939618	-3.881927	0.457281	3.904001	
50	-1.32782	-7.032959	0	5.705189	-3.93811	0.5651426	3.752725	
51	-0.8589478	-6.798523	0	0.7821164	-3.96347	0.7398218	3.607296	
52	-1.093384	-6.329681	0	0.7821164	-3.991913	1.046381	3.481326	
53	-1.32782	-7.032959	0	2.657567	-4.044678	1.680632	3.332451	
54	-2.031097	-6.564087	0	1.250981	-4.091217	2.1326	3.152462	
55	-0.8589478	-6.564087	0	0.7821165	-3.991211	2.08303	2.926826	
56	0.3132044	-5.391937	0	0.7821165	-3.853668	2.069236	2.832171	
57	0.3132044	-4.454193	0	0.5476804	-3.636566	1.995367	2.775665	
58	0.07877602	-3.047607	0	0.5476804	-3.5271	1.654356	2.691185	
59	0.07877602	-3.282043	0	2.657567	-3.230621	0.7194886	2.551487	
60	-1.093384	-2.109894	0	1.016545	-3.16449	0.3690231	2.519561	
61	0.3132045	-1.875458	0	0.5476807	-3.070709	-0.037323	2.497173	
62	0.0787761	-1.406586	0	0.7821168	-2.935272	-0.8695679	2.483558	
63	-0.1556702	-1.641022	0	0.5476808	-2.883484	-2.277344	2.589966	
64	0.07877611	-1.641022	0	0.7821168	-2.953217	-2.839081	2.635822	
65	0.3132045	-3.047607	0	2.657567	-2.957428	-2.980194	2.624969	
66	-1.093384	-1.875458	0	1.250981	-3.104309	-2.936523	2.64299	
67	0.3132044	-1.875458	0	0.07881635	-3.257263	-2.902191	2.670893	
68	0.3132044	-1.641022	0	0.5476807	-3.594635	-2.680328	2.666821	
69	0.7820688	-1.875458	0	0.7821168	-3.701294	-2.626953	2.628142	
70	0.07877602	-1.875458	0	0.7821168	-3.727448	-2.654175	2.610113	
71	0.3132044	-2.578735	0	1.954274	-3.731415	-2.671326	2.579632	
72	-0.8589478	-1.875458	0	0.5476807	-3.730194	-2.738403	2.569726	
73	0.3132044	-1.641022	0	0.5476807	-3.738281	-2.943756	2.575009	
74	0.07877599	-2.109894	0	0.5476807	-3.746002	-2.887543	2.537772	
75	0.3132044	-1.641022	0	0.5476807	-3.763672	-2.904877	2.525758	
76	0.3132044	-2.34433	0	1.719846	-3.768707	-3.036743	2.515099	
77	-0.6245117	-2.34433	0	1.250981	-3.772278	-2.881256	2.47552	
78	-0.1556702	-1.406586	0	0.3132522	-3.760803	-3.014801	2.462483	
79	0.7820688	-1.406586	0	0.5476806	-3.751373	-3.20282	2.479811	
80	0.7820688	-1.406586	0	0.3132522	-3.76123	-3.194214	2.472285	
81	0.7820688	-1.406586	0	0.5476806	-3.770569	-3.18808	2.464857	
82	0.7820688	-2.34433	0	1.485409	-3.780579	-2.720062	2.403262	
83	-0.3900757	-1.641022	0	0.3132522	-3.803894	-2.434021	2.36993	
84	0.7820688	-1.641022	0	0.3132522	-3.801514	-2.622162	2.396591	
85	0.3132044	-1.641022	0	0.5476806	-3.802155	-2.612976	2.395792	
86	0.3132044	-1.875458	0	0.5476806	-3.787628	-2.580139	2.390353	
87	0.3132044	-3.047607	0	2.188702	-3.765259	-2.521454	2.38941	
88	-0.8589478	-1.875458	0	1.250981	-3.762085	-2.441132	2.372706	
89	0.3132044	-1.641022	0	0.7821165	-3.759155	-2.50531	2.378708	
90	0.3132044	-1.875458	0	0.5476804	-3.757172	-2.539764	2.381798	
91	0.5476404	-1.406586	0	0.7821165	-3.745789	-2.58725	2.393075	
92	0.07877603	-1.641022	0	0.313252	-3.73587	-2.602631	2.40135	
93	0.3132044	-2.109894	0	1.485409	-3.740814	-2.504028	2.39228	


Angle MV instances
Rotate	94.86618	15.00366	26.95969	26.02194	14.30035	9.611725	3.516479	2.813202	3.516479	3.750916	
ChildRotate	138.7837	2.578766	2.109879	2.813171	16.64465	28.13184	35.63367	13.1282	10.78384	3.516479	3.047607	3.047607	5.391937	3.985352	
RotateInverse	
ChildRotateInverse	42.27658	7.501827	8.908417	19.92672	4.21978	2.109886	5.157508	4.923072	2.109886	
Docking x	11.65656	2.426174	3.947963	4.586329	4.389774	2.986135	2.218054	2.53282	2.847095	2.624834	2.431762	3.216735	
Docking y	59.94812	3.083954	4.052887	3.825409	5.666138	7.386139	9.736633	9.470184	3.820862	3.423157	2.942661	3.265672	5.262177	7.129894	2.727128	2.584196	2.134639	
Docking z	54.15247	2.748444	4.443207	7.520447	9.582001	3.983704	2.582245	4.227234	5.515289	5.13913	3.380737	4.133876	2.864151	2.183305	3.404003	2.2898	2.003851	2.718761	2.36158	2.350286	3.873142	6.511245	2.690316	2.456855	
Total MV Amount	892.531


Angle TRE instances
Rotate	23	39	48	
ChildRotate	58	
RotateInverse	1	
ChildRotateInverse	12	44	51	
Docking x	34	
Docking y	22	24	39	
Docking z	19	23	26	29	48	
Total TRE Count	16


Correct Angles	Rotate	ChildRotate	RotateInverse	ChildRotateInverse	Docking x	Docking y	Docking z
	-4.370166E-25	-1.611493E-43	0	1.462393E-25	0	0	0

Angle Error	Rotate	ChildRotate	RotateInverse	ChildRotateInverse	Docking x	Docking y	Docking z
	0.07877605	1.875458	0	0.5476805	3.734497	2.627899	2.403641

Time Taken	Hours	Minutes	Seconds	Milliseconds	Seconds float	Completion time
	0	0	5	533	5.53266	00h:00m:05s:533ms

Final Results	Tester Name	Time of Test	Dock Shape Style	Virtual Device Visible	Time Taken	Shape Precision %	Orientation Precision %	Overall Precision %	Efficiency %	Difficulty	Total MV	Total TRE	
	0	2018-11-07_15:26:40	ZEROING DATA	True	00h:00m:05s:533ms	99.65251	99.06823	99.10572	100	6.480622E-28	892.531	16	
