
Angles Over Time
Frames	Rotate	ChildRotate	RotateInverse	ChildRotateInverse	Docking x	Docking y	Docking z	
0	-0.8617859	-0.9377136	0	-0.3928528	-0.40625	0.3655412	-0.2453003	
1	0.7115802	0.7032928	0	0.2427158	0.04546162	0.129581	-0.0489502	
2	0.4771518	0.4688645	0	0.008279749	0.1138874	0.3671125	-0.1051331	
3	0.4771518	-2.34433	0	3.524767	0.2047472	0.477495	-0.1625061	
4	-1.867157	0.4688645	0	1.180444	0.2024001	0.5708366	-0.2174683	
5	0.4771517	0.7032929	0	0.2427156	0.1423117	0.4860309	-0.2084045	
6	0.71158	1.406593	0	0.2427156	0.2709203	0.4852814	-0.2139587	
7	1.414873	1.641022	0	0.2427156	0.3579691	0.6034753	-0.2827148	
8	1.414873	0.4688645	0	0.2427156	0.292241	0.7311102	-0.3630676	
9	0.4771517	-2.578766	0	4.931352	0.1708923	0.8900209	-0.4059143	
10	-1.163879	-2.133894E-07	0	0.4771441	0.1407651	1.070181	-0.168396	
11	0.4771516	0.7032926	0	0.2427157	0.0498704	1.623821	0.3779807	
12	0.4771516	1.406593	0	0.008279643	-0.2375793	1.805589	0.6586303	
13	1.414873	1.406593	0	0.9460084	-0.3380432	1.789117	0.7957702	
14	0.9460161	1.406593	0	0.2427157	-0.4916687	1.865365	0.8625622	
15	1.649309	-0.7033081	0	1.883737	-0.7501831	1.988214	0.9387236	
16	-0.6950073	0.2344281	0	9.619997	-1.283783	2.464998	-0.8140564	
17	0.4771516	-3.201644E-07	0	33.76648	-1.361755	3.402092	-3.285034	
18	0.008287155	-22.27106	0	38.92399	-1.895538	4.393251	-3.65387	
19	0.4771516	-45.71423	0	36.81409	-2.712952	5.15331	-1.985107	
20	0.4771516	-55.56039	0	33.29762	-2.753845	5.59156	-0.4113159	
21	-2.570465	-54.62265	0	34.00092	-2.56839	6.270245	-0.9463806	
22	-0.4605713	-54.15378	0	33.53205	-1.959961	7.022363	-2.506042	
23	0.7115799	-53.4505	0	38.68956	-1.189056	7.72818	-3.395874	
24	0.946016	-53.68494	0	40.33059	-0.06161499	8.20827	-4.508301	
25	1.180444	-53.4505	0	43.3782	0.6688058	8.541646	-6.489929	
26	1.414873	-54.62265	0	49.47343	1.701572	8.860523	-9.293549	
27	-0.9294434	-53.91937	0	57.91298	4.289096	9.214939	-12.77728	
28	0.4771516	-53.91937	0	1.414867	7.554459	9.687072	-17.69797	
29	0.2427156	-53.91937	0	88.38914	11.37539	11.20984	-26.1702	
30	0.008287167	-53.91937	0	93.54664	14.74063	13.95141	-31.39835	
31	0.2427156	-55.32596	0	95.4221	16.63786	16.29206	-34.93048	
32	-1.867157	-66.34424	0	95.18766	18.73593	19.18623	-36.5108	
33	-0.9294434	-80.17575	0	94.7188	21.36818	22.9866	-37.01334	
34	1.180444	-87.20871	0	97.53199	24.57529	26.6614	-38.36682	
35	1.883737	-88.6153	0	102.2206	28.00375	30.45371	-41.37628	
36	1.180444	-88.84973	0	105.9715	30.0176	33.62704	-43.47934	
37	1.180444	-89.55304	0	108.5503	31.32161	35.87083	-44.51981	
38	-2.336029	-88.84973	0	108.0814	31.88821	37.15967	-44.9198	
39	0.9460159	-88.6153	0	108.5503	33.12814	38.42813	-45.52609	
40	1.883737	-89.3186	0	109.7225	34.85873	39.97222	-46.41385	
41	0.946016	-91.89734	0	110.6602	37.79576	42.19773	-47.51318	
42	1.414873	-92.13177	0	113.0045	41.02678	44.43695	-49.2294	
43	1.883737	-92.60065	0	114.6455	43.34827	46.03177	-51.28232	
44	0.008286857	-92.36621	0	115.8177	44.26713	47.015	-52.51123	
45	0.7115797	-92.36621	0	116.0521	44.56533	48.09631	-53.03979	
46	0.9460158	-92.36621	0	116.0521	44.99299	49.24802	-53.35944	
47	0.7115798	-92.36621	0	116.0521	45.10899	50.71743	-53.30017	
48	0.4771514	-92.83508	0	116.521	43.32795	54.96174	-51.42252	
49	-2.336029	-92.83508	0	116.7554	40.77164	60.43143	-49.5264	
50	0.2427152	-92.83508	0	118.6309	38.36525	64.99501	-48.25833	
51	0.9460156	-93.30396	0	123.5539	35.83294	69.03199	-47.37964	
52	0.7115796	-93.53839	0	128.477	33.14782	72.03353	-45.54843	
53	0.7115796	-93.53839	0	129.1803	30.72179	74.40838	-42.08453	
54	0.9460156	-93.77283	0	129.4147	28.1654	75.32456	-37.13333	
55	-0.9294434	-94.94498	0	129.8836	25.63441	75.06405	-33.43265	
56	0.4771512	-100.1025	0	129.8836	23.70661	74.00746	-26.81006	
57	0.7115796	-103.8534	0	129.8836	21.73905	72.41609	-21.47488	
58	0.4771512	-104.7911	0	129.6492	19.74463	70.64022	-17.05518	
59	0.4771512	-105.26	0	130.118	19.79384	69.59898	-18.00906	
60	-2.336029	-106.6665	0	129.6492	20.94947	68.97091	-17.88599	
61	-0.2261353	-107.3699	0	129.4147	21.39459	68.41965	-17.59915	
62	0.4771512	-107.8387	0	129.4147	22.56259	67.68848	-16.92233	
63	0.9460155	-108.542	0	129.6492	24.29049	67.17753	-15.10349	
64	0.9460155	-108.3076	0	129.4147	27.03131	67.47066	-9.064545	
65	0.7115794	-108.542	0	129.8836	27.60242	66.87235	-5.678345	
66	-3.508179	-108.542	0	129.4147	27.53818	65.43084	-6.07428	
67	0.7115796	-108.542	0	129.4147	26.97593	63.71019	-7.887299	
68	0.2427153	-108.542	0	129.4147	27.23172	62.81242	-8.95462	
69	1.649309	-108.542	0	129.4147	27.23368	62.29785	-9.756683	
70	1.414873	-108.542	0	129.4147	27.09289	62.59542	-10.24689	
71	1.414873	-108.542	0	129.8836	27.54986	63.00175	-11.65512	
72	-0.6950073	-108.542	0	129.8836	28.68658	63.73891	-13.64386	
73	0.2427154	-108.542	0	129.8836	30.59581	64.37711	-15.66272	
74	1.883737	-108.7764	0	129.8836	31.62451	63.74607	-17.88892	
75	1.180444	-108.542	0	129.6492	30.69786	61.95321	-22.53137	
76	1.883737	-108.7764	0	130.118	30.14665	60.96881	-26.19833	
77	-1.163879	-108.7764	0	129.8836	31.18034	60.49755	-29.24686	
78	1.649309	-108.542	0	129.8836	33.67413	59.89288	-33.83838	
79	1.180444	-108.7764	0	129.8836	35.67187	60.15638	-35.82034	
80	2.821465	-108.7764	0	129.6492	35.78485	60.87427	-35.48541	
81	2.821465	-108.7764	0	129.8836	33.63957	62.38334	-32.5759	
82	2.821465	-108.542	0	130.118	30.2525	64.7179	-26.29926	
83	-0.2261353	-108.7764	0	129.8836	27.20252	67.00394	-20.07678	
84	1.883737	-108.7764	0	129.8836	25.53725	67.89152	-16.08389	
85	1.649309	-109.0109	0	129.8836	24.14157	68.64771	-12.4826	
86	1.180444	-108.7764	0	129.8836	23.77044	68.99889	-9.994446	
87	1.649309	-109.0109	0	130.118	24.04682	69.59409	-8.167328	
88	-0.6950073	-108.7764	0	129.8836	24.37344	70.42953	-6.516083	
89	0.7115798	-108.7764	0	130.118	24.10504	71.53458	-6.628662	
90	1.649309	-108.7764	0	131.7591	23.93364	72.33475	-6.994446	
91	2.352602	-108.7764	0	132.9312	24.24651	72.58974	-7.538971	
92	2.821465	-109.0109	0	133.6345	25.21067	72.2359	-8.006989	
93	2.821465	-109.0109	0	134.1034	25.56513	71.62228	-8.11557	
94	0.2427154	-108.7764	0	134.5722	25.37349	70.81747	-8.125671	
95	1.414873	-108.7764	0	135.0411	25.0198	70.52717	-7.951996	
96	1.883737	-108.7764	0	135.7444	24.38638	70.15866	-8.005402	
97	1.883737	-109.0109	0	136.6821	23.76159	69.97356	-8.002625	
98	1.414873	-109.0109	0	137.151	22.86221	69.77352	-7.852661	
99	-0.9294434	-108.7764	0	136.9166	22.37615	69.63087	-7.605133	
100	0.9460157	-108.7764	0	136.9166	22.08464	68.40657	-7.448364	
101	1.180444	-108.7764	0	137.151	21.8878	67.56371	-7.934631	
102	2.352602	-108.7764	0	136.9166	21.48679	66.34032	-8.574738	


Angle MV instances
Rotate	3.047617	2.109894	2.578744	2.109894	4.219758	4.219759	3.047601	2.57875	
ChildRotate	3.04763	2.578766	22.27106	23.44318	9.846161	11.01828	13.83151	7.032959	2.578735	5.157501	3.750916	
RotateInverse	
ChildRotateInverse	3.516487	2.344322	4.688637	4.454208	7.736259	24.14649	5.157509	2.109898	3.516476	5.157505	3.047615	6.095234	8.439548	56.49812	86.97428	5.157494	2.813187	4.688637	3.750916	2.578751	2.344322	4.923073	4.923065	
Docking x	2.587524	3.265363	3.820931	3.365241	2.098072	2.632248	3.207109	3.428457	2.013849	2.937035	3.231022	2.321491	2.556309	2.406384	2.53231	2.68512	2.426031	2.556393	2.530989	2.74082	2.493782	2.145275	3.387075	3.049976	
Docking y	2.74157	2.340652	2.894161	3.800371	3.674807	3.792311	3.173326	2.24379	2.225506	2.239227	4.244308	5.469692	4.56358	4.03698	3.001541	2.374847	2.33456	2.286049	
Docking z	2.470978	2.803619	3.483734	4.920685	8.472229	5.228149	3.532135	3.00946	2.103058	2.052917	3.463898	4.951202	3.700684	6.622589	5.335175	4.419708	6.03894	3.3862	2.01886	2.226196	4.642456	3.666962	3.048523	4.591522	2.909515	6.276642	6.222473	3.992889	3.601288	2.488159	
Total MV Amount	629.0677


Angle TRE instances
Rotate	
ChildRotate	35	56	
RotateInverse	1	
ChildRotateInverse	
Docking x	36	41	52	56	64	79	81	85	92	96	
Docking y	
Docking z	
Total TRE Count	12


Correct Angles	Rotate	ChildRotate	RotateInverse	ChildRotateInverse	Docking x	Docking y	Docking z
	-90	-90	0	150	30	90	90

Angle Error	Rotate	ChildRotate	RotateInverse	ChildRotateInverse	Docking x	Docking y	Docking z
	92.3526	18.77644	0	13.08344	8.673845	24.88012	99.48434

Time Taken	Hours	Minutes	Seconds	Milliseconds	Seconds float	Completion time
	0	0	6	73	6.073081	00h:00m:06s:073ms

Final Results	Tester Name	Time of Test	Dock Shape Style	Virtual Device Visible	Time Taken	Shape Precision %	Orientation Precision %	Overall Precision %	Efficiency %	Difficulty	Total MV	Total TRE	
	0	2018-11-27_19:12:26	Ltd Random	True	00h:00m:06s:073ms	82.74827	76.96954	79.58327	88.98174	0.6	629.0677	12	
