
Angles Over Time
Frames	Rotate	ChildRotate	RotateInverse	ChildRotateInverse	Docking x	Docking y	Docking z	
0	-97.75427	-143.9412	0	108.3115	-89.31216	88.8294	120.8385	
1	-97.75427	-145.1134	0	107.3737	-89.58694	83.54306	126.0193	
2	-97.51984	-145.3478	0	107.6082	-89.67194	73.9505	135.4034	
3	-97.51984	-145.5822	0	107.6082	-89.77972	35.79491	173.5085	
4	-97.51984	-145.3478	0	107.3737	-89.74744	-71.62463	-79.02286	
5	-97.51984	-145.3478	0	107.6082	-89.06622	-60.55255	-90.27203	
6	-97.51984	-144.8789	0	107.8426	-88.52289	-51.83429	-99.00211	
7	-97.51984	-145.5822	0	107.6082	-87.68927	-37.38409	-113.3997	
8	-97.51984	-145.1134	0	101.0441	-87.36047	-66.07898	-84.21841	
9	-97.51984	-144.6445	0	38.21631	-79.07358	-132.3514	-7.401978	
10	-97.51984	-144.6445	0	0.2383182	-61.2955	-137.8537	15.44726	
11	-44.06934	-135.2672	0	2.113776	-37.16843	-135.6528	4.070431	
12	1.176032	-135.2672	0	1.410483	-23.06525	-132.1859	-1.036896	
13	1.176032	-135.5016	0	0.003889661	-30.11459	-123.5563	-12.38766	
14	2.582618	-135.7361	0	-0.4649658	-19.90549	-111.3585	-24.38776	
15	3.520347	-135.7361	0	-0.4649658	-2.790985	-97.20959	-27.93652	
16	3.520347	-135.5016	0	0.2383181	6.594693	-71.92093	-15.83105	
17	2.34819	-134.5639	0	3.051504	5.793775	-45.94681	3.320508	
18	-0.6994324	-135.2672	0	0.7071822	8.436562	-29.34558	11.60587	
19	2.817054	-135.2672	0	-0.2305298	5.150243	-28.81662	8.931602	
20	2.582618	-135.5016	0	-0.2305298	-0.3926086	-29.91684	10.23228	
21	3.520347	-133.6262	0	-0.4649658	0.4927428	-22.50555	26.06645	
22	3.285919	-131.0474	0	0.2383178	3.954162	-12.19949	30.60961	
23	-30.70673	-130.5786	0	6.567984	3.360963	-8.832428	10.78798	
24	-26.72137	-130.5786	0	3.28594	2.878477	-8.813171	8.449168	
25	-11.24887	-130.3441	0	3.754804	4.536766	-9.061188	4.118155	
26	-9.138977	-130.5786	0	4.22366	4.312956	-9.532806	5.057386	
27	-9.607849	-130.5786	0	0.238317	3.854684	-9.394043	7.76643	
28	-9.842285	-129.8753	0	3.28594	2.366131	-6.238251	14.54188	
29	-11.95218	-130.3441	0	0.9416175	2.240651	-0.3760071	16.3964	
30	-10.31113	-130.5786	0	-0.6994019	0.5558547	5.643033	18.5147	
31	-9.373413	-130.5786	0	-0.4649658	-1.29129	9.243808	18.47473	
32	-8.435699	-129.6408	0	0.003888696	-1.363403	9.278243	18.14159	
33	-9.373413	-113.465	0	15.71084	-0.2811584	6.866098	7.995853	
34	-0.9338684	-75.01819	0	18.28959	0.3371323	5.035214	2.170904	
35	-3.278168	-30.71054	0	16.1797	0.4019287	4.633161	2.007631	
36	-0.9338684	-2.344269	0	13.60094	0.13722	5.375418	1.189769	
37	-0.9338684	0.7033359	0	4.458097	1.9919	6.155794	-0.144165	
38	0.003866785	-0.2344055	0	-0.4649658	0.8226714	6.692362	-0.009460449	
39	1.176032	1.406636	0	-0.4649658	-0.4472961	6.674905	-1.116913	
40	1.41046	4.300561E-05	0	0.9416175	-0.4569702	6.679198	-0.1343079	
41	0.003866847	1.406636	0	-0.2305298	-0.4634399	6.678646	-0.1562805	
42	1.644896	0.2344715	0	0.4727531	0.1998803	6.092513	-0.1323853	
43	0.7071672	0.7033359	0	0.9416175	-0.3764648	6.081096	-0.1386108	
44	0.2383028	-0.468811	0	2.348211	-0.6541138	6.067368	-0.1864624	
45	-0.9338684	-2.344269	0	1.879346	-0.2485962	6.21915	-0.3128967	
46	-2.809326	-0.2344055	0	1.879346	-0.1026306	8.041032	-0.4577026	
47	-0.6994324	0.9377722	0	0.4727531	0.0002419915	7.837849	-0.4690552	
48	0.4727308	0.9377722	0	0.4727531	-0.4963989	6.995776	-0.3959656	
49	0.4727308	0.9377722	0	0.003888696	-0.582489	5.752459	-0.3409424	
50	0.9415953	0.9377722	0	0.003888696	-0.6462402	4.827471	-0.3377991	
51	0.9415953	-2.344269	0	3.754804	-0.6494141	4.012341	-0.2966614	
52	-2.106018	0.9377723	0	1.410482	-0.4739685	3.169339	-0.2647095	
53	0.2383026	0.7033362	0	0.4727531	-0.5899963	2.085127	-0.2377319	
54	0.707167	1.172201	0	0.003888724	-0.8449707	1.271207	-0.2305603	
55	1.879324	0.2344716	0	0.003888724	-1.040131	0.6896965	-0.2255554	
56	1.176031	0.4689077	0	0.2383171	-1.154816	0.01761331	-0.2316589	
57	1.176031	-2.344269	0	3.754804	-1.193512	-0.6175232	-0.2290955	
58	-2.106018	0.7033361	0	-0.2305298	-1.236145	-1.252899	-0.2368164	
59	0.9415951	0.7033361	0	0.4727531	-1.238068	-2.638733	-0.1924744	
60	0.4727308	0.7033361	0	0.2383171	-1.286835	-3.299377	-0.1834412	
61	0.9415951	0.7033361	0	0.2383171	-1.347687	-3.783264	-0.1765137	
62	0.9415951	0.7033361	0	0.2383171	-1.402771	-4.205627	-0.1863098	
63	0.2383023	-0.468811	0	1.644911	-1.503204	-4.783752	-0.1829224	
64	-0.4649963	1.172201	0	0.003888897	-1.521881	-6.320862	-0.1211243	
65	1.879324	1.406637	0	0.7071818	-1.523773	-6.906616	-0.119751	
66	1.41046	1.172201	0	0.003888886	-1.490387	-7.521851	-0.09503174	
67	1.879324	0.4689077	0	0.003888886	-1.405273	-8.070404	-0.09613037	
68	0.9415951	-2.813141	0	3.754804	-1.36676	-8.695892	-0.0614624	
69	-2.106018	0.9377719	0	0.7071816	-1.356293	-8.695801	-0.06613159	
70	0.4727305	0.2344713	0	0.003888726	-1.278992	-10.1463	-0.02749634	
71	0.941595	0.9377719	0	0.7071816	-1.279968	-10.74146	-0.02728271	
72	0.7071665	0.7033358	0	0.7071816	-1.423035	-11.13336	-0.006469727	
73	0.4727305	0.4689074	0	0.2383172	-1.5065	-11.70395	0.007544297	
74	0.4727305	-0.7032471	0	0.9416177	-1.519318	-12.51938	0.03724849	
75	0.2383021	1.641065	0	0.2383172	-1.485352	-13.6467	0.0835283	
76	1.644896	1.641065	0	0.4727532	-1.475159	-14.24634	0.1052658	
77	1.41046	1.641065	0	0.7071817	-1.490936	-14.81055	0.1257967	
78	1.176031	0.9377719	0	0.003888832	-1.524078	-15.2522	0.1369791	


Angle MV instances
Rotate	97.75427	53.4505	45.24537	3.516486	33.99265	3.985352	15.4725	2.109894	2.109894	8.439545	2.344299	2.344299	2.109894	
ChildRotate	143.9412	9.377274	2.578751	16.1758	38.44685	44.30765	28.36627	2.109863	3.282049	
RotateInverse	
ChildRotateInverse	108.3115	6.564095	62.82777	37.97799	2.813186	2.344322	6.329666	3.282043	3.985343	3.047623	2.344322	15.70695	2.57875	2.109886	2.578758	9.142845	4.923063	3.750916	2.344322	3.516487	3.985334	3.750916	3.047623	
Docking x	89.31216	8.286896	17.77808	24.12708	14.10318	7.049347	10.20911	17.1145	9.385677	2.642787	3.286319	5.542851	3.461419	
Docking y	88.8294	5.286339	9.59256	38.15559	107.4195	11.07208	8.718262	14.4502	28.69489	66.27238	5.502365	2.200882	3.466919	8.629639	12.1978	14.1489	25.28867	25.97412	16.60123	7.411285	10.30606	3.367065	3.155792	5.862244	6.01904	3.600775	2.412145	
Docking z	120.8385	5.180885	9.384087	38.10507	252.5314	11.24918	8.730072	14.39761	29.1813	76.81644	22.84924	11.37683	5.107327	11.35077	12.00009	3.548767	12.10547	19.15156	8.285365	2.674271	15.83418	4.543159	19.82164	2.338809	4.331014	2.709044	6.775447	2.118299	10.14573	5.82495	
Total MV Amount	2354.966


Angle TRE instances
Rotate	13	23	34	
ChildRotate	37	
RotateInverse	1	
ChildRotateInverse	11	23	24	33	37	
Docking x	20	
Docking y	35	36	50	64	
Docking z	12	13	17	18	25	26	34	
Total TRE Count	21


Correct Angles	Rotate	ChildRotate	RotateInverse	ChildRotateInverse	Docking x	Docking y	Docking z
	-7.364757E-21	-4.820467E-43	0	8.952463E-21	0	0	0

Angle Error	Rotate	ChildRotate	RotateInverse	ChildRotateInverse	Docking x	Docking y	Docking z
	0.941595	2.344269	0	4.223661	1.547089	15.68359	0.1426582

Time Taken	Hours	Minutes	Seconds	Milliseconds	Seconds float	Completion time
	0	0	4	649	4.649485	00h:00m:04s:649ms

Final Results	Tester Name	Time of Test	Dock Shape Style	Virtual Device Visible	Time Taken	Shape Precision %	Orientation Precision %	Overall Precision %	Efficiency %	Difficulty	Total MV	Total TRE	
	0	2018-11-27_19:18:02	ZEROING DATA	True	00h:00m:04s:649ms	98.95701	97.06921	98.02517	100	1.813025E-23	2354.966	21	
