
Angles Over Time
Frames	Rotate	ChildRotate	RotateInverse	ChildRotateInverse	Docking x	Docking y	Docking z	
0	-0.4775085	-8.439545	0	146.2769	82.12002	71.87213	124.7774	
1	-6.572723	-2.578735	0	145.1048	82.46238	68.86511	122.1971	
2	0.4602289	0.4688671	0	144.4015	82.85065	64.35551	118.5106	
3	0.6946573	1.875461	0	144.6359	83.62083	53.77886	109.3482	
4	2.335686	1.406596	0	144.167	83.81198	45.31006	102.7924	
5	2.804551	2.578753	0	144.4015	83.65347	43.75323	101.7422	
6	-0.9463501	-2.578735	0	144.8703	83.35423	44.14627	102.9483	
7	-11.96466	0.2344314	0	144.4015	83.31669	42.85573	97.80049	
8	-9.151489	-0.234436	0	144.4015	82.90549	24.79069	67.70131	
9	-3.993988	-0.7033081	0	144.167	75.87798	-6.694366	21.04522	
10	0.6946573	3.148231E-06	0	138.5407	56.62544	-14.54489	-1.862213	
11	1.397958	-5.626373	0	104.548	34.14764	-7.064667	-11.67783	
12	-4.931702	-1.17215	0	14.76057	21.52857	-2.824402	-9.042999	
13	-1.180786	1.406596	0	23.43456	21.7466	-3.105011	-8.02774	
14	0.9290931	3.282046	0	9.134202	21.82366	-4.21582	-5.681763	
15	3.74228	2.109889	0	8.430901	16.80782	-4.472595	-7.792297	
16	3.976709	3.282046	0	9.603065	11.17185	-4.304749	-10.09454	
17	3.038979	-1.406586	0	10.77522	7.594372	-4.254059	-10.09027	
18	-0.2430725	1.875461	0	5.148857	2.969678	-3.622742	-6.192261	
19	2.570115	0.9377315	0	3.038971	3.613269	-3.685364	-5.352386	
20	2.570115	1.641024	0	-0.2430725	3.311236	-3.289673	-1.769379	
21	2.335686	0.7032956	0	-0.2430725	3.558111	-2.991516	-0.8963623	
22	2.335686	-11.25275	0	3.976692	3.13599	-2.906342	-0.4402466	
23	-5.63501	-18.75455	0	5.148858	3.072424	-2.928436	-0.2547607	
24	-1.415222	-16.41025	0	0.9290769	2.791568	-2.963379	0.3021573	
25	2.10125	-17.34796	0	-0.008666992	2.331495	-3.140808	0.5762983	
26	2.335686	-14.30035	0	0.929077	1.927727	-3.385651	0.6598871	
27	2.10125	-11.01831	0	1.632378	1.91162	-3.385864	0.6614787	
28	1.397957	-7.970673	0	9.134202	1.813388	-3.387939	0.6548948	
29	-5.166138	-1.17215	0	3.742264	0.6396738	-3.485046	0.6429327	
30	1.397957	-0.7033081	0	1.866806	0.5019112	-3.487305	0.6485378	
31	1.866821	1.172159	0	2.101242	0.4769388	-3.487946	0.6428897	
32	3.507843	1.406595	0	1.397942	0.4358516	-3.4888	0.6388501	
33	3.507843	0.703295	0	1.163514	0.3786483	-3.489899	0.6364198	
34	4.211136	-4.454193	0	4.914421	0.3713928	-3.489716	0.6452842	
35	-1.180786	-1.406586	0	2.804535	0.3713928	-3.489716	0.6452842	


Angle MV instances
Rotate	6.095215	7.032952	11.01831	2.813171	5.157501	4.688645	6.329659	3.750916	2.813187	3.282052	2.813188	7.970696	4.219788	6.564095	6.564095	5.391922	
ChildRotate	8.439545	5.860809	3.047602	2.813167	5.626377	4.454224	11.95604	7.501801	2.344299	3.047607	3.282043	3.047638	6.798523	5.157488	3.047607	
RotateInverse	
ChildRotateInverse	146.2769	5.626358	33.99265	89.78746	8.673988	14.30035	5.626366	2.109886	3.282043	4.219765	4.219781	7.501824	5.391938	3.750907	2.109886	
Docking x	82.12002	7.027512	19.25254	22.4778	12.61907	5.015835	5.635971	3.577478	4.624695	
Docking y	71.87213	3.007019	4.509605	10.57665	8.4688	18.06504	31.48506	7.850525	7.480225	4.240265	
Docking z	124.7774	2.580322	3.686485	9.162376	6.555786	5.147842	30.09918	46.65609	22.90744	9.815613	2.634827	2.345978	2.110535	2.302246	3.89801	3.583008	
Total MV Amount	1107.969


Angle TRE instances
Rotate	2	7	9	23	24	29	30	
ChildRotate	2	11	12	22	29	
RotateInverse	1	
ChildRotateInverse	20	23	24	28	29	
Docking x	19	
Docking y	13	
Docking z	20	
Total TRE Count	20


Correct Angles	Rotate	ChildRotate	RotateInverse	ChildRotateInverse	Docking x	Docking y	Docking z
	-1.222794E-39	0	0	5.077591E-09	0	0	0

Angle Error	Rotate	ChildRotate	RotateInverse	ChildRotateInverse	Docking x	Docking y	Docking z
	0.6946563	1.406586	0	2.101242	0.3786483	3.489899	0.6364198

Time Taken	Hours	Minutes	Seconds	Milliseconds	Seconds float	Completion time
	0	0	2	119	2.119462	00h:00m:02s:119ms

Final Results	Tester Name	Time of Test	Dock Shape Style	Virtual Device Visible	Time Taken	Shape Precision %	Orientation Precision %	Overall Precision %	Efficiency %	Difficulty	Total MV	Total TRE	
	0	2018-11-27_19:22:38	ZEROING DATA	True	00h:00m:02s:119ms	99.41632	99.23587	99.30893	100	5.641768E-12	1107.969	20	
