
Angles Over Time
Frames	Rotate	ChildRotate	RotateInverse	ChildRotateInverse	Docking x	Docking y	Docking z	
0	-1.656921	-2.34433	0	-0.7191772	0.4620884	1.370547	-0.1226501	
1	-0.5696106	-5.860809	0	2.946858	0.178085	-0.005166021	0.02031979	
2	-6.195984	0	0	3.884587	0.1642235	0.5660449	-0.01556396	
3	-1.038483	1.406593	0	-0.8040466	0.09867212	1.160716	-0.005378651	
4	1.774708	2.578751	0	0.6025359	0.2294727	1.837252	0.05366017	
5	-0.8040466	0	0	0.1336792	0.2259654	2.613987	0.6547921	
6	1.774708	-0.4688721	0	-0.8040466	1.737613	3.593321	0.7985121	
7	2.478001	-38.44684	0	10.91755	2.652741	4.936251	0.759649	
8	-2.91394	-42.43219	0	27.56222	4.196095	5.623304	-0.078125	
9	-0.8040466	-42.43219	0	28.03109	10.01708	3.449095	0.7608447	
10	0.836979	-15.00366	0	19.12267	19.60773	0.4679006	1.391948	
11	-6.43042	0.4688612	0	7.401069	27.48998	-1.068542	-1.058197	
12	-21.66849	-6.329681	0	18.65381	35.98677	1.957497	-7.686127	
13	-27.99817	-2.813202	0	30.14098	51.41351	6.749614	-15.51282	
14	-24.48169	0.7032895	0	35.53291	71.87627	9.487526	-27.14755	
15	-16.27655	2.813183	0	53.11531	87.23438	-119.4354	-162.9136	
16	-14.40109	3.282048	0	60.3827	79.30857	-144.7536	167.4935	
17	-14.63553	2.578747	0	61.08599	83.07639	-151.2129	157.5742	
18	-14.16666	-2.813202	0	63.43031	86.74834	172.038	126.0492	
19	-21.90292	1.641019	0	61.55486	87.64599	148.5856	104.5151	
20	-20.02747	-0.234436	0	61.32043	87.80554	130.5404	84.66047	
21	-19.55859	1.172155	0	62.02373	87.871	124.4866	76.07766	
22	-20.49634	0.7032901	0	61.32043	87.99924	130.6879	81.43127	
23	-19.79303	-5.391937	0	69.29111	87.97494	159.2227	107.8371	
24	-21.43405	-1.406586	0	69.75998	87.77437	178.4172	122.9116	
25	-15.1044	0.9377265	0	67.41566	87.98229	168.0662	112.2477	
26	-12.05679	2.578748	0	67.41566	88.02821	156.5585	101.592	
27	-9.478027	2.34432	0	67.41566	88.03288	148.2692	94.46981	
28	-9.712463	2.34432	0	66.9468	88.06154	138.4159	89.23259	
29	-26.12271	-2.34433	0	68.58781	87.59507	123.8425	82.43064	
30	-43.70511	0.2344332	0	66.00906	87.83626	128.2707	83.18073	
31	-43.47067	0.9377261	0	70.22884	87.95388	147.5764	93.09772	
32	-44.17395	0.7032901	0	74.91749	88.01318	165.1564	104.4376	
33	-47.69043	-14.30035	0	75.38636	87.93171	165.8179	103.1017	
34	-50.73807	-23.44321	0	77.96511	87.95761	162.9512	100.2401	
35	-54.48898	-21.56775	0	76.32409	88.00453	163.3357	100.6577	
36	-51.44135	-24.14648	0	74.44863	88.02682	165.9139	103.3612	
37	-50.50363	-22.97433	0	74.44863	88.05499	165.6376	103.0439	
38	-48.39374	-22.03662	0	75.15193	88.10866	163.4747	100.8712	
39	-48.62817	-22.03662	0	76.08966	88.1981	170.1761	107.4336	
40	-48.86261	-27.66296	0	78.19955	88.35052	-177.4452	118.2177	
41	-51.91022	-36.33698	0	76.32409	88.36902	163.3702	101.8245	
42	-50.03476	-37.04025	0	76.08966	88.25494	162.3807	100.135	
43	-50.03476	-36.57141	0	75.85522	88.36769	157.5921	95.27872	
44	-49.80032	-42.66663	0	75.15194	88.17062	151.0289	88.24484	
45	-46.98715	-51.80948	0	83.12262	88.32369	160.2816	93.85647	
46	-36.20328	-50.87173	0	82.88819	88.45896	166.5137	96.01453	
47	-25.65384	-49.69958	0	80.77831	88.50407	165.5047	94.99772	
48	-22.6062	-48.99628	0	80.54388	88.47095	174.3849	104.4602	
49	-20.73074	-50.63733	0	80.54388	88.40064	176.5446	107.1163	
50	-20.73074	-51.34061	0	79.84058	88.45947	178.903	109.2581	
51	-20.49634	-55.56039	0	82.65377	88.43965	164.5529	94.68512	
52	-25.65384	-61.18677	0	80.77832	88.21097	154.2918	84.3071	
53	-22.6062	-68.21973	0	80.77832	88.21097	163.7911	94.08218	
54	-22.84064	-74.54938	0	81.01275	88.1656	172.5395	103.106	
55	-22.84064	-76.1904	0	80.77833	88.13596	178.0693	108.6167	
56	-22.6062	-78.76917	0	84.76367	88.15708	-179.8814	110.5302	
57	-28.23257	-76.65927	0	82.41935	88.20966	177.4528	107.6834	
58	-23.07507	-75.25269	0	81.01275	88.28696	172.4418	102.8307	
59	-23.07507	-75.48712	0	81.24718	88.2975	174.1179	104.5814	
60	-23.30951	-76.65927	0	81.01275	88.31229	174.7787	105.4783	
61	-22.37177	-76.89371	0	81.01275	88.28993	179.0752	110.0139	
62	-22.84064	-81.58234	0	85.46695	88.27603	-178.8616	111.9409	
63	-28.70145	-79.0036	0	80.77831	88.29453	-178.7249	112.3617	
64	-22.37177	-79.47247	0	81.01275	88.30004	-179.6728	111.705	
65	-22.37177	-80.17575	0	80.77832	88.31182	-179.1566	112.5867	
66	-22.13736	-79.70688	0	81.24718	88.32369	177.8847	109.9174	
67	-22.6062	-82.98895	0	83.59151	88.29498	175.9554	108.2703	
68	-27.7637	-81.3479	0	83.59151	88.24978	-179.5764	113.229	
69	-25.4194	-81.58234	0	80.30946	88.22238	-178.1441	114.9871	
70	-21.90292	-82.28564	0	81.01275	88.25023	-179.2703	114.1195	
71	-22.13736	-82.28564	0	81.24718	88.26845	-179.4196	114.0512	
72	-23.30951	-82.28564	0	81.01275	88.30604	177.7267	111.0977	
73	-22.13736	-85.56769	0	84.99809	88.32919	178.2144	111.4642	
74	-28.93588	-82.98895	0	81.01275	88.37466	179.0716	112.1763	
75	-22.13736	-82.52008	0	81.01275	88.38348	178.379	111.4183	
76	-22.84064	-81.58234	0	80.54389	88.40039	177.7141	110.7286	
77	-20.02747	-82.52008	0	81.01275	88.40873	178.1159	110.9443	
78	-20.49634	-81.3479	0	81.48162	88.39745	179.6982	112.617	
79	-20.96518	-83.92667	0	82.65379	88.41119	179.2862	112.1966	
80	-24.71609	-81.3479	0	81.01276	88.43703	177.8974	110.7175	
81	-20.2619	-81.3479	0	81.01276	88.43903	178.5719	111.3844	
82	-20.02747	-81.58234	0	80.77834	88.45199	178.0326	110.9015	
83	-20.02747	-82.98895	0	80.77834	88.46112	177.2942	110.0976	
84	-22.13736	-86.03656	0	85.93585	88.45667	177.1604	109.8096	


Angle MV instances
Rotate	5.626373	5.157501	2.109894	7.267399	15.23807	6.329681	3.516479	8.205139	7.736267	6.329651	3.047607	2.578766	16.41025	17.5824	3.516479	3.047638	3.750916	3.047638	2.109894	3.047607	2.813171	10.78387	10.54944	3.047638	5.157501	3.047638	5.626373	5.157501	5.860809	6.329681	5.157501	2.344299	3.516479	6.798523	6.798523	2.813171	3.750916	4.454193	2.109894	
ChildRotate	2.34433	3.516479	5.860809	2.578751	37.97797	3.985352	27.42853	15.47252	6.798542	3.516479	3.516491	2.109894	6.095227	3.985352	2.578763	15.00364	9.142853	2.578735	5.626343	8.674011	6.095215	9.142853	4.219788	5.626373	7.032959	6.329651	2.578766	2.109894	4.688629	2.578735	3.282074	3.282043	2.578735	2.578766	2.578766	3.047607	
RotateInverse	
ChildRotateInverse	3.666035	4.688634	11.72159	16.64468	8.908417	11.7216	11.25274	11.48717	5.391937	17.5824	7.267387	2.344318	7.970688	2.344315	2.578751	4.21978	4.688644	2.578751	2.109886	7.97068	2.109886	2.813194	3.985344	2.344322	4.454201	4.688637	2.344322	3.282051	3.985344	3.985344	5.157509	
Docking x	5.820987	9.590651	7.882246	8.496796	15.42673	20.46276	15.3581	7.925804	3.767815	3.671951	
Docking y	2.174209	2.981194	4.792118	2.737912	128.9229	25.31822	6.45929	323.2509	23.45244	18.04518	6.05381	6.201286	28.5349	19.19441	10.35092	11.50775	8.289261	9.853363	14.57339	4.428185	19.30576	17.57996	2.86673	2.578217	2.162964	6.701462	347.6214	340.8154	4.788559	6.563171	9.252655	6.232071	8.880234	2.159729	2.358383	14.35013	10.26109	9.499298	8.748459	5.529739	357.3342	5.011047	4.296494	355.5319	
Docking z	6.62793	7.826691	11.63474	135.7661	330.407	9.91922	31.52503	21.53407	19.85466	8.582809	5.353615	26.40582	15.07449	10.66392	10.65562	7.122223	5.237221	6.801949	9.916992	11.33988	2.861603	2.703468	2.17263	6.562386	10.78403	16.39313	4.856255	7.033882	5.611626	2.158058	9.462517	2.656113	2.141754	14.57298	10.37802	9.775078	9.023819	5.510735	2.846771	4.852776	4.535568	2.669273	4.958771	2.95343	
Total MV Amount	3790.282


Angle TRE instances
Rotate	29	30	47	48	52	53	57	58	63	64	68	70	74	75	
ChildRotate	
RotateInverse	1	
ChildRotateInverse	9	10	13	14	
Docking x	18	
Docking y	
Docking z	1	12	
Total TRE Count	20


Correct Angles	Rotate	ChildRotate	RotateInverse	ChildRotateInverse	Docking x	Docking y	Docking z
	-30	-108.9092	0	30	90	60	0

Angle Error	Rotate	ChildRotate	RotateInverse	ChildRotateInverse	Docking x	Docking y	Docking z
	4.815033	26.38911	0	51.71607	1.542816	117.2924	109.8606

Time Taken	Hours	Minutes	Seconds	Milliseconds	Seconds float	Completion time
	0	0	5	24	5.023537	00h:00m:05s:024ms

Final Results	Tester Name	Time of Test	Dock Shape Style	Virtual Device Visible	Time Taken	Shape Precision %	Orientation Precision %	Overall Precision %	Efficiency %	Difficulty	Total MV	Total TRE	
	0	2018-11-27_19:23:14	Ltd Random	False	00h:00m:05s:024ms	88.4833	57.93463	75.26857	81.24589	0.3543435	3790.282	20	
