
Angles Over Time
Frames	Rotate	ChildRotate	RotateInverse	ChildRotateInverse	Docking x	Docking y	Docking z	
0	0.7071665	0.937772	0	0.003889365	0.02031223	-1.281281	0.01146536	
1	0.6913761	-0.4688721	0	-0.2463379	0.03228715	-0.4248352	0.00307629	
2	0.4569477	-0.4688721	0	-0.01190186	0.04385581	-0.8041077	0.0163236	
3	0.2225117	-2.109894	0	3.270134	0.04385581	-0.8041077	0.0163236	
4	-2.590668	-0.234436	0	2.09797	0.05190594	-1.301544	0.02041475	
5	-0.2463379	0.9377289	0	-0.01190186	0.09004208	-2.337097	0.043001	
6	1.160241	0.2344285	0	-0.01190186	0.09968584	-2.916901	0.04729282	
7	1.160241	0.7032929	0	0.4569478	0.1094797	-3.158295	0.05887364	
8	0.9258123	0.7032929	0	-0.2463379	0.1685165	-3.629242	0.05921168	
9	1.160241	-1.17218	0	1.160241	0.2353124	-3.628113	0.060302	
10	-0.71521	0.7032928	0	-0.01190186	0.3405691	-4.622681	0.0803748	
11	1.160241	-0.4688721	0	-0.2463379	0.4929812	-4.90332	0.06075213	
12	0.2225117	-0.234436	0	-0.01190186	1.356092	-5.264282	0.044048	
13	0.2225117	-0.234436	0	0.4569478	1.683503	-5.441864	0.3833827	
14	-0.2463379	-2.109894	0	2.566834	2.749139	-5.431458	0.6000655	
15	-1.88736	-1.641022	0	5.848886	4.189496	-5.801544	0.680164	
16	-0.4807739	-48.99628	0	38.66937	4.188178	-5.133026	0.6780151	
17	-0.01190186	-51.10617	0	69.6144	6.738807	-5.93689	1.577136	
18	0.6913763	-47.35529	0	108.0612	11.99475	-6.54068	2.620461	
19	0.2225119	-42.66663	0	143.4605	16.24354	-12.72986	1.560553	
20	-7.748169	-38.2124	0	143.4605	17.41881	-11.46686	0.6178064	
21	-9.858063	-18.05127	0	143.4605	29.26249	-8.408813	0.8255835	
22	-29.78479	-0.9377441	0	143.4605	45.42929	-9.053467	-13.58398	
23	-35.41116	-0.4688721	0	143.4605	49.234	-7.500183	-26.83627	
24	-29.78479	-2.053109E-06	0	143.4605	52.66433	-11.73837	-19.04129	
25	-52.05582	-2.578766	0	143.6949	55.48998	-17.45197	-8.421509	
26	-70.57596	-1.641022	0	144.3982	58.00751	-22.68329	-0.08078003	
27	-81.82867	-0.234436	0	146.9769	61.88611	-28.28311	0.9920725	
28	-86.51733	0.7032909	0	147.2114	76.36617	-53.63177	-25.63144	
29	-86.2829	-18.52014	0	146.9769	74.47441	-149.4195	-117.7606	
30	-86.51733	-22.97433	0	147.2114	70.41248	-166.3465	-128.6516	
31	-86.51733	-40.08789	0	147.2114	73.38055	-170.0571	-130.2057	
32	-85.57959	-68.21973	0	147.2114	73.79411	-178.146	-140.8023	
33	-57.91663	-89.78748	0	146.9769	76.06175	169.6354	-159.6545	
34	-32.8324	-94.94495	0	147.2114	78.11886	158.9368	-168.3146	
35	-32.36353	-95.17941	0	147.2114	82.70265	154.6387	-172.8156	
36	-33.06683	-95.64825	0	147.6802	85.27425	119.3148	150.1263	
37	-35.64557	-95.41382	0	147.4458	85.21104	109.6068	141.2003	
38	-34.70786	-95.17938	0	147.4458	85.05459	108.6882	142.3099	
39	-33.53568	-94.94495	0	147.4458	84.66223	112.3865	147.266	
40	-33.06683	-94.94495	0	147.4458	84.52599	113.7709	150.0695	
41	-32.8324	-95.17941	0	147.4458	84.44261	112.3408	150.4067	
42	-33.53568	-96.11713	0	147.6802	84.53456	107.3966	147.1162	
43	-36.58331	-95.17938	0	147.4458	84.61493	101.6864	142.7406	
44	-34.23898	-95.17938	0	147.4458	84.67461	97.7905	141.1669	
45	-34.70786	-95.17938	0	147.4458	84.67413	92.08274	136.8424	
46	-35.64557	-94.94495	0	147.4458	84.60457	82.88036	129.2614	
47	-37.05219	-94.94495	0	147.4458	84.61355	79.9035	127.4326	
48	-37.9899	-95.64825	0	147.4458	84.62962	74.38728	123.1385	
49	-42.44409	-95.17941	0	147.4458	84.84631	70.71375	121.6476	
50	-42.91296	-95.17941	0	147.4458	85.01319	69.60086	121.2908	
51	-44.31958	-95.17941	0	147.4458	84.81703	69.58943	122.0459	
52	-44.31958	-94.94498	0	147.4458	84.47771	67.93547	121.2504	
53	-44.31958	-95.88269	0	147.6802	84.83882	65.32964	119.428	
54	-46.89832	-94.94495	0	147.4458	84.90115	62.50166	117.3737	
55	-45.49173	-94.71054	0	147.4458	84.7122	58.00781	114.6633	
56	-45.72617	-94.4761	0	147.2114	84.76019	54.19942	112.2036	
57	-46.66388	-94.71054	0	147.2114	84.90642	53.68662	112.1837	
58	-47.13275	-94.4761	0	147.4458	84.37775	54.09739	113.8004	
59	-48.3049	-95.41382	0	147.4458	84.59517	53.01685	112.4378	
60	-49.71149	-94.94495	0	148.8524	84.81235	51.14945	110.6605	
61	-48.77377	-94.94495	0	150.259	84.76839	49.92227	109.9192	
62	-49.24261	-94.94495	0	150.4934	84.73474	48.02582	108.539	
63	-49.00821	-94.94495	0	150.4934	84.75517	46.98282	108.0871	
64	-49.00821	-95.64825	0	150.9623	84.81992	42.89037	103.652	
65	-51.11807	-95.41382	0	150.259	84.82471	45.23122	105.3996	
66	-50.18036	-96.35156	0	150.4934	84.6302	52.49569	112.7947	
67	-49.00821	-96.11713	0	150.4934	84.41622	55.64476	116.5782	
68	-48.53934	-96.35156	0	150.4934	84.36984	55.46024	117.0086	
69	-49.24261	-96.35156	0	150.4934	84.38358	54.88449	117.3973	
70	-49.24261	-97.28928	0	150.7279	84.44798	54.3532	116.9183	
71	-51.35251	-96.35156	0	150.4934	84.41047	54.10762	116.9888	
72	-49.24261	-96.35156	0	150.4934	84.43652	53.84534	117.3555	
73	-49.00821	-95.88269	0	150.4934	84.4407	52.98912	116.9401	
74	-49.00821	-95.88269	0	150.4934	84.40501	53.50076	117.8653	
75	-48.53934	-96.11713	0	150.259	84.33687	54.62074	119.285	
76	-49.00821	-96.586	0	150.4934	84.28553	55.35051	120.4883	
77	-51.11807	-96.35156	0	150.4934	84.28567	55.6502	121.3355	
78	-50.18036	-96.35156	0	150.4934	84.26277	55.3615	121.1961	
79	-50.41479	-96.35156	0	150.4934	84.21704	55.42307	121.5986	
80	-50.18036	-96.35156	0	150.4934	84.20742	54.85323	121.255	
81	-50.18036	-97.05487	0	150.7279	84.18763	54.39781	121.1414	
82	-51.82138	-96.586	0	150.4934	84.07282	53.51732	120.4984	
83	-51.11807	-96.11713	0	150.4934	84.02381	52.27963	119.7491	
84	-49.94592	-96.11713	0	150.4934	84.03984	50.73412	118.3805	
85	-50.18036	-96.11713	0	150.4934	84.09824	51.02084	118.6593	
86	-50.18036	-96.35156	0	150.4934	84.05839	52.91376	120.926	
87	-49.94592	-97.28931	0	150.7279	84.10279	55.12	123.4037	
88	-52.52466	-96.35156	0	150.4934	84.16245	55.47652	123.9045	
89	-50.41479	-96.11713	0	150.4934	84.20614	53.19695	121.97	


Angle MV instances
Rotate	2.813179	2.34433	7.970681	2.109894	19.92673	5.626373	5.626373	22.27103	18.52014	11.25272	4.68866	27.66296	25.08423	2.578735	3.047638	2.34433	4.454193	2.578735	2.109863	2.109894	2.109894	2.109863	2.578735	2.109863	
ChildRotate	47.35526	2.109894	3.750885	4.68866	4.454224	20.16113	17.11353	2.578764	19.22343	4.454193	17.11356	28.13184	21.56775	5.157471	
RotateInverse	
ChildRotateInverse	3.282036	2.109872	2.109886	3.282052	32.82049	30.94502	38.44684	35.39923	2.578751	
Docking x	2.55063	5.255943	4.24879	11.84368	16.16681	3.804707	3.430328	2.825649	2.517536	3.878597	14.48006	4.061935	2.968079	2.267639	2.057106	4.583794	2.571594	
Docking y	6.189178	3.058044	4.23819	5.713593	5.231323	5.599823	25.34866	95.78772	16.92696	3.710648	8.088943	347.7814	10.69856	4.29808	35.32392	9.708023	3.698273	4.94416	5.710175	3.895943	5.707764	9.202377	2.976868	5.51622	3.673523	2.605835	2.82798	4.493847	3.808384	4.092449	2.340843	7.264477	3.149063	2.206242	2.279572	
Docking z	14.40957	13.25229	7.794983	10.61978	8.340729	26.62351	92.12918	10.89096	10.59662	18.85219	8.660034	4.501038	322.9419	8.925949	4.956116	2.803436	3.290482	4.37561	4.324463	7.581085	4.294128	2.054329	2.710358	2.459763	4.435158	7.395088	3.783493	2.266724	2.477707	
Total MV Amount	1908.22


Angle TRE instances
Rotate	24	25	34	37	38	43	44	46	
ChildRotate	
RotateInverse	1	
ChildRotateInverse	28	
Docking x	37	39	50	51	
Docking y	1	12	
Docking z	1	22	26	28	
Total TRE Count	17


Correct Angles	Rotate	ChildRotate	RotateInverse	ChildRotateInverse	Docking x	Docking y	Docking z
	-30	-68.87836	0	150	90	0	0

Angle Error	Rotate	ChildRotate	RotateInverse	ChildRotateInverse	Docking x	Docking y	Docking z
	20.41479	27.00433	0	0.4934387	5.750267	51.09652	119.9892

Time Taken	Hours	Minutes	Seconds	Milliseconds	Seconds float	Completion time
	0	0	5	308	5.308365	00h:00m:05s:308ms

Final Results	Tester Name	Time of Test	Dock Shape Style	Virtual Device Visible	Time Taken	Shape Precision %	Orientation Precision %	Overall Precision %	Efficiency %	Difficulty	Total MV	Total TRE	
	0	2018-11-27_19:18:08	Ltd Random	False	00h:00m:05s:308ms	93.34547	68.31747	82.16282	87.80393	0.3765315	1908.22	17	
