
Angles Over Time
Frames	Rotate	ChildRotate	RotateInverse	ChildRotateInverse	Docking x	Docking y	Docking z	
0	1.932106	1.406566	0	-0.1777649	-0.02752686	-0.0006860151	-0.02056885	
1	0.02057764	-2.578766	0	2.599328	0.009175026	0.0002308706	0.00685924	
2	-1.854889	-0.7033081	0	0.02057773	0.01603417	7.07217E-05	-0.002315718	
3	0.02057755	-0.234436	0	0.2550061	0.02289338	-9.052786E-05	-0.01150513	
4	0.02057755	-0.234436	0	0.4894422	0.03206827	0.0001407897	-0.004631636	
5	0.02057755	-0.234436	0	0.7238706	0.02289338	-9.052786E-05	-0.01150513	
6	-0.4482727	-2.813171	0	3.068193	0.0389273	-2.187885E-05	-0.01379395	
7	-2.089325	-0.7033081	0	0.02057779	0.0389273	-2.187885E-05	-0.01379395	
8	0.02057775	-0.4688721	0	0.2550062	0.1030619	0.0002462324	-0.02307129	
9	0.02057775	-0.234436	0	0.0205778	0.1190954	0.0003116414	-0.02539063	
10	0.2550062	-0.7033081	0	-0.2138367	0.2932431	0.0370541	0.104253	
11	0.2550062	-0.4688721	0	0.2550062	1.239879	0.122949	0.367981	
12	-0.4482727	-7.970673	0	1.427171	2.495008	0.6531624	0.538712	
13	-1.151581	-28.60071	0	22.52604	2.451297	1.774248	0.5571353	
14	0.02057774	-40.08786	0	36.8264	2.75444	2.324254	0.0844572	
15	0.7238705	-47.12085	0	42.6872	3.641152	2.738002	0.01033847	
16	-0.4482727	-48.76184	0	53.47108	7.696866	2.855943	1.493053	
17	-0.4482727	-50.16846	0	75.27326	12.08618	2.602797	1.273573	
18	-11.46658	-48.76184	0	81.13406	16.77718	2.16865	2.269414	
19	-18.96841	-48.05856	0	81.60293	21.64716	0.5416881	0.3788966	
20	-25.76694	-46.18311	0	73.63224	26.31301	-3.99118	0.7252907	
21	-40.06729	-45.01096	0	19.71288	30.40876	-12.46747	2.112593	
22	-52.49219	-34.46149	0	51.59563	28.56118	-21.90317	8.581758	
23	-80.15518	-32.11719	0	55.58097	21.38094	-31.79807	24.8618	
24	-102.6606	-9.611694	0	54.87768	12.77103	-46.33707	34.94669	
25	-126.1039	-2.344299	0	56.04984	4.962451	-53.51477	44.83799	
26	-134.0745	-0.7032776	0	55.58097	1.427736	-54.77359	43.77938	
27	-134.0745	-0.9377136	0	55.34654	1.739426	-57.24121	38.88576	
28	-132.6679	-2.344299	0	57.45643	1.83241	-59.05084	36.04528	
29	-123.5251	-1.17215	0	56.75314	1.78699	-59.50629	31.70076	
30	-113.679	-0.9377136	0	64.02053	1.840051	-60.03308	28.33595	
31	-108.9903	0.2344363	0	83.71283	1.827198	-60.91199	28.82822	
32	-106.4116	-0.7032776	0	92.85567	1.801005	-62.31177	28.46107	
33	-98.44086	-15.23807	0	108.3282	1.803598	-63.65314	24.87323	
34	-84.14053	-52.74719	0	108.5626	1.653556	-64.91214	21.73907	
35	-61.63507	-67.75085	0	118.6432	1.653085	-67.45581	19.16233	
36	-34.67538	-70.56403	0	134.819	2.708626	-71.35345	9.080922	
37	-10.76331	-71.0329	0	135.0534	3.337602	-75.57184	5.341168	
38	-10.29443	-83.45779	0	133.8813	3.613249	-77.40091	4.222676	
39	-5.84024	-98.69586	0	132.0058	4.272316	-77.79834	2.212223	
40	-7.01239	-104.3222	0	110.2037	5.087423	-78.65161	1.603341	
41	-5.371368	-111.1208	0	104.3429	4.817611	-78.33246	1.778599	
42	-4.668091	-111.5896	0	104.1084	5.036974	-78.58813	2.067758	
43	-4.199219	-112.9962	0	104.3429	5.00344	-78.93661	2.007684	
44	-3.964783	-116.7471	0	104.1084	4.925488	-80.11475	1.947715	
45	-4.433655	-119.3259	0	105.7495	4.837956	-81.2049	1.813225	
46	-8.653412	-119.3259	0	104.3429	4.432802	-82.43726	1.549354	
47	-5.136932	-119.3259	0	104.3429	3.287252	-85.34622	1.572808	
48	-13.34207	-119.3259	0	104.3429	3.130151	-86.63013	1.655231	
49	-22.95377	-119.3259	0	104.1084	2.97403	-86.82147	1.633144	
50	-30.92447	-119.3259	0	104.3429	2.821237	-86.32962	1.687108	
51	-40.53619	-119.3259	0	104.8117	2.828972	-85.67163	1.692228	
52	-50.38232	-119.3259	0	104.1084	2.856419	-84.2182	1.647695	
53	-57.64972	-119.3259	0	104.1084	3.042782	-82.86487	1.645537	
54	-60.69733	-119.3259	0	103.874	3.190887	-81.30432	1.713967	
55	-63.04166	-119.3259	0	103.1707	3.586281	-79.91895	1.789988	
56	-65.62042	-119.5603	0	104.3429	3.712335	-79.91476	1.783038	
57	-68.90247	-119.3259	0	103.1707	3.772724	-79.16504	1.782485	
58	-67.49588	-119.3259	0	101.9985	3.232403	-77.51041	1.743097	
59	-67.49588	-119.0915	0	101.9985	2.697603	-76.76187	1.757216	
60	-67.73032	-119.3259	0	101.7641	2.341092	-75.96344	1.624037	
61	-67.73032	-119.3259	0	101.7641	2.327277	-75.27429	1.707727	
62	-67.73032	-119.3259	0	102.233	2.260272	-75.0481	1.667655	
63	-68.90247	-119.3259	0	101.7641	2.107564	-73.77994	1.717141	
64	-68.19916	-119.0915	0	101.7641	2.08162	-73.12616	1.7755	
65	-68.90247	-116.7471	0	101.7641	2.138597	-72.54974	1.809915	
66	-71.71567	-109.9486	0	101.9986	2.233454	-71.80945	1.928909	
67	-75.46658	-108.0732	0	102.7018	2.195776	-71.21265	2.020463	
68	-79.2175	-104.7911	0	102.4674	2.24097	-70.49548	2.219419	
69	-81.79626	-101.7435	0	101.7641	2.171406	-68.93027	3.143047	
70	-85.78159	-101.0402	0	101.9986	2.213618	-68.0419	3.231674	
71	-86.25046	-101.0402	0	101.9986	2.243244	-67.33154	3.064146	
72	-86.48489	-101.0402	0	101.9986	2.211169	-66.59091	3.364517	
73	-86.25046	-101.509	0	103.1707	2.167437	-65.71979	3.333452	
74	-87.65704	-101.0402	0	102.4674	2.080271	-64.82312	2.954061	
75	-86.25046	-101.0402	0	101.9986	1.963874	-63.42151	2.579441	
76	-86.25046	-100.5713	0	101.9986	1.951017	-62.8938	2.46102	
77	-86.71933	-100.1025	0	101.9986	1.828357	-62.20416	2.691366	
78	-86.71933	-100.1025	0	101.9986	1.778255	-61.39496	2.918572	
79	-86.95374	-100.1025	0	102.7018	1.769768	-60.81076	3.261705	
80	-87.65704	-100.1025	0	101.9986	1.781665	-59.41086	3.332935	
81	-87.1882	-99.86804	0	101.9986	1.693066	-58.89392	3.365016	
82	-87.1882	-100.1025	0	101.9986	1.646631	-58.18378	3.694141	
83	-87.1882	-100.1025	0	101.7641	1.652344	-57.51553	4.053072	
84	-87.1882	-100.5713	0	102.9363	1.68416	-56.94177	3.685221	


Angle MV instances
Rotate	2.109903	11.01831	7.501831	6.798523	14.30035	12.4249	27.66299	22.50546	23.44321	7.970688	9.142853	9.84613	4.68866	2.578735	7.970703	14.30032	22.50546	26.95969	23.91208	4.454193	4.219757	3.516479	8.205139	9.611694	7.970703	9.611725	9.84613	7.267395	3.047607	2.34433	2.578766	3.282043	2.813202	3.750916	3.750916	2.578766	3.985321	
ChildRotate	2.578735	2.109863	7.501801	20.63004	11.48715	7.03299	10.54947	2.344299	22.50549	7.267395	14.53479	37.50912	15.00366	2.813171	12.4249	15.23807	5.626373	6.798538	3.750916	2.578751	2.34433	6.798523	3.282043	3.047607	
RotateInverse	
ChildRotateInverse	2.777093	2.578751	2.344322	3.047615	21.09887	14.30036	5.860802	10.78388	21.80218	5.860802	7.970688	53.91936	31.88275	3.985344	2.10989	7.267395	19.6923	9.142845	15.47251	10.08058	16.17581	21.80218	5.860794	
Docking x	4.055715	4.389314	4.690998	4.869984	4.66585	4.095753	7.180237	8.609914	7.808577	3.534715	
Docking y	4.532868	8.476288	9.435699	9.894897	14.539	7.177704	2.467621	2.543671	3.897644	4.218384	2.908966	
Docking z	6.469164	16.28004	10.08489	9.8913	4.89362	2.840481	4.344517	3.364813	3.587843	3.134163	2.576742	10.0814	3.739754	2.010454	
Total MV Amount	1079.344


Angle TRE instances
Rotate	71	
ChildRotate	
RotateInverse	1	
ChildRotateInverse	
Docking x	1	16	25	40	41	42	44	
Docking y	48	52	
Docking z	1	22	38	
Total TRE Count	11


Correct Angles	Rotate	ChildRotate	RotateInverse	ChildRotateInverse	Docking x	Docking y	Docking z
	-90	-90	0	90	-5.008957E-06	-90	5.008957E-06

Angle Error	Rotate	ChildRotate	RotateInverse	ChildRotateInverse	Docking x	Docking y	Docking z
	2.108521	10.33688	0	12.46742	1.611549	33.48306	3.704597

Time Taken	Hours	Minutes	Seconds	Milliseconds	Seconds float	Completion time
	0	0	5	16	5.016342	00h:00m:05s:016ms

Final Results	Tester Name	Time of Test	Dock Shape Style	Virtual Device Visible	Time Taken	Shape Precision %	Orientation Precision %	Overall Precision %	Efficiency %	Difficulty	Total MV	Total TRE	
	0	2018-11-27_19:20:42	Ltd Random	True	00h:00m:05s:016ms	96.53989	93.1134	94.94349	91.67609	0.4	1079.344	11	
