
Angles Over Time
Frames	Rotate	ChildRotate	RotateInverse	ChildRotateInverse	Docking x	Docking y	Docking z	
0	1.318212	0.9377182	0	-3.370514	0.1424118	0.7561108	-0.0350647	
1	1.443521	-0.234436	0	0.271364	0.1789043	0.5296428	-0.0149231	
2	1.443521	0	0	0.9746568	0.3590711	1.02735	-0.01123047	
3	0.7402287	-0.234436	0	0.271364	0.451424	1.327779	-0.0385437	
4	1.209093	-2.813171	0	3.787844	0.5201695	1.611954	-0.05596924	
5	-1.838531	-0.7032776	0	0.5057927	0.5644122	1.968619	-0.06573486	
6	1.443521	-0.4688721	0	0.7402288	0.5468169	2.616384	-0.1036377	
7	0.7402285	-0.4688721	0	0.03692832	0.7011135	2.848293	-0.00793457	
8	1.209093	0.7033008	0	0.03692832	0.856517	3.360499	-0.02252197	
9	1.443521	0.7033008	0	0.5057927	1.027565	4.037142	0.02578309	
10	2.146822	-3.047607	0	1.912386	0.8647359	4.832734	0.1186739	
11	0.03692795	-9.377258	0	0.2713647	0.9977091	5.827928	0.2446605	
12	1.443521	-22.03662	0	0.7402292	1.168317	6.414046	0.2501363	
13	0.7402285	-39.38458	0	9.883074	1.944188	7.262643	0.1371361	
14	1.209093	-57.67026	0	20.43251	1.994801	7.665007	0.2389749	
15	1.677957	-68.45413	0	31.91968	2.318568	8.566851	-0.3152771	
16	-1.369659	-68.45413	0	30.98196	2.782448	9.215104	-0.2432556	
17	0.2713639	-67.75085	0	30.5131	7.136293	8.712831	0.8109323	
18	0.5057923	-43.83878	0	22.77684	12.56473	8.051205	2.06824	
19	-14.49786	-15.23807	0	8.242054	20.81665	8.358491	-1.615509	
20	-25.0473	-4.454193	0	21.37024	34.44927	8.923293	-9.971863	
21	-25.28171	-2.578735	0	39.42151	47.24364	10.12868	-17.89423	
22	-31.14252	-0.4688721	0	57.47278	60.89498	11.22461	-22.83295	
23	-35.12787	-0.234436	0	62.63028	77.75847	-10.88998	-46.81451	
24	-42.86414	-0.7032776	0	72.71085	81.90617	-104.1891	-139.0361	
25	-48.25604	0.9377293	0	76.69619	78.86845	-145.0869	177.3869	
26	-51.53809	-1.406586	0	79.0405	84.23248	-154.4029	165.0435	
27	-53.17914	-0.234436	0	77.86835	87.46117	142.363	101.4046	
28	-51.77252	3.735252E-07	0	76.93062	86.54459	94.12331	53.19495	
29	-56.22675	1.64103	0	77.16505	87.04435	104.591	61.82879	
30	-57.3989	1.875458	0	77.39948	87.18464	107.227	64.31197	
31	-57.63333	1.641029	0	77.16505	87.19133	107.5414	64.66993	
32	-57.63333	-0.9377136	0	77.86835	87.28899	108.9296	65.92279	
33	-58.33664	0.7033005	0	77.39949	87.25791	107.5177	64.31098	
34	-57.86777	0.7033005	0	76.93062	87.32409	107.9083	64.26102	
35	-57.63333	0.9377289	0	78.57165	87.50848	108.5765	63.16856	
36	-57.86777	0.7033007	0	82.557	87.69777	107.4918	58.45073	
37	-53.88242	-2.109894	0	89.82439	88.01003	106.7775	50.81215	
38	-44.73956	-0.4688721	0	90.99655	88.19897	104.9602	43.60405	
39	-41.22308	0.9377289	0	90.52769	88.25886	107.3929	45.80974	
40	-40.05093	0.9377289	0	90.29326	88.29613	110.6716	49.32754	
41	-40.05093	0.7033007	0	90.29326	88.21875	111.0532	50.0655	
42	-40.28537	0.7033007	0	90.52769	88.08317	113.5258	53.15686	
43	-40.28537	-1.406586	0	92.16872	88.02404	116.3067	56.89971	
44	-42.39526	0.9377291	0	90.76214	87.94291	119.1173	60.6284	
45	-40.28537	0.2344363	0	90.05883	87.57861	104.6371	50.28139	
46	-50.13153	1.406594	0	88.88667	87.15607	100.0223	49.82522	
47	-56.69562	1.64103	0	88.88667	87.18186	101.5941	51.58535	
48	-56.46118	1.172165	0	88.65224	87.17319	105.11	54.89943	
49	-56.22675	-0.4688721	0	89.58997	87.19077	106.1149	55.64253	
50	-57.63336	0.7033008	0	88.65224	87.21638	109.6889	58.7978	
51	-56.93005	0.7033008	0	88.65224	87.2216	111.2109	60.09814	
52	-56.69562	3.201591E-07	0	88.41781	87.24011	112.3497	61.00842	
53	-56.93005	-2.344299	0	88.65224	87.23855	112.0926	60.54798	
54	-56.93005	-6.798523	0	90.76214	87.24885	112.2413	60.34763	
55	-58.80551	-5.391937	0	89.35554	87.28423	111.701	59.23785	
56	-56.93005	-4.923065	0	88.65224	87.2926	111.8079	58.83915	
57	-56.69562	-4.219757	0	88.88667	87.31577	112.8275	59.65899	
58	-56.22675	-7.501831	0	88.65224	87.39706	115.8197	62.07052	
59	-56.46118	-14.53479	0	88.65224	87.43792	116.3621	62.43482	
60	-55.75787	-17.5824	0	89.58997	87.44987	116.5689	62.44927	
61	-56.93005	-16.64465	0	88.65224	87.47276	116.982	62.49857	
62	-55.99231	-16.64465	0	88.41781	87.49173	117.3088	62.39222	


Angle MV instances
Rotate	2.109894	15.00366	10.54944	5.860809	3.985352	7.736267	5.391907	3.282043	4.454224	3.985352	9.142853	3.516479	2.109894	2.109894	9.846161	6.564087	
ChildRotate	2.578735	2.109894	3.750908	6.329651	12.65936	17.34796	18.28568	10.78387	23.91208	28.60071	10.78387	2.109863	2.3443	4.454224	3.282074	7.032959	3.047607	
RotateInverse	
ChildRotateInverse	3.370514	3.641878	3.51648	3.282052	9.142844	10.54944	11.48717	7.736258	14.53478	13.12819	18.05127	18.05127	5.157497	10.08057	3.985344	2.344315	3.985352	7.267387	2.109894	
Docking x	4.353846	5.428439	8.251918	13.63262	12.79438	13.65133	16.86349	4.147697	3.037712	5.364029	3.228691	
Docking y	93.2991	40.89783	9.315979	296.7659	48.23972	10.46773	2.636002	2.432716	3.278709	2.472626	2.780899	2.810608	14.48028	4.614716	3.515907	3.574066	2.992203	
Docking z	8.356354	7.922363	4.938721	23.98157	92.2216	316.423	12.34341	63.63885	48.20966	8.633842	2.483173	4.717827	7.63858	7.208103	2.205696	3.517796	3.091362	3.742847	3.728683	10.347	3.314075	3.15527	2.411526	
Total MV Amount	1686.045


Angle TRE instances
Rotate	21	23	
ChildRotate	16	18	
RotateInverse	1	
ChildRotateInverse	16	18	
Docking x	28	
Docking y	
Docking z	1	20	
Total TRE Count	8


Correct Angles	Rotate	ChildRotate	RotateInverse	ChildRotateInverse	Docking x	Docking y	Docking z
	-30	-69.47073	0	30	90	90.00001	0

Angle Error	Rotate	ChildRotate	RotateInverse	ChildRotateInverse	Docking x	Docking y	Docking z
	25.99231	52.59161	0	58.4178	2.516838	26.58807	61.30404

Time Taken	Hours	Minutes	Seconds	Milliseconds	Seconds float	Completion time
	0	0	3	715	3.715317	00h:00m:03s:715ms

Final Results	Tester Name	Time of Test	Dock Shape Style	Virtual Device Visible	Time Taken	Shape Precision %	Orientation Precision %	Overall Precision %	Efficiency %	Difficulty	Total MV	Total TRE	
	0	2018-11-27_19:18:51	Ltd Random	False	00h:00m:03s:715ms	80.97198	83.72369	81.95154	91.54947	0.3438564	1686.045	8	
