
Angles Over Time
Frames	Rotate	ChildRotate	RotateInverse	ChildRotateInverse	Docking x	Docking y	Docking z	
0	-0.2048645	-5.626373	0	3.077235	-0.04040527	-0.001638232	-0.0567627	
1	-3.459717	2.344322	0	-1.818695	-0.04074097	0.05549493	-0.04214478	
2	-0.8809814	5.860802	0	-2.990845	-0.1298218	0.1033268	-0.0680542	
3	1.697784	5.157502	0	-3.928589	-0.1054993	0.1188933	-0.09277344	
4	2.166649	6.095231	0	-3.459717	0.007993687	0.05373113	-0.106842	
5	1.93222	5.860802	0	-3.225281	0.1379326	-0.06860352	-0.1357422	
6	1.463356	2.344323	0	-2.053131	0.446013	-0.07913208	-0.2162781	
7	-1.349823	3.51648	0	-4.163025	0.6080154	-0.08081055	-0.26474	
8	0.7600631	4.454208	0	-3.459717	0.6568927	-0.09002686	-0.296936	
9	0.0567627	4.219779	0	-4.163025	0.7867607	-0.08261108	-0.3132324	
10	0.7600631	3.51648	0	-4.397461	0.8758432	-0.08297729	-0.3212585	
11	0.5256271	0.7032931	0	1.463355	1.297456	-0.0809021	-0.256134	
12	-3.459717	1.406594	0	-1.584259	1.694793	-0.09558105	-0.2150879	
13	-1.349823	3.51648	0	-4.163025	2.635975	-0.1418762	-0.1656189	
14	0.5256271	4.454208	0	-3.225281	2.871073	-0.2646484	-0.1895142	
15	0.05676275	4.219779	0	-3.928589	2.733306	0.2751894	-0.2484741	
16	0.7600632	1.172157	0	-4.163025	2.679972	1.663287	-0.3607483	
17	0.7600632	-35.8681	0	0.7600549	2.881684	3.565068	-0.4120789	
18	-3.459717	-43.1355	0	12.24722	2.929626	5.642111	-0.5461731	
19	0.5256271	-41.72888	0	35.69042	4.860962	7.00559	-0.4699402	
20	0.7600631	-41.96332	0	62.88453	6.718119	6.612644	-0.3900757	
21	1.697785	-48.293	0	86.32773	6.820215	4.635181	0.7589602	
22	1.932221	-48.52744	0	125.2434	9.45608	0.08287089	3.981593	
23	-9.789368	-30.71057	0	135.324	11.82567	-6.652832	1.256753	
24	-21.04211	-29.53842	0	134.8552	10.15156	-6.203217	-0.6899719	
25	-20.10437	-29.06958	0	137.1995	16.33075	-8.602509	6.490991	
26	-33.70145	-29.77286	0	136.965	25.46215	-13.84351	7.442601	
27	-33.46701	-38.91571	0	136.965	33.19182	-17.65744	6.081079	
28	-33.70145	-55.7948	0	137.9028	37.02214	-20.6868	4.426012	
29	-37.45236	-63.06219	0	138.1372	41.83477	-20.74603	1.184797	
30	-34.8736	-74.08051	0	139.7782	47.28138	-20.0416	-0.7971802	
31	-34.40475	-83.69223	0	140.9504	55.10633	-20.12442	-3.799988	
32	-32.76373	-83.92664	0	141.8881	61.94522	-22.16449	-7.416992	
33	-34.63919	-85.33325	0	142.5914	70.56441	-31.58438	-15.44467	
34	-42.60986	-86.5054	0	143.0603	81.83019	-76.85126	-57.6481	
35	-56.67578	-86.271	0	142.5914	78.90836	-158.7626	-131.9467	
36	-63.94318	-88.6153	0	142.8259	78.83538	-159.9339	-130.0776	
37	-64.88092	-90.02188	0	142.5914	79.42296	-159.2353	-129.8698	
38	-64.41205	-90.95963	0	142.5914	79.84509	-159.23	-130.1931	
39	-64.41205	-94.24167	0	143.2947	81.44419	-161.9219	-132.6383	
40	-67.45966	-97.52371	0	143.0603	83.98167	-171.3387	-138.0376	
41	-69.56955	-103.1501	0	142.5914	87.10606	150.8047	-172.9853	
42	-69.56955	-104.7911	0	142.5914	87.03985	84.1284	121.2721	
43	-72.61719	-104.7911	0	142.5914	86.57714	66.71169	102.5354	
44	-74.72705	-104.7911	0	142.5914	86.84942	79.73037	112.2787	
45	-76.36807	-105.4944	0	143.0603	87.23148	79.83088	110.5241	
46	-88.3241	-98.69586	0	142.5914	86.60575	60.56968	90.85613	
47	-96.2948	-96.11713	0	142.5914	86.09686	54.55584	79.2243	
48	-96.52924	-95.88269	0	142.5914	86.52661	67.17354	90.32462	
49	-96.52924	-95.88269	0	142.5914	86.90833	76.97254	99.40616	
50	-96.52924	-96.82043	0	143.5291	86.7604	77.0451	99.22287	
51	-97.93582	-96.82043	0	142.8259	86.4	74.37664	96.37289	
52	-96.76367	-95.41382	0	142.5914	86.25822	75.47172	97.58723	
53	-95.82593	-95.64825	0	142.5914	86.14319	74.43804	96.61408	
54	-96.52924	-95.41382	0	142.5914	85.86142	69.66796	91.54312	
55	-96.2948	-95.17938	0	142.5914	85.67165	68.07754	89.38248	
56	-95.82596	-96.35156	0	143.0603	85.37746	67.79933	88.37504	
57	-97.23254	-95.88269	0	142.5914	84.9641	71.26432	90.68937	
58	-96.2948	-95.88269	0	142.5914	84.85418	75.40035	94.02891	
59	-95.82596	-95.88269	0	142.5914	85.22131	72.91326	91.5649	
60	-96.2948	-95.88269	0	142.5914	85.35603	70.06029	88.81974	
61	-96.52924	-97.52371	0	143.2947	85.40092	69.21842	88.00246	
62	-97.70142	-96.35156	0	142.8259	85.48421	69.30785	88.08262	
63	-96.76367	-95.88269	0	142.5914	85.46162	70.36873	89.03168	
64	-96.52924	-95.41382	0	142.357	85.47203	69.76897	88.04994	
65	-96.29483	-95.64825	0	142.5914	85.43366	68.90776	86.66451	
66	-96.29483	-95.88269	0	142.5914	85.43108	72.37883	89.90232	
67	-96.06039	-96.82043	0	142.8259	85.41763	75.68806	93.4699	
68	-97.46698	-95.88269	0	142.8259	85.42637	74.82262	92.91832	
69	-96.99811	-96.11713	0	142.5914	85.42063	74.49352	92.70615	
70	-96.76367	-96.11713	0	142.5914	85.42458	74.52424	92.82459	
71	-96.76367	-96.11713	0	142.5914	85.41631	74.31252	92.63073	
72	-96.76367	-97.52374	0	143.2947	85.41179	74.64042	93.04411	
73	-98.17029	-96.11713	0	142.5914	85.32203	76.05892	94.56003	
74	-96.76367	-95.88269	0	142.5914	85.30756	75.89806	94.47997	
75	-96.76367	-95.88269	0	142.8259	85.31754	75.7363	94.34121	


Angle MV instances
Rotate	3.254852	2.578735	3.985344	2.109894	4.21978	3.985344	11.72159	11.25275	13.59708	3.750916	2.578766	7.970673	14.06592	7.267395	3.047607	2.109894	3.047638	2.109863	11.95602	7.970703	
ChildRotate	5.626373	7.970695	3.516479	3.516479	2.813187	2.109886	3.047622	37.04026	7.267395	6.329681	17.81686	9.142853	16.87909	7.267395	11.01831	9.611725	2.344299	3.282043	3.282043	5.626373	6.798553	2.578735	
RotateInverse	
ChildRotateInverse	3.077235	2.109894	5.860816	2.578766	4.92308	11.48717	23.4432	27.19411	23.4432	38.91572	10.08057	2.34433	
Docking x	2.635866	2.369585	6.179194	9.131401	7.729664	3.830326	4.812622	5.446609	7.824951	6.838894	8.619194	11.26578	2.921837	2.537483	3.124382	
Docking y	2.077043	4.55231	6.735703	2.399292	5.240997	3.813934	3.029358	2.04007	9.419891	45.26688	81.9113	2.69194	9.416733	322.1434	66.67635	17.4167	13.01868	19.2612	6.01384	12.6177	9.799004	2.668465	4.770081	3.464989	4.136032	2.487091	2.852974	3.471069	3.309235	
Docking z	3.222633	2.724841	7.180963	3.241214	3.002808	3.617004	8.027679	42.20343	74.29855	2.44519	5.399246	34.94771	294.2574	18.73667	9.743332	19.66801	11.63184	11.10033	9.081535	2.849976	5.070961	2.160645	2.314331	3.339539	2.464012	2.745155	3.237816	3.567581	
Total MV Amount	1803.175


Angle TRE instances
Rotate	
ChildRotate	34	40	
RotateInverse	1	
ChildRotateInverse	
Docking x	42	57	59	
Docking y	1	18	21	23	
Docking z	1	25	28	32	
Total TRE Count	11


Correct Angles	Rotate	ChildRotate	RotateInverse	ChildRotateInverse	Docking x	Docking y	Docking z
	-90	-90	0	150	90	0	0

Angle Error	Rotate	ChildRotate	RotateInverse	ChildRotateInverse	Docking x	Docking y	Docking z
	6.529236	5.648254	0	7.408569	4.675545	75.15938	93.77621

Time Taken	Hours	Minutes	Seconds	Milliseconds	Seconds float	Completion time
	0	0	4	490	4.490242	00h:00m:04s:490ms

Final Results	Tester Name	Time of Test	Dock Shape Style	Virtual Device Visible	Time Taken	Shape Precision %	Orientation Precision %	Overall Precision %	Efficiency %	Difficulty	Total MV	Total TRE	
	0	2018-11-27_19:21:47	Ltd Random	False	00h:00m:04s:490ms	97.27972	68.71564	84.66689	87.1564	0.4666667	1803.175	11	
