
Angles Over Time
Frames	Rotate	ChildRotate	RotateInverse	ChildRotateInverse	Docking x	Docking y	Docking z	
0	4.385591	1.64102	0	-0.5374451	-2.481079	1.86853	-3.33493	
1	4.193323	-0.234436	0	3.490029	-0.7279968	-1.229095	0.1155466	
2	3.958894	-0.234436	0	3.021172	-0.3952026	-4.312927	2.677032	
3	4.193324	2.668037E-08	0	3.021172	1.999526	-10.54382	11.3652	
4	4.193324	-2.109894	0	5.131058	6.156356	-16.6496	26.4247	
5	-1.66748	-1.17218	0	5.365486	7.790203	-27.95786	30.01588	
6	-0.2608643	-1.43567E-07	0	3.2556	2.717606	-34.88123	23.87748	
7	1.84901	0.4688643	0	2.786735	4.039896	-36.33405	22.4574	
8	3.490031	0.4688643	0	3.021171	5.293092	-36.17102	21.20568	
9	3.724467	-1.600812E-07	0	3.490028	3.384489	-29.48593	17.59833	
10	3.490031	-3.282043	0	6.772079	-5.355774	-20.88284	11.99482	
11	1.849009	-2.133559E-07	0	8.4131	-2.719482	-14.71887	8.242525	
12	2.552302	0.9377286	0	23.18232	1.31375	-8.680939	5.883735	
13	3.255603	1.172157	0	44.51563	1.882885	-5.662933	-0.5183411	
14	3.958895	0.9377286	0	56.70609	2.862513	-2.950592	-5.073853	
15	3.255603	1.172157	0	59.98814	3.406396	-0.9579163	-8.240082	
16	3.958895	-0.9377441	0	69.36542	4.082462	0.03569116	-9.926941	
17	2.083438	0.2344282	0	68.89656	3.314735	-0.2145691	-10.63843	
18	3.021167	-0.234436	0	68.66212	2.225859	-0.6916504	-10.01056	
19	3.255603	0.2344282	0	59.51927	0.3974624	-1.559845	-7.52655	
20	2.786738	0.2344282	0	56.47166	-0.08425903	-1.781158	-6.127899	
21	3.021167	-2.109894	0	59.98814	0.02131889	-1.997681	-7.611115	
22	1.145709	-1.641022	0	75.92952	0.1279207	-2.535736	-13.98267	
23	2.317874	-0.234436	0	77.57056	-1.2117	-3.198212	-20.06903	
24	3.021167	0.9377285	0	79.44601	-2.12561	-3.9888	-19.71356	
25	3.958896	0.9377285	0	79.91486	-2.161163	-4.284088	-16.70255	
26	-2.370758	0.9377285	0	79.44601	-2.497406	-4.188202	-14.5257	
27	-21.82861	-0.9377441	0	79.91487	-3.903656	-3.572845	-9.75354	
28	-60.97876	-1.406586	0	75.46066	-6.842041	-2.133881	-4.597626	
29	-102.0044	-23.67764	0	67.95883	-10.81433	-4.410034	1.809815	
30	-105.9897	-9.611725	0	67.95883	-9.409302	-5.368591	2.971183	
31	-107.6307	-9.611725	0	68.19327	-9.576324	-5.263062	3.358943	
32	-108.5685	-11.25275	0	68.89656	-9.825653	-7.464783	4.476997	
33	-112.5538	-10.54944	0	68.89656	-9.988098	-10.48312	7.133261	
34	-114.4293	-13.36261	0	67.95882	-10.37027	-12.84592	5.647877	
35	-115.367	-22.50549	0	54.36178	-8.092377	-13.84616	6.865715	
36	-119.3524	-22.50549	0	32.32516	-6.725647	-17.05161	15.26075	
37	-132.0117	-22.97433	0	22.01016	-7.705353	-20.95706	26.76962	
38	-137.8725	-24.84979	0	22.24459	-8.924011	-23.48761	32.59161	
39	-139.0446	-18.28571	0	16.61822	-7.53476	-23.09946	33.15948	
40	-139.5135	-5.626373	0	24.58891	-5.847595	-22.15369	26.74735	
41	-139.5135	-10.315	0	44.9845	-7.606812	-24.38821	17.55699	
42	-139.5135	-26.49081	0	77.80498	-7.792847	-25.82574	-0.2727051	
43	-115.8359	-38.68127	0	93.74635	-7.896393	-28.57556	-21.74216	
44	-87.23517	-40.55673	0	107.5778	-6.411346	-30.56308	-40.22687	
45	-70.35605	-39.38458	0	108.9844	-8.374207	-34.33606	-46.34875	
46	-68.94946	-36.33698	0	111.7976	-9.25885	-38.15323	-50.81754	
47	-62.61981	-36.10254	0	126.098	-8.443848	-41.15891	-60.78693	
48	-45.50626	-35.63367	0	141.8049	-7.996857	-46.0415	-76.58463	
49	-21.35977	-36.33698	0	142.0394	-9.235809	-44.69681	-80.0929	
50	-22.76636	-35.8681	0	142.5082	-9.070953	-43.49844	-79.39603	
51	-21.59421	-35.16479	0	142.9771	-8.437714	-41.41873	-81.04401	
52	-20.8909	-34.69595	0	143.2115	-7.203003	-38.38608	-85.31073	
53	-20.18762	-34.46152	0	144.1492	-5.851135	-35.78604	-89.66476	
54	-20.42206	-34.69595	0	144.8525	-5.504486	-33.82971	-93.8266	
55	-19.95319	-36.10254	0	144.8525	-5.698914	-31.79477	-96.35599	
56	-21.35977	-35.16479	0	144.8525	-6.117401	-31.23959	-95.28162	
57	-20.8909	-35.16479	0	144.8525	-6.794342	-29.70862	-91.70392	
58	-20.8909	-34.93036	0	144.8525	-8.621399	-29.15417	-88.91095	
59	-21.35977	-35.16479	0	144.8525	-10.71359	-28.34973	-84.15454	
60	-25.814	-35.16479	0	145.087	-12.57935	-25.93396	-78.21762	
61	-30.03375	-35.8681	0	144.8525	-13.3251	-24.12021	-75.1886	
62	-34.0191	-35.39923	0	144.8525	-12.78995	-22.56763	-71.289	
63	-37.77002	-34.69595	0	145.087	-12.4205	-21.96951	-70.01175	
64	-38.47333	-35.16479	0	145.087	-12.67914	-21.90775	-70.33286	
65	-39.64548	-35.39923	0	145.087	-13.20404	-22.11517	-70.43719	
66	-40.11435	-36.57141	0	145.087	-13.66232	-22.00757	-70.97208	
67	-42.22424	-35.8681	0	145.087	-14.09238	-21.65564	-71.57602	
68	-41.2865	-35.39923	0	145.3214	-14.45575	-21.23227	-72.6976	
69	-41.98981	-34.69595	0	145.087	-15.16269	-21.38495	-72.55212	
70	-41.52094	-39.15015	0	145.3214	-15.93054	-21.37457	-71.3515	
71	-41.52094	-42.90106	0	145.3214	-16.88956	-21.12982	-70.79419	
72	-41.2865	-44.77652	0	145.3214	-17.56976	-21.3381	-70.2934	
73	-42.69308	-46.88641	0	145.3214	-17.79178	-21.33969	-69.06979	
74	-41.98981	-49.93402	0	145.3214	-17.72729	-21.29532	-68.32233	
75	-41.75537	-52.74722	0	145.3214	-17.77481	-21.00967	-68.03592	
76	-41.98981	-53.68494	0	145.3214	-17.79797	-20.61182	-67.3692	
77	-41.98981	-54.15381	0	145.3214	-17.81924	-20.07507	-66.60956	
78	-44.09967	-54.85709	0	145.3214	-17.9715	-19.20404	-65.4895	
79	-44.80298	-54.15381	0	145.3214	-17.95169	-18.9856	-65.70099	
80	-44.33411	-54.15381	0	145.3214	-18.10034	-18.99121	-65.94519	
81	-44.56854	-54.15381	0	145.3214	-18.13525	-19.03201	-66.25372	
82	-44.33411	-54.15381	0	145.3214	-18.14206	-19.02802	-66.34915	
83	-44.56854	-56.02927	0	145.3214	-18.17181	-18.89526	-66.55338	
84	-45.97513	-54.85709	0	145.3214	-18.14038	-18.94888	-66.52701	
85	-44.33411	-53.91937	0	145.3214	-18.1741	-18.71863	-66.50388	
86	-44.33411	-54.15381	0	145.3214	-18.27502	-18.4408	-66.39453	
87	-44.56854	-54.38824	0	145.3214	-18.40253	-17.95804	-66.24561	
88	-44.33411	-54.15381	0	145.5558	-18.4657	-17.72855	-66.06934	
89	-44.33411	-55.32596	0	145.3214	-18.51984	-17.77969	-66.14529	
90	-45.74069	-54.15381	0	129.8489	-18.53964	-17.61362	-66.22623	
91	-44.33411	-54.15381	0	145.5558	-18.69025	-17.4136	-66.03006	
92	-44.09967	-54.15381	0	145.7903	-18.67941	-16.78979	-66.36108	
93	-44.33411	-53.68494	0	145.5558	-18.6554	-15.48383	-67.90039	
94	-44.09967	-54.38824	0	145.5558	-18.74872	-14.09305	-68.50555	
95	-44.33411	-55.79483	0	145.5558	-19.00281	-12.92294	-68.97168	
96	-46.444	-54.38824	0	145.7903	-18.99924	-10.68893	-73.5965	
97	-44.33411	-54.38824	0	145.7903	-18.08801	-8.395111	-76.98239	
98	-44.33411	-53.91937	0	145.7903	-17.59476	-7.374084	-77.15784	
99	-43.86523	-53.68494	0	146.0247	-17.43912	-6.258331	-78.36935	
100	-43.6308	-53.68494	0	146.0247	-16.56757	-4.819122	-79.14905	
101	-43.39639	-54.62265	0	146.2591	-14.98132	-3.322235	-80.40225	
102	-44.56854	-54.15381	0	146.2591	-13.61154	-2.182678	-80.88733	
103	-43.86523	-54.38821	0	146.728	-12.17838	-1.098053	-80.84686	
104	-43.86523	-54.15378	0	146.9624	-10.99701	0.2828951	-81.10358	
105	-44.09967	-54.15378	0	147.1969	-11.18942	0.5376573	-81.58307	
106	-43.86523	-55.56039	0	147.1969	-11.4549	0.5372099	-81.8562	
107	-45.27185	-54.85709	0	147.4313	-11.38684	0.7414116	-82.08618	
108	-44.33411	-54.15378	0	147.6657	-11.50824	0.8271107	-82.25809	
109	-43.86523	-54.15378	0	147.9001	-11.6142	0.6969299	-82.95044	
110	-43.86523	-54.38821	0	147.9001	-11.93979	0.1014102	-83.05096	
111	-43.86523	-54.38821	0	147.6657	-12.28656	-0.1551208	-82.88602	
112	-43.86523	-55.32596	0	147.6657	-12.26102	-0.2424316	-82.72229	
113	-45.74072	-54.62265	0	147.9001	-12.45929	-0.5230713	-82.63718	
114	-43.86523	-53.91937	0	147.6657	-12.4993	-0.7637024	-82.55884	
115	-43.86523	-53.91937	0	147.9001	-12.38992	-0.7691956	-82.67319	
116	-43.39639	-54.15378	0	147.9001	-12.40451	-0.8368835	-82.7511	
117	-43.39639	-53.91937	0	147.9001	-12.23792	-0.5841675	-82.57605	
118	-43.39639	-54.85709	0	147.9001	-12.02939	-0.5345764	-82.64804	
119	-45.03741	-54.15378	0	147.9001	-12.10355	-0.5657043	-82.80157	


Angle MV instances
Rotate	4.385591	5.860805	19.45786	39.15015	41.0256	3.985352	3.985352	3.985367	12.65933	5.860779	23.67763	28.60071	16.87912	6.329651	17.11356	24.14648	4.454224	4.219757	3.985352	3.750916	2.109894	2.109863	2.109894	2.109894	
ChildRotate	2.109894	3.282043	3.282043	22.27106	14.06592	2.813171	9.142883	6.564087	12.65933	4.688629	16.17581	12.19046	3.047607	4.454193	3.750916	2.109894	3.047607	2.813202	
RotateInverse	
ChildRotateInverse	4.027474	2.109886	2.109886	3.282051	14.76922	21.33331	12.19046	3.282047	9.377277	9.142853	3.047607	3.516476	15.94138	4.454208	7.501831	13.59705	22.03661	10.315	5.626366	7.970688	20.39559	32.82048	15.94138	13.83149	2.813187	14.30035	15.70695	15.4725	15.70695	
Docking x	2.481079	4.156829	5.072598	2.636292	2.938385	3.97229	2.277893	2.092194	
Docking y	3.083832	6.230896	6.105774	11.30826	6.92337	6.685089	8.603088	6.163971	6.037933	3.018005	2.712341	2.276154	2.201721	3.018341	2.362793	3.205444	3.905457	2.530548	2.234528	2.749817	3.77298	3.817169	3.005676	4.882599	2.079712	3.032654	2.600037	2.034943	2.415771	2.234009	2.293823	
Docking z	3.33493	3.450477	2.561485	8.688166	15.05951	3.591175	6.138399	3.607347	5.603512	3.752296	2.35879	6.402076	4.555511	3.166229	2.484009	6.371552	6.086365	3.011017	2.176849	4.772156	5.155914	6.407441	2.656264	8.395041	11.50887	5.821985	6.412132	9.190365	17.82969	21.46945	18.48471	6.121887	4.468781	9.969391	15.7977	3.50827	4.266724	4.354034	4.161835	2.529388	3.577698	2.792969	4.756409	5.93692	3.029022	3.899597	4.624817	3.385895	
Total MV Amount	1179.882


Angle TRE instances
Rotate	61	63	
ChildRotate	52	55	58	59	63	64	69	70	
RotateInverse	1	
ChildRotateInverse	63	90	91	
Docking x	1	4	6	8	9	10	11	28	
Docking y	1	3	14	30	100	
Docking z	53	55	57	59	
Total TRE Count	28


Correct Angles	Rotate	ChildRotate	RotateInverse	ChildRotateInverse	Docking x	Docking y	Docking z
	-30	-30	0	150	-5.008957E-06	5.008957E-06	-90

Angle Error	Rotate	ChildRotate	RotateInverse	ChildRotateInverse	Docking x	Docking y	Docking z
	13.86523	24.38821	0	2.099854	12.15875	0.5513356	7.111572

Time Taken	Hours	Minutes	Seconds	Milliseconds	Seconds float	Completion time
	0	0	7	62	7.061591	00h:00m:07s:062ms

Final Results	Tester Name	Time of Test	Dock Shape Style	Virtual Device Visible	Time Taken	Shape Precision %	Orientation Precision %	Overall Precision %	Efficiency %	Difficulty	Total MV	Total TRE	
	0	2018-11-27_19:15:33	Ltd Random	True	00h:00m:07s:062ms	94.39538	98.58094	95.22421	89.04652	0.3333333	1179.882	28	
