
Angles Over Time
Frames	Rotate	ChildRotate	RotateInverse	ChildRotateInverse	Docking x	Docking y	Docking z	
0	0.380719	-0.7033081	0	84.5418	22.44226	-113.629	-154.3179	
1	0.6151474	-0.4688721	0	84.5418	22.42424	-113.5422	-154.2942	
2	0.6151474	-0.7033081	0	84.5418	22.48756	-113.5357	-154.2956	
3	0.6151474	-0.7033081	0	84.30737	22.57639	-113.4912	-154.1855	
4	0.6151474	-0.9377441	0	84.30737	22.73072	-113.4132	-154.0201	
5	0.8495834	-0.9377441	0	84.5418	22.77524	-113.351	-153.9257	
6	0.380719	-0.7033081	0	84.30737	22.99741	-113.3632	-153.6671	
7	0.6151474	-0.4688721	0	84.5418	23.47863	-113.4284	-153.0454	
8	0.6151474	-0.4688721	0	84.5418	23.88186	-113.4013	-152.3042	
9	0.6151474	-0.7033081	0	84.30737	24.16213	-113.4601	-151.7566	
10	0.6151474	-0.7033081	0	84.5418	24.64834	-113.405	-150.9892	
11	0.380719	-0.7033081	0	84.30737	25.44593	-113.4333	-149.9589	
12	0.6151474	-0.7033081	0	84.07294	27.38276	-112.9179	-148.4088	
13	0.6151474	-0.4688721	0	81.72862	32.22067	-110.9357	-144.9591	
14	0.8495834	-0.4688721	0	75.63339	37.833	-108.1573	-139.9535	
15	0.8495834	-0.9377441	0	68.83486	45.56176	-100.9165	-131.144	
16	0.8495834	-6.095245	0	59.92644	53.60132	-87.44476	-115.4079	
17	0.380719	-9.377289	0	47.97041	58.24671	-68.25751	-91.94424	
18	0.6151474	-10.78387	0	36.01438	59.50533	-50.78043	-69.27026	
19	0.6151474	-11.01831	0	24.76164	58.05428	-32.22263	-45.75375	
20	0.6151474	-10.78387	0	15.38437	52.68091	-17.88055	-27.81476	
21	0.6151474	-10.78387	0	9.523566	43.21398	-7.659119	-13.31967	
22	0.6151474	-11.01831	0	0.615149	34.63399	-3.241058	-4.982544	
23	0.380719	-10.54944	0	0.3807129	28.80502	-2.054138	-0.6351013	
24	0.380719	-9.377289	0	0.3807129	23.25782	-1.694855	0.3907692	
25	0.8495834	-6.564117	0	0.3807129	18.62723	-1.81958	1.661043	
26	0.8495833	-2.813202	0	0.3807129	13.44339	-2.432373	3.329754	
27	0.8495833	-0.7033081	0	0.8495772	9.773816	-2.959045	4.824502	
28	0.6151474	-0.4688721	0	0.3807129	5.831226	-3.578278	5.939502	
29	0.6151474	-0.4688721	0	0.6151489	0.2708827	0.301324	5.7022	
30	0.6151474	-0.234436	0	0.6151489	-2.966492	2.324489	5.392118	
31	0.6151474	-0.234436	0	0.6151489	-4.981018	4.522756	4.262497	
32	0.6151474	-0.234436	0	0.3807129	-5.44455	7.55697	3.172864	
33	0.8495833	-0.4688721	0	0.6151489	-6.249359	10.49059	1.599899	
34	0.6151474	-0.4688721	0	0.3807129	-5.851624	10.69735	1.052235	
35	0.6151474	-0.4688721	0	0.6151489	-4.26532	13.72998	-0.7988586	
36	0.6151474	-0.4688721	0	0.3807129	-2.072174	16.04655	-2.602142	
37	0.6151474	-0.4688721	0	0.3807129	0.1299958	18.06642	-4.239502	
38	0.6151474	-0.4688721	0	0.6151489	2.022095	19.68069	-6.16272	
39	0.6151474	-0.7033081	0	0.6151489	3.637479	20.61044	-8.62442	
40	0.6151474	-0.4688721	0	0.3807129	3.973315	22.84849	-12.00479	
41	0.6151474	-0.234436	0	0.3807129	3.587426	21.87505	-13.35257	
42	0.8495833	-0.4688721	0	0.6151489	3.353991	21.27743	-13.76056	
43	0.6151474	-0.234436	0	0.6151489	1.43977	20.20805	-11.09598	
44	0.380719	-0.9377441	0	0.3807129	-1.128082	21.54115	-8.253479	
45	0.380719	-0.7033081	0	0.6151489	-3.50354	23.33487	-4.664093	
46	0.6151474	-0.4688721	0	0.3807129	-5.936584	24.95448	-0.962616	
47	0.6151474	-0.234436	0	0.6151489	-4.748566	24.00113	0.4968525	
48	-0.3225708	-0.234436	0	0.3807129	-4.972931	23.48384	1.450205	
49	-0.5570068	-0.7033081	0	0.6151489	-4.905273	23.08945	1.148614	
50	-0.5570068	-0.9377441	0	0.6151489	-4.55246	23.26838	0.2627374	
51	-1.494751	-0.4688721	0	0.3807129	-4.828522	23.63238	2.281499	
52	-4.776794	-0.4688721	0	0.6151489	-5.088379	24.90916	2.400157	
53	-5.01123	-0.234436	0	0.6151489	-3.95105	26.4136	1.182089	
54	-4.776794	-0.234436	0	0.3807129	-2.293182	27.94955	-2.286865	
55	-4.776794	-0.7033081	0	0.8495772	-0.74823	29.45328	-6.936554	
56	-0.3225708	-0.4688721	0	0.3807129	-1.179718	31.16103	-8.168365	
57	-0.08813477	-0.4688721	0	0.3807129	-2.251221	33.03393	-9.828125	
58	-0.08813477	-0.234436	0	0.3807129	-1.688843	33.73685	-10.75644	
59	0.146291	-0.7033081	0	0.615149	-1.174225	34.60349	-10.98962	
60	0.146291	-0.234436	0	0.3807129	-1.114105	36.49426	-10.78232	
61	0.146291	-0.4688721	0	0.8495772	-0.331665	38.90904	-11.56973	
62	-0.3225708	-0.4688721	0	0.6151489	0.1046655	43.99947	-11.99985	
63	-0.3225708	-0.4688721	0	0.3807129	-0.7042542	53.97905	-13.67743	
64	-0.3225708	-0.234436	0	0.6151489	2.508183	63.02739	-17.42755	
65	-0.08813477	-0.4688721	0	0.3807129	4.00701	66.59832	-19.8093	
66	0.1462911	-0.234436	0	0.6151489	3.714508	68.6915	-22.36432	
67	-0.08813477	-0.4688721	0	0.6151489	2.916157	69.24023	-24.10422	
68	-0.08813477	-0.4688721	0	0.3807129	3.029459	68.37347	-24.25037	
69	0.1462911	-0.4688721	0	0.6151489	2.852579	63.66742	-22.80417	
70	-0.08813477	-0.4688721	0	0.3807129	-0.238739	57.5466	-21.32034	
71	-0.08813477	-0.4688721	0	0.3807129	-5.612335	52.84473	-18.68097	
72	-0.08813477	-0.4688721	0	0.3807129	-10.06287	50.28983	-16.47751	
73	0.1462911	-0.7033081	0	0.6151489	-15.7612	45.0999	-15.85745	
74	-0.08813477	-0.4688721	0	0.3807129	-16.57111	36.9729	-15.24231	
75	-0.08813477	-0.234436	0	0.6151489	-15.41516	28.11403	-13.92068	
76	0.1462911	-0.234436	0	0.6151489	-15.43799	18.22109	-13.00327	
77	-0.08813477	-0.234436	0	0.6151489	-13.43106	14.51836	-12.06122	
78	-0.08813477	-0.7033081	0	1.084013	-8.670135	12.83001	-12.44733	
79	-0.3225708	-0.7033081	0	0.8495771	-4.211731	10.55005	-13.23053	
80	-0.08813477	-0.9377441	0	0.3807128	-4.560944	8.320384	-14.31833	
81	-0.08813477	-3.985352	0	0.3807128	-4.614868	7.944808	-14.46375	
82	0.1462911	-5.626373	0	0.3807128	-2.03952	8.770582	-14.18564	
83	0.1462911	-5.391937	0	0.6151488	-0.4920044	9.381431	-14.0488	
84	-0.08813477	-5.391937	0	0.6151488	0.006357732	9.704472	-13.54129	
85	-0.08813477	-5.391937	0	0.3807128	0.5552486	9.870917	-13.10373	
86	-0.3225708	-5.391937	0	0.3807128	0.4782836	9.606541	-12.60693	
87	-0.08813477	-5.157501	0	0.3807128	-0.6259766	8.677448	-12.47223	
88	-0.08813477	-5.391937	0	0.3807128	-1.388611	6.89889	-12.7312	
89	-0.08813477	-5.391937	0	0.6151488	-1.528137	5.018805	-12.79245	
90	-0.08813477	-5.391937	0	0.6151488	-2.455841	3.260667	-13.05222	
91	-0.3225708	-4.923065	0	0.6151488	-2.742767	1.742193	-13.09586	
92	-0.3225708	-5.157501	0	0.3807128	-1.926666	0.2603505	-13.16702	
93	0.1462911	-5.157501	0	0.3807128	-1.015778	-0.6647339	-12.42429	
94	0.1462911	-5.157501	0	0.3807128	0.08248986	-1.535919	-10.85995	
95	-0.08813477	-5.626373	0	1.084013	0.3014472	-2.011047	-9.644043	
96	-0.5570068	-5.157501	0	0.3807128	0.02400008	-1.811279	-9.578857	
97	-0.08813477	-5.391937	0	0.3807128	0.3126588	-3.361572	-9.563599	
98	-0.08813477	-5.157501	0	0.3807128	0.2593081	-3.172729	-9.986511	
99	0.1462911	-5.157501	0	0.6151488	-0.1333008	-2.721924	-10.62735	
100	-0.08813477	-5.157501	0	0.6151488	-0.2286987	-2.244812	-11.2489	
101	-0.08813477	-5.391937	0	0.6151488	-0.6264954	-1.505981	-11.64853	
102	-0.3225708	-5.157501	0	0.3807128	-0.7844238	-0.7093201	-11.61002	
103	0.146291	-5.157501	0	0.6151488	-0.6733093	-0.1135864	-11.53769	
104	-0.08813477	-5.157501	0	0.3807128	-0.2539978	-1.318298	-10.6546	
105	-0.08813477	-5.391937	0	0.3807128	0.54571	-2.277557	-9.664856	
106	-0.08813477	-5.626373	0	0.6151488	1.160889	-3.195038	-8.829163	
107	-0.3225708	-5.391937	0	0.6151488	1.157711	-4.439087	-8.107147	
108	-0.08813477	-5.391937	0	0.3807128	1.034458	-4.262329	-8.394226	
109	-0.08813477	-5.157501	0	0.3807128	1.04628	-4.278351	-8.852295	


Angle MV instances
Rotate	3.282043	4.454224	
ChildRotate	5.157501	3.282043	2.813171	3.750916	2.109894	3.047607	
RotateInverse	
ChildRotateInverse	84.5418	2.344315	6.09523	6.798531	8.908421	11.95603	11.95603	11.25274	9.377275	5.860802	8.908418	
Docking x	22.44226	4.837914	5.612331	7.728752	8.039562	4.645393	5.373371	9.46693	8.579987	5.828972	5.547201	4.630592	5.183837	3.669573	3.94259	5.560344	3.237374	2.014526	2.193146	2.375458	2.433044	3.091318	5.373596	4.450531	5.698334	2.006927	4.760925	4.458405	2.575348	
Docking y	113.629	2.778366	7.240814	13.47174	19.18726	17.47708	18.5578	14.34207	10.22144	4.41806	3.879602	2.023165	2.198267	3.034214	2.933622	3.032633	2.316565	2.019871	2.238047	2.41478	5.090431	9.979576	9.048344	3.57093	2.093178	4.706051	6.120819	4.701878	2.554893	5.189938	8.126999	8.85887	9.892933	3.702735	2.279959	2.229667	
Docking z	154.3179	3.449783	5.005554	8.809494	15.73608	23.46368	22.67398	23.51651	17.939	14.49509	8.337128	4.347443	2.4617	3.380371	2.664581	2.842499	3.589386	3.701477	2.018762	4.649689	3.750122	2.381744	2.555023	2.639374	2.203461	
Total MV Amount	1028.147


Angle TRE instances
Rotate	1	53	54	
ChildRotate	1	16	26	82	91	92	
RotateInverse	1	
ChildRotateInverse	23	
Docking x	30	32	35	46	47	52	53	71	79	
Docking y	23	32	90	
Docking z	23	28	31	38	45	55	
Total TRE Count	26


Correct Angles	Rotate	ChildRotate	RotateInverse	ChildRotateInverse	Docking x	Docking y	Docking z
	0	0	0	1.930712E-29	0	0	0

Angle Error	Rotate	ChildRotate	RotateInverse	ChildRotateInverse	Docking x	Docking y	Docking z
	0.08813477	5.157501	0	0.3807128	1.037984	4.262451	9.46637

Time Taken	Hours	Minutes	Seconds	Milliseconds	Seconds float	Completion time
	0	0	6	470	6.469708	00h:00m:06s:470ms

Final Results	Tester Name	Time of Test	Dock Shape Style	Virtual Device Visible	Time Taken	Shape Precision %	Orientation Precision %	Overall Precision %	Efficiency %	Difficulty	Total MV	Total TRE	
	1	2018-11-02_15:37:00	ZEROING DATA	True	00h:00m:06s:470ms	99.21856	97.45763	98.38149	100	2.145235E-32	1028.147	26	
