
Angles Over Time
Frames	Rotate	ChildRotate	RotateInverse	ChildRotateInverse	Docking x	Docking y	Docking z	
0	-0.2497559	0.2343858	0	-0.4841919	-0.08309937	1.579164	-0.7029419	
1	0.7003899	-1.469508E-08	0	0.9348259	0.2718021	0.8832194	-0.3989258	
2	0.7003899	-1.469508E-08	0	1.872555	0.3531496	1.795236	-0.7798767	
3	0.7003899	-0.234436	0	1.169254	0.8605148	2.62043	-1.254211	
4	0.4659539	-2.668037E-08	0	0.9348259	1.439318	4.149133	-2.108734	
5	0.9348183	-2.668037E-08	0	0.9348259	2.583444	5.078861	-2.462585	
6	0.70039	-2.668037E-08	0	1.169254	5.561965	6.293646	-2.956543	
7	0.70039	-0.234436	0	0.9348259	8.384634	7.663338	-2.977448	
8	0.70039	-0.234436	0	1.169254	12.8993	9.28667	-3.459503	
9	0.2315256	-0.234436	0	0.934826	17.34115	10.06777	-4.292175	
10	0.70039	-0.234436	0	0.934826	21.82116	11.0443	-3.910583	
11	0.70039	-2.668037E-08	0	0.934826	27.84261	10.79354	-2.943817	
12	0.9348183	-0.234436	0	0.934826	36.98528	9.588006	-1.517792	
13	1.169247	-0.234436	0	0.934826	45.01351	9.300752	1.089436	
14	0.9348184	-4.688629	0	1.40369	50.34041	10.59754	5.715575	
15	0.465954	-22.03662	0	0.934826	55.27539	12.41038	13.34881	
16	0.70039	-36.80582	0	0.934826	60.75048	15.50316	23.99803	
17	0.70039	-44.54208	0	0.934826	63.09841	20.33985	32.05211	
18	0.70039	-44.77652	0	0.934826	62.95052	25.43905	38.71103	
19	0.70039	-44.77652	0	1.40369	63.14095	30.87046	43.00683	
20	0.465954	-44.77652	0	16.17291	65.33447	37.99931	48.22513	
21	0.465954	-44.77652	0	26.95678	66.66093	44.11715	54.23363	
22	0.70039	-44.54208	0	37.74065	67.4724	54.28324	66.12903	
23	0.9348184	-46.88638	0	40.55384	68.69288	60.96425	75.68619	
24	0.9348184	-53.91937	0	40.55384	69.65144	66.37875	85.39191	
25	0.70039	-59.54572	0	40.78827	70.68012	65.83828	89.13282	
26	0.4659541	-59.31128	0	40.08497	71.77013	65.84295	91.0703	
27	0.9348184	-45.94867	0	40.08497	72.03069	71.53185	96.09091	
28	1.169247	-25.78754	0	40.3194	73.19157	76.36465	99.2769	
29	1.169247	-23.91205	0	40.3194	73.10251	81.94631	104.7542	
30	1.169247	-23.91205	0	39.85054	72.55628	86.19505	112.3885	
31	1.169247	-25.78754	0	39.61611	72.06023	88.73154	118.979	
32	0.9348186	-29.30399	0	39.38167	70.91131	93.33153	126.6454	
33	1.169247	-26.02194	0	39.38167	69.46635	94.03797	128.7258	
34	1.403683	0.2344389	0	41.72599	69.76302	93.75568	124.0191	
35	2.106976	0.4688673	0	41.49155	68.15116	96.36284	128.8617	
36	2.341412	2.881462E-06	0	41.0227	66.87463	95.73561	133.2123	
37	1.872547	0.4688673	0	37.03735	65.8283	94.02535	136.4769	
38	2.341412	0.2344389	0	33.75531	62.42768	92.50935	141.4252	
39	2.341412	0.7033033	0	33.28645	61.38574	92.43593	147.0396	
40	2.341412	0.7033033	0	34.4586	62.21333	94.67914	151.4733	
41	2.341412	0.7033033	0	39.85054	62.73849	96.67516	154.1893	
42	2.341412	0.2344389	0	42.42929	60.26757	96.70888	156.009	
43	1.872547	0.4688672	0	47.35236	61.00802	98.5628	158.1538	
44	2.106976	0.2344388	0	53.44759	62.05377	101.6609	161.5176	
45	2.106976	0.4688672	0	59.07397	61.28163	102.3167	162.4077	
46	2.106976	0.2344388	0	60.94942	62.34149	104.4764	164.1946	
47	2.341412	2.814146E-06	0	61.88714	62.16193	107.8722	167.4646	
48	2.106976	0.2344388	0	63.99703	62.13139	109.9014	168.8252	
49	2.106976	0.2344388	0	67.51351	59.80444	110.0273	168.9125	
50	2.341411	0.2344388	0	74.7809	58.28912	110.3854	168.3488	
51	2.57584	0.4688672	0	79.9384	55.09029	111.3779	169.0213	
52	2.810276	0.7033033	0	104.5538	52.83892	110.2201	167.5034	
53	2.57584	0.2344389	0	105.9604	51.29906	107.7886	165.326	
54	2.341412	0.4688672	0	104.7882	49.56923	107.557	168.9909	
55	2.57584	0.4688672	0	100.334	50.15585	110.0905	175.0439	
56	2.57584	0.7033033	0	100.0996	50.92299	111.6295	-179.6814	
57	2.57584	0.4688672	0	100.0996	50.77848	109.4253	178.7974	
58	2.57584	-0.234436	0	100.5684	50.36295	107.878	176.8711	
59	2.106976	0.2344388	0	100.0996	49.94084	108.4239	178.0416	
60	2.341412	0.4688672	0	97.75525	49.91656	110.1902	-179.3655	
61	2.341412	0.4688672	0	99.86514	48.15102	109.4056	-177.5066	
62	2.57584	0.7033032	0	100.0996	46.27161	109.0229	-175.9929	
63	2.57584	0.4688672	0	99.39627	44.66952	108.5996	-175.185	
64	2.341412	2.746795E-06	0	100.334	43.14511	108.3454	-174.755	
65	2.106976	0.2344388	0	97.52081	41.76685	107.6978	-175.7215	
66	2.57584	0.4688672	0	99.39627	40.27524	101.3672	-179.5975	
67	2.57584	0.4688672	0	100.334	39.25528	94.39566	174.9358	
68	2.57584	0.4688672	0	100.334	38.79486	88.95959	171.6028	
69	2.57584	0.7033032	0	100.334	38.46747	83.81065	168.5947	
70	2.57584	0.4688672	0	101.2717	39.78037	78.5539	164.1816	
71	2.106976	0.7033032	0	102.6783	39.71836	72.42827	159.7062	
72	2.57584	0.4688672	0	105.4915	39.61752	67.25013	156.0394	
73	2.341412	0.4688672	0	105.7259	40.13498	64.74536	153.6495	
74	2.575841	0.4688672	0	105.7259	42.76426	63.87714	152.496	
75	2.575841	-0.234436	0	105.9604	45.98109	63.56842	152.2121	
76	2.106976	0.2344387	0	105.9604	49.81828	62.59164	151.0957	
77	2.341412	0.4688671	0	107.367	54.74736	62.14519	151.0787	
78	2.575841	0.7033031	0	109.4768	61.4225	64.16496	151.1296	
79	2.810277	0.7033031	0	111.8212	67.11639	72.40468	157.043	
80	2.575841	0.468867	0	111.8212	69.80435	84.76414	167.1919	
81	2.575841	0.2344386	0	111.8212	70.81043	95.83928	174.8839	
82	2.341412	0.468867	0	111.8212	71.03538	102.7101	179.3857	
83	2.575841	0.468867	0	112.9933	70.99777	109.2518	-176.3942	
84	2.341413	0.703303	0	116.2754	70.61082	116.8738	-171.4892	
85	2.341413	0.703303	0	116.9787	69.81257	124.4283	-166.7304	
86	2.575841	0.468867	0	117.2131	68.06757	131.8124	-162.5592	
87	2.341413	0.2344386	0	117.2131	66.51363	138.0687	-158.9256	
88	2.341413	0.468867	0	116.9787	64.80658	144.193	-154.8346	
89	2.341413	0.703303	0	116.9787	63.36127	147.7908	-152.514	
90	2.341413	0.703303	0	115.3376	62.67794	150.4077	-150.4715	
91	2.575841	0.9377314	0	116.7442	62.71482	151.4554	-149.0092	
92	2.575841	0.7033031	0	116.9787	63.67583	152.822	-146.4995	
93	2.341413	0.7033031	0	116.9787	64.82687	155.74	-141.9543	
94	2.575842	0.7033031	0	116.9787	66.05143	162.4816	-134.5229	
95	2.341413	0.7033031	0	116.7442	66.4286	167.6591	-128.394	
96	2.575842	0.468867	0	116.7442	66.77063	167.7248	-126.6766	
97	2.575842	0.2344386	0	116.9787	67.34237	166.3021	-126.6236	
98	2.106978	0.703303	0	116.7442	67.73769	164.1141	-127.1606	
99	2.341413	0.703303	0	116.0409	67.94505	158.7304	-128.8864	
100	2.341413	0.703303	0	114.8688	68.69427	156.4394	-128.1899	
101	2.575842	0.703303	0	113.4622	70.30023	156.7324	-125.8899	
102	2.575842	0.9377314	0	112.29	72.40804	156.8469	-122.8964	
103	2.575842	0.4688671	0	112.0556	73.84227	157.1535	-120.5663	
104	2.341413	0.4688671	0	111.3523	74.60884	155.58	-121.1673	
105	2.341413	0.4688671	0	111.1179	75.18927	153.1756	-123.4215	
106	2.575842	0.7033031	0	111.1179	75.31035	149.7651	-127.1026	
107	2.575842	0.7033031	0	111.1179	75.40527	146.8767	-130.3285	
108	2.341414	2.614633E-06	0	109.9457	75.89993	144.0564	-133.305	
109	1.872549	0.2344386	0	107.8358	76.33567	141.6691	-135.6592	
110	2.341414	0.703303	0	104.3193	75.46083	137.345	-138.8367	
111	2.575842	0.703303	0	102.2095	74.25404	133.8817	-141.4099	
112	2.575842	0.703303	0	103.1472	72.64445	131.8957	-143.1702	
113	2.575842	0.703303	0	103.3816	71.00198	129.2897	-145.9884	
114	2.575842	0.468867	0	103.6161	69.63651	128.2854	-147.1861	
115	2.106978	0.703303	0	103.6161	68.59035	128.5175	-147.0076	
116	2.341414	0.703303	0	103.6161	67.0129	127.6021	-147.4742	
117	2.575843	0.468867	0	103.6161	66.99518	127.4687	-148.3542	
118	2.341414	0.703303	0	103.6161	66.89305	123.0975	-152.9976	
119	2.341414	0.4688669	0	103.8505	63.37421	110.9517	-163.3526	
120	2.341414	0.4688669	0	103.8505	58.33282	100.219	-173.4657	
121	2.341414	0.7033029	0	103.6161	53.06313	93.14722	179.7397	
122	2.575843	0.9377313	0	103.6161	48.85706	89.65899	175.9153	
123	2.810279	0.703303	0	103.6161	45.71032	87.92284	173.6122	
124	2.810279	0.9377313	0	103.6161	43.63694	87.02256	172.2459	
125	2.810279	0.468867	0	103.6161	42.88235	87.48156	172.5315	
126	2.341414	0.703303	0	103.8505	43.84428	89.09754	174.1226	
127	2.575843	0.9377314	0	108.7736	49.87643	93.90806	178.6881	
128	2.810279	0.9377314	0	112.29	58.50153	101.1104	-173.4373	
129	2.575843	0.9377314	0	112.9933	66.13796	114.2287	-159.8864	
130	2.575843	0.4688671	0	113.4622	71.49083	133.8939	-139.1774	
131	1.87255	0.7033031	0	113.4622	73.75016	165.8325	-106.7768	
132	2.575843	0.7033031	0	113.4622	72.37063	-173.9364	-85.80862	
133	2.575843	1.17216	0	113.4622	70.98878	-162.7315	-73.69202	
134	2.575843	0.9377314	0	113.2278	71.11126	-158.7857	-68.88284	
135	2.575843	1.17216	0	113.2278	72.21949	-155.1368	-64.30313	
136	2.810279	0.7033031	0	113.2278	73.95026	-152.022	-59.93216	
137	2.341414	0.7033031	0	112.7589	75.43323	-145.5565	-52.34045	
138	2.575843	0.9377314	0	111.3523	78.38528	-143.5476	-49.79544	
139	2.575843	0.9377314	0	111.1179	80.7745	-144.378	-51.22528	
140	2.575843	0.9377314	0	111.3523	83.81351	-160.7696	-69.15472	
141	2.341415	0.7033031	0	111.5868	84.85996	143.1481	-127.0889	
142	2.106979	0.7033031	0	111.5868	81.99865	104.4985	-168.1056	
143	2.341415	0.9377314	0	115.8065	76.93559	90.79393	176.8454	
144	2.341414	1.17216	0	119.7919	73.58989	85.89695	168.1015	
145	2.575843	0.9377314	0	124.715	71.44466	84.689	162.7329	
146	2.575843	0.9377314	0	127.0593	69.74993	87.05585	161.0203	
147	2.575843	0.4688671	0	127.0593	68.71216	88.66734	160.3498	
148	2.341415	1.17216	0	127.0593	68.91183	88.89703	159.2437	
149	2.575843	0.9377315	0	127.0593	68.70776	88.63727	157.6955	
150	2.575843	0.9377315	0	127.0593	68.18414	89.12498	156.5967	
151	2.575843	1.17216	0	127.0593	66.99692	90.10274	155.8622	
152	2.575843	0.7033032	0	127.2937	65.33586	91.8338	156.1103	
153	2.341415	0.9377315	0	127.0593	63.66643	93.7715	156.9713	
154	2.575844	0.9377315	0	127.0593	61.91426	96.19958	158.7269	
155	2.575844	1.406596	0	127.0593	60.78629	97.94823	160.3701	
156	2.81028	0.9377315	0	127.0593	59.87861	99.29452	161.8685	
157	2.575844	0.9377315	0	127.0593	59.55598	100.5141	163.2445	
158	2.81028	0.9377315	0	127.0593	59.18336	101.7879	164.5704	
159	2.341415	1.17216	0	127.0593	58.88106	103.4955	166.1417	
160	2.575844	1.17216	0	127.0593	58.49147	104.975	167.8875	
161	2.575844	0.9377315	0	127.0593	58.0993	105.4427	168.5525	


Angle MV instances
Rotate	
ChildRotate	4.454193	17.34799	14.7692	7.736267	2.344299	7.03299	5.626343	13.36261	20.16113	3.516449	3.282043	26.25638	
RotateInverse	
ChildRotateInverse	14.76922	10.78387	10.78387	2.813194	2.344322	3.985348	3.282047	5.391933	2.578751	4.923073	6.095234	5.626373	2.109886	3.516483	7.267387	5.157501	24.61537	4.454208	2.344315	2.109886	2.813194	2.813187	2.109886	2.344322	3.282043	2.109886	3.516487	2.109886	4.92308	3.516479	4.21978	3.985359	4.92308	2.344315	
Docking x	2.97852	2.82267	4.514666	4.441854	4.480009	6.021444	9.142672	8.028229	5.3269	4.934978	5.47509	2.347931	2.19352	3.400623	2.470924	2.32695	3.198822	2.251377	2.629284	3.216831	3.837193	4.929077	6.675137	5.693897	2.687958	2.107811	3.518841	5.041389	5.269695	4.20607	3.146732	2.073383	6.032154	8.625092	7.636436	5.352867	2.259331	2.952049	2.389221	3.039009	2.861313	5.063057	3.345703	2.145226	
Docking y	3.092775	4.836689	5.099207	5.43141	7.128841	6.117844	10.16609	6.681015	5.414494	5.688896	4.832802	5.581665	4.248741	2.536484	4.599991	2.607155	2.24321	3.098099	2.159714	3.395866	2.029175	2.431503	2.533493	2.204208	6.330605	6.971565	5.436073	5.148941	5.256744	6.125633	5.178139	2.504768	2.019768	8.239723	12.35947	11.07513	6.870865	6.541695	7.621986	7.554482	7.384117	6.256256	6.124344	3.597778	2.616882	2.917999	6.741547	5.177551	2.188004	5.383652	2.291031	2.404343	3.410492	2.888397	2.820313	2.38736	4.324005	3.463318	2.606049	4.371117	12.14581	10.73277	7.071739	3.488228	4.810516	7.202301	13.11836	19.66517	31.93864	339.769	11.20493	3.945786	3.648941	3.114746	6.4655	2.008881	16.39165	303.9177	38.64958	13.70454	4.89698	2.366852	2.428078	
Docking z	4.626139	7.633238	10.64921	8.054087	6.65892	4.295799	5.218296	6.008503	11.8954	9.557159	9.705719	3.740913	5.020607	3.185989	5.477303	7.634323	6.590485	7.666344	2.080414	4.706673	4.842613	4.350571	3.264603	4.948334	5.614426	4.433609	2.716003	2.144806	3.36377	3.269989	2.177383	3.664886	6.052979	354.7253	3.876099	354.5334	3.332977	3.008179	4.413025	4.475388	3.666809	2.389938	5.913437	10.14883	7.691986	4.501816	355.7798	4.904938	4.758865	4.171127	3.633667	4.090988	2.320633	2.04245	2.509735	4.545197	7.431412	6.128891	2.299973	2.993546	2.330124	2.254181	3.681091	3.225891	2.976501	2.354233	3.177444	2.573196	2.818268	4.643402	10.35497	10.11308	353.2054	3.824463	2.30304	4.56546	352.1254	13.5509	20.70897	32.40067	20.96814	12.11661	4.809174	4.579712	4.370972	7.591705	2.545013	17.92944	57.9342	41.01666	344.951	8.743866	5.368591	
Total MV Amount	4348.03


Angle TRE instances
Rotate	1	
ChildRotate	1	15	34	
RotateInverse	1	
ChildRotateInverse	
Docking x	26	33	34	35	80	86	101	114	130	139	143	147	
Docking y	96	99	131	132	
Docking z	97	99	101	107	141	142	
Total TRE Count	24


Correct Angles	Rotate	ChildRotate	RotateInverse	ChildRotateInverse	Docking x	Docking y	Docking z
	0	0	0	90	74.72808	168.089	-122.7037

Angle Error	Rotate	ChildRotate	RotateInverse	ChildRotateInverse	Docking x	Docking y	Docking z
	2.575844	1.17216	0	37.0593	16.6952	62.419	-67.92487

Time Taken	Hours	Minutes	Seconds	Milliseconds	Seconds float	Completion time
	0	0	9	559	9.558564	00h:00m:09s:559ms

Final Results	Tester Name	Time of Test	Dock Shape Style	Virtual Device Visible	Time Taken	Shape Precision %	Orientation Precision %	Overall Precision %	Efficiency %	Difficulty	Total MV	Total TRE	
	1	2018-11-02_15:23:45	Presets_dockPreset_5	True	00h:00m:09s:559ms	94.33232	75.86224	85.09156	67.08161	0.5061342	4348.03	24	
