
Angles Over Time
Frames	Rotate	ChildRotate	RotateInverse	ChildRotateInverse	Docking x	Docking y	Docking z	
0	-72.41699	-72.90839	0	149.1213	54.58751	176.8554	139.0504	
1	-72.41699	-72.90839	0	148.8868	54.68984	175.6445	137.5807	
2	-72.41699	-72.90839	0	149.1213	53.90059	174.9964	136.6578	
3	-72.18256	-72.90839	0	148.8868	53.43664	175.1807	136.8618	
4	-72.41699	-72.90839	0	149.1213	53.4699	175.1289	136.8911	
5	-72.41699	-73.14279	0	148.8868	53.69501	175.0561	136.8471	
6	-72.65143	-72.90839	0	148.8868	54.13	174.7127	136.6631	
7	-72.41699	-72.90839	0	149.1213	55.49599	173.8523	135.9537	
8	-72.41699	-72.90839	0	148.8868	59.96601	171.3676	132.483	
9	-72.41699	-72.67395	0	148.8868	67.33578	166.597	127.5035	
10	-72.41699	-72.90839	0	148.8868	74.13215	153.4939	113.9982	
11	-72.18256	-75.25269	0	148.8868	79.02805	106.4179	69.07278	
12	-70.07269	-79.94135	0	148.8868	74.94854	63.91879	26.34227	
13	-55.06903	-84.86441	0	148.8868	68.03728	44.58284	2.899616	
14	-36.54889	-88.61533	0	148.8868	60.1214	36.3024	-11.43326	
15	-8.885925	-90.95966	0	145.8392	53.49045	32.25139	-21.46259	
16	0.7257844	-90.95966	0	121.2239	47.63252	29.90919	-19.71381	
17	0.4913483	-92.36624	0	81.13598	38.22959	29.02234	-12.84979	
18	0.9602126	-94.71057	0	2.601257	27.67946	27.91313	-1.134247	
19	0.7257841	-94.71057	0	10.33751	18.93994	25.95725	7.579678	
20	0.9602126	-94.71057	0	2.601256	15.01519	24.20586	11.41679	
21	1.194649	-94.47614	0	2.36682	14.04675	23.07757	10.14562	
22	1.194649	-89.55304	0	2.601256	13.38618	21.9155	8.701406	
23	0.9602125	-76.89374	0	2.601256	11.75799	20.62639	5.708425	
24	1.194649	-42.66666	0	2.601256	10.53433	18.75476	-0.8713379	
25	0.7257842	-7.267426	0	2.601256	8.088899	17.08028	-9.41153	
26	0.9602126	-0.9377441	0	2.601256	6.343853	15.05342	-16.6622	
27	1.194649	-1.875488	0	3.304549	4.828691	13.51519	-15.96768	
28	0.4913482	-1.17218	0	2.835685	5.165089	12.38874	-12.72018	
29	1.194649	-0.9377441	0	2.601257	2.770891	11.4587	-11.73175	
30	1.194649	-0.7033386	0	2.601256	1.687235	9.459588	-8.627075	
31	1.429077	-0.9377441	0	2.36682	-0.6517029	6.80666	-6.746735	
32	1.429077	-1.17218	0	2.601256	-2.00235	3.57091	-5.769348	
33	1.429077	-1.17218	0	3.070121	-1.634888	1.835643	-5.379028	
34	1.194649	-1.17218	0	2.601257	0.129665	-0.3796692	-4.111816	
35	1.663513	-0.4689026	0	2.601256	1.288471	-1.167847	-3.759521	
36	1.897942	-0.2344666	0	2.601256	2.132881	-3.658569	-2.89856	
37	2.132378	-0.2344666	0	2.36682	2.867423	-6.173126	-1.629181	
38	2.366807	-0.2344666	0	2.601256	2.669079	-6.729858	-3.963867	
39	2.132378	-0.7033386	0	3.304549	4.371392	-7.189667	-3.390411	
40	1.663514	-0.4689026	0	2.36682	6.398367	-7.198639	-1.751251	
41	2.132378	-0.4689026	0	2.36682	8.914743	-6.209686	-0.4944153	
42	2.132378	-0.2344666	0	2.36682	12.76626	-5.049561	1.178414	
43	2.601235	-0.2344666	0	2.601256	15.70236	-4.712494	1.658421	
44	2.366807	-0.2344666	0	2.601256	15.99899	-4.001526	1.718105	
45	2.132378	-0.4689026	0	2.601256	15.47698	-3.44516	1.545763	
46	2.132378	-0.4689026	0	2.601256	15.68691	-4.171173	2.916334	
47	2.132378	-0.2344666	0	2.601256	15.2878	-1.695648	4.06023	
48	2.132378	-0.4689026	0	2.601256	15.23022	-0.3940735	5.877352	
49	2.132378	-0.2344666	0	2.601256	13.63029	0.9594787	5.959264	
50	2.132378	-0.7033386	0	3.070121	13.106	0.726026	5.696859	
51	2.132378	-0.7033386	0	2.835685	12.19175	0.6143658	5.8099	
52	1.897942	-0.4689026	0	2.36682	11.43931	0.3816845	5.908161	
53	2.132378	-0.4689026	0	2.601256	11.12521	-0.1827698	5.708916	
54	2.366807	-0.2344666	0	2.601256	10.47348	-1.252716	5.370965	
55	2.366807	-0.4689026	0	2.601256	10.16725	-1.410004	5.681942	
56	2.366807	-0.9377441	0	3.070121	10.54623	-1.109283	6.599355	
57	1.663514	-0.2344666	0	2.835685	11.17443	-1.163391	8.793801	
58	2.132379	-0.4689026	0	2.601256	11.11409	-1.170746	9.634331	
59	2.132379	-0.2344666	0	2.601256	11.76502	-0.8556213	9.259667	
60	2.132379	-0.4689026	0	2.601256	10.75874	-1.036163	8.222536	
61	2.366807	-0.4689026	0	2.601256	10.12391	-1.029755	8.106376	
62	2.366807	-0.7033386	0	2.835685	9.072123	-0.9363708	8.850925	
63	2.132379	-0.2344666	0	2.36682	7.751023	-1.216705	9.12292	
64	2.366807	-0.4689026	0	2.601256	7.394655	-1.428497	8.739549	
65	2.132379	-0.2344666	0	2.36682	7.42987	-1.758362	7.823853	
66	2.132379	-0.2344666	0	2.601256	10.13271	-1.530914	6.25571	
67	2.132379	-0.7033386	0	3.070121	14.24236	-0.9047241	5.014708	
68	1.897943	-0.7033386	0	2.601256	17.63368	0.05356821	4.849473	
69	2.132379	-0.4689026	0	2.601256	19.37001	0.648106	6.035186	
70	1.897943	-0.2344666	0	2.601256	20.98566	1.136424	6.392505	
71	2.366808	-0.2344666	0	2.36682	21.67234	1.644112	6.822411	
72	2.366808	-0.4689026	0	2.601256	22.42841	1.822148	6.898012	
73	2.132379	-0.9377441	0	3.304549	23.5433	2.412223	7.889596	
74	1.663515	-0.4689026	0	2.36682	24.75905	2.968002	8.73182	
75	2.601236	-0.4689026	0	2.36682	26.82136	3.927426	10.25947	
76	2.366808	-0.4689026	0	2.601256	26.73119	3.08514	10.8131	
77	2.366808	-0.4689026	0	2.601256	22.21877	1.810044	10.65411	
78	2.366808	-0.2344666	0	2.36682	16.74762	-0.9572754	11.85845	
79	2.601236	-0.7033386	0	2.835685	11.85448	-4.490265	13.31386	
80	2.132379	-0.4689026	0	2.601256	9.275936	-5.97995	14.68882	
81	2.366808	-0.4689026	0	2.36682	8.41085	-6.637115	15.01905	
82	2.366808	-0.4689026	0	2.36682	7.652173	-7.136505	15.30045	
83	2.132379	-0.4689026	0	2.36682	6.776114	-7.534851	15.37618	
84	2.366808	-0.7033386	0	3.07012	6.001455	-7.913177	15.65083	
85	2.132379	-0.7033386	0	2.835684	6.294487	-8.599884	15.69186	
86	1.897943	-0.4689026	0	2.601256	6.692451	-8.369659	15.3335	
87	2.132379	-0.4689026	0	2.601256	7.482224	-7.887695	14.51575	
88	2.601236	-0.4689026	0	2.36682	9.354375	-6.571472	13.04764	
89	2.366808	-0.4689026	0	2.601256	10.82031	-5.289764	11.61829	
90	2.132379	-0.4689026	0	3.07012	12.96836	-4.101624	9.831721	
91	1.663515	-0.2344666	0	5.883299	15.80634	-2.687012	7.49597	
92	1.897943	-0.2344666	0	5.883299	16.05256	-1.874084	5.840996	
93	2.13238	-2.814779E-05	0	5.648872	15.94204	-0.6428833	4.319362	
94	2.366809	0.2344002	0	5.8833	13.56676	0.120126	1.652004	
95	2.366809	0.2344002	0	5.648872	9.763586	-0.2694092	-0.1681519	
96	2.366809	-2.814779E-05	0	5.8833	7.129732	-0.432373	-0.02789307	
97	1.897944	-2.814779E-05	0	5.648872	5.244414	-0.4309082	-1.036224	
98	2.13238	-2.814779E-05	0	5.648872	5.031649	-0.01617432	-2.309021	
99	2.36681	-2.814779E-05	0	5.648872	4.931796	0.2778412	-2.605225	
100	2.132381	0.2344002	0	5.648872	4.904349	0.5121643	-2.819458	
101	2.132381	-0.2344666	0	6.117736	4.894056	0.8230929	-2.898315	
102	2.132381	-2.812111E-05	0	5.8833	4.832101	1.109122	-2.6922	
103	2.132381	0.2344003	0	5.648871	4.907768	1.256517	-2.377747	
104	2.132381	0.2344003	0	5.414443	4.702964	1.217435	-2.149811	
105	2.36681	-2.812111E-05	0	5.414443	4.402442	1.217798	-2.039825	
106	2.36681	-2.812111E-05	0	4.945578	3.833769	1.17007	-1.724365	


Angle MV instances
Rotate	72.41699	2.109863	15.00366	18.52014	27.66296	9.61171	
ChildRotate	72.90839	2.344299	4.68866	4.923065	3.750916	2.34433	2.34433	4.923096	12.6593	34.22708	35.39923	6.329681	
RotateInverse	
ChildRotateInverse	149.1213	3.047607	24.61536	40.08788	78.53472	7.736251	7.736251	2.813179	
Docking x	54.58751	4.470016	7.36977	6.796371	4.895897	4.079506	6.911263	7.915874	6.630951	5.857933	9.402931	10.55013	8.739519	3.924756	2.445427	2.394198	2.026975	2.516376	3.851513	2.936105	2.702844	4.109645	3.391326	2.062309	4.512415	5.471149	4.893137	2.578548	2.148052	2.837976	2.375285	3.803173	2.633854	
Docking y	176.8554	2.484711	4.770538	13.10318	47.07601	42.49907	19.33595	8.280437	4.051006	2.342199	2.026861	2.652928	3.23575	2.490723	2.514557	2.475525	3.53299	
Docking z	139.0504	3.470734	4.979469	13.50529	44.92545	42.73051	23.44265	14.33287	10.02933	6.864014	11.71555	8.713924	3.83711	2.99298	6.579763	8.540192	7.250671	3.247498	3.104675	2.334686	2.194447	2.335751	2.667357	
Total MV Amount	1556.256


Angle TRE instances
Rotate	17	
ChildRotate	27	
RotateInverse	1	
ChildRotateInverse	20	91	106	
Docking x	29	40	99	
Docking y	33	37	43	80	90	
Docking z	18	19	24	25	34	48	68	69	93	
Total TRE Count	22


Correct Angles	Rotate	ChildRotate	RotateInverse	ChildRotateInverse	Docking x	Docking y	Docking z
	-3.916384E-29	0	0	1.89396E-28	0	0	0

Angle Error	Rotate	ChildRotate	RotateInverse	ChildRotateInverse	Docking x	Docking y	Docking z
	2.36681	0.4689026	0	2.835684	3.255534	1.142798	1.484131

Time Taken	Hours	Minutes	Seconds	Milliseconds	Seconds float	Completion time
	0	0	6	292	6.292201	00h:00m:06s:292ms

Final Results	Tester Name	Time of Test	Dock Shape Style	Virtual Device Visible	Time Taken	Shape Precision %	Orientation Precision %	Overall Precision %	Efficiency %	Difficulty	Total MV	Total TRE	
	1	2018-11-02_15:30:07	ZEROING DATA	True	00h:00m:06s:292ms	99.2123	99.51353	99.08303	100	2.539554E-31	1556.256	22	
