
Angles Over Time
Frames	Rotate	ChildRotate	RotateInverse	ChildRotateInverse	Docking x	Docking y	Docking z	
0	-104.1563	-108.3076	0	140.1218	-37.12036	142.7515	74.13409	
1	-104.1563	-108.542	0	140.3562	-36.82803	143.4447	74.30923	
2	-104.1563	-108.3076	0	140.3562	-36.91736	144.3897	74.54755	
3	-104.1563	-108.542	0	140.3562	-36.60953	145.0275	75.27778	
4	-104.1563	-108.3076	0	140.3562	-36.1705	145.374	75.73389	
5	-104.1563	-108.542	0	140.3562	-34.87234	145.6327	75.92244	
6	-104.1563	-108.542	0	140.3562	-31.65314	144.6226	74.69709	
7	-104.1563	-108.542	0	140.3562	-23.44543	141.5381	74.06252	
8	-104.1563	-108.3076	0	140.3562	-9.9729	134.2249	73.30862	
9	-104.1563	-108.3076	0	140.1218	3.885549	126.2838	72.01338	
10	-104.1563	-108.542	0	140.3562	10.94214	119.2437	66.80231	
11	-104.1563	-108.3076	0	140.3562	9.86663	116.2591	61.82928	
12	-104.1563	-108.3076	0	140.1218	5.139925	116.5145	59.66203	
13	-104.1563	-108.542	0	140.1218	-0.1110229	118.3463	58.46041	
14	-104.1563	-108.3076	0	140.3562	-3.658417	123.053	59.13913	
15	-104.1563	-108.542	0	140.3562	-6.398041	126.3863	62.47593	
16	-104.1563	-108.542	0	140.3562	-9.17804	128.6402	65.38361	
17	-104.1563	-108.542	0	140.3562	-12.78177	131.9036	67.62679	
18	-104.1563	-108.542	0	140.3562	-15.17465	128.7333	69.75741	
19	-104.1563	-108.542	0	140.3562	-11.15906	115.7403	75.23941	
20	-104.1563	-108.542	0	140.3562	-7.54306	104.3671	79.72467	
21	-104.1563	-108.542	0	140.1218	-7.780762	87.22421	89.11998	
22	-104.1563	-108.542	0	140.3562	-9.937256	73.51914	92.41231	
23	-104.1563	-108.542	0	140.3562	-9.104462	70.58236	90.42025	
24	-104.1563	-108.542	0	140.3562	-7.973114	65.45686	92.7895	
25	-104.1563	-108.542	0	140.3562	-10.00467	67.31626	90.41584	
26	-104.1563	-108.3076	0	140.1218	-11.10599	67.39792	89.69194	
27	-104.1563	-108.3076	0	140.3562	-8.795959	66.3234	92.67482	
28	-104.3908	-108.3076	0	140.1218	-6.019348	62.9484	94.63655	
29	-104.1563	-108.0732	0	140.1218	-3.649506	61.35995	91.5421	
30	-104.1563	-105.7288	0	140.3562	-2.123505	60.02847	87.69718	
31	-104.1563	-91.89734	0	140.3562	-0.739502	58.96869	83.18839	
32	-103.9219	-32.35159	0	140.3562	0.2507627	58.96822	76.76215	
33	-103.9219	-0.9377136	0	140.3562	4.844684	56.61185	54.76133	
34	-103.6875	-0.9377136	0	140.3562	9.223	52.33571	44.69508	
35	-96.88895	-0.9377136	0	140.3562	8.506033	49.90472	34.55655	
36	-78.83768	-1.406586	0	140.1218	8.259296	47.35506	24.30828	
37	-68.0538	-7.501801	0	140.3562	7.727317	45.86129	14.79796	
38	-51.17471	-18.98898	0	140.3562	7.955305	44.04227	3.528516	
39	-23.98059	-22.03659	0	140.1218	8.584431	39.77424	-10.90631	
40	-8.742493	-22.27103	0	140.1218	10.00318	34.84754	-16.9444	
41	-1.006256	-22.50546	0	140.3562	8.932988	30.68385	-17.6106	
42	-0.7718201	-11.01828	0	140.1218	7.992155	28.7852	-19.97281	
43	-0.7718201	-0.4688416	0	135.4332	6.071831	26.77057	-28.08405	
44	-0.537384	-0.7032776	0	110.5834	4.473444	26.1128	-25.94839	
45	-0.302948	-0.7032776	0	83.38924	1.895377	26.42018	-19.17157	
46	-0.302948	-0.9377136	0	50.33434	-0.2047119	26.23433	-12.66891	
47	-0.537384	-1.875458	0	28.0633	-0.5819092	25.60951	-6.557556	
48	-0.7718201	-1.17215	0	0.4003245	-2.54007	23.32573	-0.5943604	
49	-0.302948	-0.9377136	0	0.4003245	-0.8569031	17.28448	0.2176308	
50	-0.302948	-0.9377136	0	0.1658885	1.278361	13.26425	-0.3809204	
51	-0.302948	-0.2344055	0	0.1658885	2.994563	11.6889	-1.019409	
52	-0.302948	1.394113E-05	0	0.4003245	2.834348	10.85759	-1.530487	
53	-0.302948	-0.2344055	0	0.4003245	0.771073	10.11759	-3.230011	
54	-0.302948	-0.2344055	0	0.1658885	-0.1446838	9.244297	-3.787231	
55	-0.06854248	1.395383E-05	0	0.1658885	0.1855113	8.5482	-4.415375	
56	-0.302948	1.395383E-05	0	0.4003245	-1.202026	6.639575	-4.218445	
57	-0.302948	1.395383E-05	0	0.4003245	-1.847107	3.991687	-3.639374	
58	-0.537384	-0.7032776	0	0.1658885	-1.884094	1.959358	-2.890137	
59	-0.537384	-0.2344055	0	0.4003245	-2.555664	1.758114	-4.201538	
60	-0.302948	1.387379E-05	0	0.1658885	-1.050598	1.911806	-4.605225	
61	-0.06854248	1.387379E-05	0	0.1658885	0.9612743	1.895742	-5.253723	
62	0.1659006	1.387379E-05	0	0.1658885	1.70836	1.427775	-5.260162	
63	-0.06854248	1.387379E-05	0	0.1658885	2.370507	0.7350804	-5.375061	
64	-0.302948	-0.4688416	0	0.6347529	2.785107	0.2810386	-5.109161	
65	-0.537384	1.387371E-05	0	0.1658885	2.903436	-0.04122925	-4.955536	
66	-0.06854248	1.387371E-05	0	0.1658885	2.686865	-0.2038879	-4.07782	
67	-0.06854248	0.2344499	0	0.1658885	2.570864	-0.3717041	-3.994415	
68	-0.06854248	0.2344499	0	0.4003246	3.612331	-0.2286072	-3.625824	
69	-0.06854248	0.2344499	0	0.1658885	3.221864	-0.1533203	-2.671509	
70	0.1659006	-0.2344055	0	0.4003246	2.387143	0.7224808	-1.785431	
71	-0.302948	-0.2344055	0	0.1658885	2.384192	2.195959	-1.332672	
72	-0.06854248	1.390047E-05	0	0.1658885	2.303226	2.890946	-1.445404	
73	-0.06854248	1.390047E-05	0	0.1658885	1.959347	3.421452	-1.423553	
74	-0.06854248	-0.2344055	0	0.1658885	2.583953	3.500034	-1.859741	
75	-0.06854248	-0.2344055	0	0.6347529	3.622502	3.249458	-1.943085	
76	-0.302948	-0.2344055	0	0.6347529	4.544655	2.790684	-2.194031	
77	-0.302948	1.390047E-05	0	0.1658885	5.403124	2.418055	-2.358246	
78	-0.06854248	-0.2344055	0	0.1658885	5.544793	2.198054	-2.333801	
79	-0.302948	1.390047E-05	0	0.1658885	5.359009	1.992727	-2.570251	
80	-0.302948	-0.2344055	0	0.1658885	5.288316	1.988305	-2.710693	


Angle MV instances
Rotate	104.1563	6.798523	18.05127	10.78387	16.87909	27.19412	15.2381	7.736237	
ChildRotate	108.3076	2.34433	13.83148	59.54575	31.41388	6.095215	11.48718	3.047607	11.48718	10.54944	
RotateInverse	
ChildRotateInverse	140.1218	4.688644	24.84979	27.19411	33.05491	22.27103	27.66298	
Docking x	37.12036	3.219208	8.207703	13.47253	13.85845	7.056595	4.726704	5.250948	3.547394	2.739624	2.779999	3.603729	2.392883	4.015594	3.615997	2.156494	2.031555	2.310028	2.776611	2.369843	4.593921	4.378316	2.578066	2.063275	
Docking y	142.7515	3.084534	7.313126	7.941193	7.040024	2.984604	4.706779	3.33329	2.253845	3.263458	3.170364	12.993	11.37312	17.14294	13.70506	2.936783	5.125504	3.375	2.356373	4.276138	2.430992	2.549656	4.268036	4.926697	4.163692	2.014631	2.283777	6.041248	4.020231	2.647887	2.032329	
Docking z	74.13409	5.211075	4.97303	2.167248	3.336807	2.907673	2.243179	2.130623	5.482002	4.48526	9.395309	3.292328	2.369247	2.373657	2.98288	3.094452	3.844917	4.508797	6.426239	22.00081	10.06625	10.13853	10.24828	9.510314	11.26945	14.43483	6.038086	2.362213	8.111237	2.135651	6.776825	6.502655	6.111359	5.963196	
Total MV Amount	1461.191


Angle TRE instances
Rotate	42	
ChildRotate	34	37	43	
RotateInverse	1	
ChildRotateInverse	49	
Docking x	13	15	29	34	44	77	
Docking y	58	
Docking z	48	61	65	
Total TRE Count	15


Correct Angles	Rotate	ChildRotate	RotateInverse	ChildRotateInverse	Docking x	Docking y	Docking z
	-2.055593E-21	-1.611493E-43	0	2.504375E-21	0	0	0

Angle Error	Rotate	ChildRotate	RotateInverse	ChildRotateInverse	Docking x	Docking y	Docking z
	0.06854248	0.7032776	0	0.6347529	4.716578	1.922642	3.012329

Time Taken	Hours	Minutes	Seconds	Milliseconds	Seconds float	Completion time
	0	0	4	771	4.770717	00h:00m:04s:771ms

Final Results	Tester Name	Time of Test	Dock Shape Style	Virtual Device Visible	Time Taken	Shape Precision %	Orientation Precision %	Overall Precision %	Efficiency %	Difficulty	Total MV	Total TRE	
	1	2018-11-02_15:33:57	ZEROING DATA	True	00h:00m:04s:771ms	99.80464	99.08611	99.12237	100	5.066631E-24	1461.191	15	
