
Angles Over Time
Frames	Rotate	ChildRotate	RotateInverse	ChildRotateInverse	Docking x	Docking y	Docking z	
0	-114.2812	-70.09518	0	91.31564	32.64206	49.42619	153.8275	
1	-114.2812	-70.09518	0	91.0812	33.11857	49.72794	153.7375	
2	-114.2812	-70.09518	0	91.0812	33.81088	49.79855	153.3898	
3	-114.2812	-70.09518	0	91.0812	34.22362	49.81425	153.3166	
4	-114.2812	-70.09518	0	91.0812	34.4182	49.68896	152.8136	
5	-114.2812	-70.09518	0	91.0812	34.4337	49.83578	152.9907	
6	-114.2812	-70.09518	0	91.0812	34.62472	50.30524	153.2683	
7	-114.2812	-69.86075	0	91.0812	34.6672	50.61952	152.9429	
8	-114.2812	-70.32962	0	91.0812	34.53939	52.24027	154.1638	
9	-114.2812	-70.09518	0	91.0812	35.46784	53.92527	154.7395	
10	-114.2812	-70.09518	0	91.0812	37.28894	53.99836	153.2207	
11	-114.2812	-70.09518	0	91.0812	37.36652	52.81814	151.1818	
12	-114.0468	-66.10986	0	108.6636	34.80562	45.5893	140.293	
13	-114.0468	-31.88278	0	136.561	29.75028	36.12215	115.0922	
14	-110.0615	0.7032705	0	140.5464	29.40516	29.30032	93.08978	
15	-105.3728	0.4688421	0	140.5464	28.73248	21.41022	73.12217	
16	-87.79041	0.7032706	0	140.5464	24.87606	18.36194	59.23427	
17	-61.29962	0.4688421	0	140.5464	22.02867	13.85488	39.2916	
18	-49.81244	0.4688421	0	140.5464	19.85047	12.03552	30.62147	
19	-44.65494	0.4688421	0	140.5464	18.49151	14.19121	20.83869	
20	-38.09085	0.4688421	0	140.5464	18.34882	13.73444	15.00886	
21	-31.99561	0.4688421	0	140.3119	17.37995	10.87182	7.317815	
22	-17.46082	-2.578766	0	139.8431	18.3907	6.082293	-1.5867	
23	-11.60004	-6.329681	0	140.3119	22.04254	3.191458	-1.460144	
24	-9.490143	-6.095245	0	140.5464	20.71103	1.261785	-9.934784	
25	-0.5817261	-6.329681	0	140.0775	15.95011	1.168618	-15.1709	
26	-0.34729	-6.095245	0	140.0775	12.24476	2.233537	-17.64816	
27	-0.8161621	-4.68866	0	140.3119	10.31289	1.893217	-17.52499	
28	-0.5817261	-1.17218	0	139.8431	9.144004	-0.01757813	-18.13171	
29	-0.34729	-0.9377441	0	120.1508	10.8849	-1.506714	-19.41559	
30	-0.5817261	-1.17218	0	80.53178	9.40104	-1.304352	-17.12756	
31	-0.34729	-1.17218	0	46.3047	5.432244	-0.697998	-10.55524	
32	-0.112854	-1.17218	0	30.1289	1.384721	-0.4526978	-4.630371	
33	-0.112854	-1.17218	0	28.48787	0.1145866	-0.5865173	-1.445892	
34	-0.112854	-1.17218	0	24.50252	0.7129992	-1.152954	0.2804812	
35	0.1215762	-1.406616	0	16.06297	1.668194	-1.543427	2.752028	
36	-0.34729	-0.7033081	0	9.733314	3.866603	-0.9077148	3.783314	
37	-0.112854	-0.2344666	0	0.3560322	8.461609	-0.1424866	4.803493	
38	-0.34729	-0.2344666	0	0.1215962	10.47462	-0.08914185	6.369109	
39	0.1215762	-0.2344666	0	0.1215962	10.21021	-1.312012	6.690619	
40	0.1215762	-0.4688721	0	0.5904606	11.28941	-1.895538	6.299664	
41	0.1215762	-0.2344666	0	0.3560322	12.86992	-1.989014	4.229568	
42	-0.112854	-0.2344666	0	0.1215961	11.6032	-2.29483	3.69834	
43	0.1215762	-2.255762E-05	0	0.3560321	10.07325	-2.067047	2.871461	
44	0.5904406	-2.255762E-05	0	0.1215961	9.47506	-1.57428	2.073427	
45	0.1215762	-0.2344666	0	0.3560321	8.673407	-1.301483	1.1388	
46	0.1215762	-0.4688721	0	0.5904605	8.268382	-1.145691	0.6226071	
47	-0.112854	-0.2344666	0	0.3560321	8.183848	-0.9114685	-0.2319336	
48	0.3560045	-0.2344666	0	0.1215961	7.856584	-0.8047791	-1.419189	
49	0.1215761	-2.254491E-05	0	0.1215961	7.655148	-1.185883	-4.353546	
50	0.3560045	-2.254491E-05	0	0.1215961	7.611295	-0.8348083	-4.533875	
51	0.3560044	-2.254491E-05	0	0.1215961	7.426512	-0.9580688	-4.54538	
52	0.3560044	-0.4688721	0	0.3560321	7.034376	-0.987915	-4.254425	
53	0.121576	-2.251809E-05	0	0.1215961	6.422023	-1.124023	-3.641296	
54	0.121576	-0.2344666	0	0.3560321	5.953366	-1.287781	-2.912689	
55	0.121576	-0.2344666	0	0.121596	5.228942	-1.505951	-2.203522	
56	0.121576	-2.251823E-05	0	0.356032	3.781423	-1.83197	-0.8452759	
57	0.121576	-0.4688721	0	0.356032	2.30958	-1.886688	1.107697	
58	0.121576	-0.2344666	0	0.356032	0.6096319	-2.267548	2.356845	


Angle MV instances
Rotate	114.2812	3.985336	4.688644	17.58241	26.49078	11.48718	5.157501	6.564087	6.095245	14.53479	5.860779	2.109894	8.908417	
ChildRotate	70.09518	3.985321	34.22708	32.58605	3.047608	3.750916	3.516479	
RotateInverse	
ChildRotateInverse	91.31564	17.58241	27.89742	3.985336	19.69228	39.61901	34.22707	16.1758	3.985348	8.439552	6.329658	9.377281	
Docking x	32.64206	2.560902	5.05534	3.856421	2.847391	2.178205	3.651842	4.760927	3.705351	3.968796	4.047523	2.198409	4.595006	2.013011	
Docking y	49.42619	7.22884	9.467155	6.821823	7.890104	3.048281	4.507059	2.155686	2.862619	4.789527	2.890835	
Docking z	153.8275	2.03891	10.88882	25.20073	22.00246	19.96761	13.8879	19.94267	8.67013	9.782774	5.829829	7.691047	8.904516	8.47464	5.236115	2.477264	2.288025	6.572327	5.924866	3.184479	2.471547	2.070096	2.934357	
Total MV Amount	1187.02


Angle TRE instances
Rotate	26	
ChildRotate	15	23	27	
RotateInverse	1	
ChildRotateInverse	38	
Docking x	33	37	56	
Docking y	24	
Docking z	23	24	32	38	41	
Total TRE Count	14


Correct Angles	Rotate	ChildRotate	RotateInverse	ChildRotateInverse	Docking x	Docking y	Docking z
	-1.85227E-15	-3.839352E-32	0	1.85227E-15	0	0	0

Angle Error	Rotate	ChildRotate	RotateInverse	ChildRotateInverse	Docking x	Docking y	Docking z
	0.112854	0.2344666	0	0.356032	0.03219604	2.52301	2.345283

Time Taken	Hours	Minutes	Seconds	Milliseconds	Seconds float	Completion time
	0	0	3	478	3.477635	00h:00m:03s:478ms

Final Results	Tester Name	Time of Test	Dock Shape Style	Virtual Device Visible	Time Taken	Shape Precision %	Orientation Precision %	Overall Precision %	Efficiency %	Difficulty	Total MV	Total TRE	
	1	2018-11-02_15:36:48	ZEROING DATA	True	00h:00m:03s:478ms	99.90231	99.09846	99.55525	100	4.116156E-18	1187.02	14	
