
Angles Over Time
Frames	Rotate	ChildRotate	RotateInverse	ChildRotateInverse	Docking x	Docking y	Docking z	
0	-104.3365	-108.0732	0	140.176	-47.98865	124.0307	172.6625	
1	-104.5709	-108.0732	0	140.176	-47.53391	123.785	173.1459	
2	-104.3365	-108.0732	0	140.176	-48.22855	124.041	172.9482	
3	-104.1021	-108.0732	0	140.176	-48.74872	123.9445	173.0338	
4	-104.3365	-108.0732	0	140.176	-48.73523	124.0165	173.206	
5	-104.3365	-108.0732	0	140.176	-49.01279	124.1801	172.9584	
6	-104.3365	-108.0732	0	140.176	-48.74567	124.0669	172.964	
7	-104.3365	-108.0732	0	140.176	-47.54599	123.667	173.3873	
8	-104.3365	-108.0732	0	140.176	-42.61954	121.4359	175.4353	
9	-104.3365	-108.0732	0	140.176	-31.75287	117.2913	178.313	
10	-104.3365	-108.0732	0	140.176	-21.3945	113.0112	177.5995	
11	-104.3365	-108.0732	0	140.176	-16.71048	110.5511	173.1394	
12	-104.3365	-108.0732	0	140.176	-14.91278	108.7035	169.5074	
13	-104.3365	-108.0732	0	140.176	-13.18536	105.4493	169.1613	
14	-104.3365	-108.0732	0	140.176	-12.06656	102.9819	168.9275	
15	-104.3365	-107.8387	0	140.176	-11.12494	99.93804	169.2131	
16	-104.3365	-108.0732	0	140.176	-11.51352	97.56214	165.8332	
17	-104.1021	-107.8387	0	140.4105	-14.32565	95.51612	162.6059	
18	-104.3365	-107.8387	0	140.176	-15.90222	94.21966	161.5312	
19	-104.3365	-108.0732	0	140.176	-18.27109	93.50334	163.6336	
20	-104.3365	-108.0732	0	140.176	-18.14218	88.15668	166.0807	
21	-104.3365	-107.8387	0	140.176	-17.90479	84.91382	169.9799	
22	-104.3365	-107.8387	0	140.176	-12.19247	78.89451	170.9635	
23	-104.3365	-107.8387	0	140.176	-6.812531	72.82797	172.8446	
24	-104.3365	-107.8387	0	140.176	-4.672577	65.67969	169.5831	
25	-104.3365	-107.8387	0	140.176	-3.4599	58.49434	164.5156	
26	-104.3365	-107.8387	0	140.176	3.455438	51.51669	158.718	
27	-104.3365	-107.6043	0	140.176	15.09702	36.88887	140.4031	
28	-104.3365	-77.12811	0	140.176	20.85829	21.17077	120.7945	
29	-104.3365	-74.08051	0	140.176	19.89867	13.01363	108.587	
30	-104.3365	-65.8754	0	140.176	20.37232	14.56017	107.8159	
31	-104.1021	-63.99994	0	140.176	19.74105	13.87834	100.3521	
32	-104.1021	-62.12448	0	140.176	18.311	10.8043	88.24538	
33	-87.92624	-57.90469	0	140.176	18.29237	9.428417	68.36866	
34	-63.31088	-57.20142	0	140.176	16.0712	6.685421	46.30652	
35	-45.25961	-43.1355	0	139.9416	15.34966	5.416155	37.4916	
36	-43.14972	-35.8681	0	140.176	13.24743	3.660164	28.12538	
37	-30.02155	-32.35162	0	140.176	12.86066	0.2580426	10.79822	
38	-13.37686	-31.41388	0	140.176	12.27246	-1.530121	6.590885	
39	-11.26697	-29.53842	0	140.176	11.84586	-2.126007	2.935653	
40	-1.420837	-21.09888	0	140.176	12.21354	-4.270386	-3.708679	
41	-1.655273	-14.06592	0	140.176	14.48806	-7.404266	-8.456696	
42	-1.420837	-12.65933	0	129.861	14.71155	-7.671234	-9.911041	
43	-1.889709	-12.4249	0	105.0112	13.59486	-6.493103	-8.355469	
44	-1.655273	-12.4249	0	83.20905	12.51213	-4.84906	-3.952667	
45	-1.655273	-12.4249	0	55.07721	10.35895	-4.048126	2.701909	
46	-1.655273	-12.4249	0	19.67798	8.016427	-3.995941	9.090815	
47	-1.655273	-10.54944	0	-0.9520264	5.564745	-4.806305	14.80478	
48	-1.889709	-0.4688721	0	-1.186462	6.226251	-5.544464	14.95519	
49	-1.889709	-0.234436	0	-1.186462	5.645979	-5.517975	11.07003	
50	-1.420837	6.750134E-06	0	-1.186462	6.693745	-4.285828	10.49986	
51	-1.186401	6.750134E-06	0	-1.186462	7.412392	-3.096771	8.261013	
52	-1.186401	6.750134E-06	0	-1.420898	6.989574	-2.792755	7.589437	
53	-1.186401	-0.9377136	0	-0.7175903	7.908119	-2.425842	7.036617	
54	-1.889709	6.672416E-06	0	-1.420898	7.513268	-2.399414	5.988793	
55	-1.186401	-0.234436	0	-1.186462	5.710629	-2.413971	3.4048	
56	-0.9519653	0.234435	0	-1.186462	4.311332	-3.720581	-0.4413147	
57	-0.7175293	0.234435	0	-1.420898	4.33183	-3.97641	-2.124237	
58	-0.7175293	0.234435	0	-1.186462	4.301567	-4.36972	-3.788605	
59	-0.7175293	6.643412E-06	0	-1.186462	4.432772	-4.583557	-4.937958	
60	-0.7175293	6.643412E-06	0	-1.186462	4.660097	-4.550812	-5.080902	
61	-0.7175293	0.234435	0	-1.186462	4.547387	-4.329742	-5.426697	
62	-0.7175293	0.234435	0	-1.186462	4.360738	-4.058167	-5.577423	
63	-0.9519653	6.643412E-06	0	-1.420898	4.575949	-3.511719	-5.463257	
64	-0.7175293	6.643412E-06	0	-0.7175903	4.088076	-2.542145	-5.089752	
65	-0.9519653	-0.234436	0	-1.186462	1.535829	-0.5612488	-5.006104	
66	-0.9519653	6.643412E-06	0	-1.420898	-0.9580383	1.964212	-4.048157	
67	-0.7175293	0.234435	0	-1.420898	-0.5717163	2.59646	-3.611237	
68	-0.7175293	0.234435	0	-1.420898	-1.297363	2.121893	-3.114655	
69	-0.7175293	6.643412E-06	0	-1.420898	-2.556793	1.249183	-2.318451	
70	-0.7175293	-0.234436	0	-0.7175903	-3.11319	-0.3514709	-0.327301	
71	-1.420837	6.643412E-06	0	-1.420898	-4.195251	-2.549316	1.856982	
72	-0.7175293	6.643412E-06	0	-1.420898	-3.738281	-3.68808	2.937145	
73	-0.4831238	6.643412E-06	0	-1.420898	-4.137573	-4.032074	3.67227	
74	-0.7175293	0.234435	0	-1.420898	-4.874176	-4.157898	4.032772	
75	-0.7175293	0.234435	0	-1.186462	-4.344269	-4.172272	3.55359	
76	-0.4831238	6.643412E-06	0	-1.186462	-4.076019	-4.157166	3.07761	
77	-0.7175293	0.234435	0	-1.420898	-3.790955	-4.02594	2.806414	
78	-0.7175293	6.643412E-06	0	-1.420898	-3.177582	-3.872345	2.414145	
79	-0.7175293	6.643412E-06	0	-1.186462	-2.62149	-3.868286	2.142279	
80	-0.7175293	6.643412E-06	0	-1.186462	-2.273315	-3.854858	1.842798	
81	-0.7175293	6.643412E-06	0	-0.9520264	-1.953674	-3.750275	1.51287	
82	-0.9519653	6.643412E-06	0	-0.9520264	-1.342133	-3.625061	1.095076	
83	-0.9519653	6.643412E-06	0	-1.186462	-0.7207336	-3.515076	0.628008	
84	-0.7175293	0.234435	0	-1.186462	-0.4513855	-3.493225	0.4260735	
85	-0.7175293	6.643412E-06	0	-1.420898	-0.2276306	-3.534882	0.3971982	
86	-0.7175293	6.643412E-06	0	-1.420898	0.1997322	-3.470947	0.1548775	
87	-0.7175293	-0.4688721	0	-0.4831848	0.2186467	-3.431305	0.09299376	
88	-1.186401	6.61669E-06	0	-1.420898	0.2786195	-3.423706	-0.06375122	
89	-0.7175293	6.61669E-06	0	-1.420898	0.4697159	-3.395355	-0.1498718	
90	-0.7175293	6.61669E-06	0	-1.420898	0.4703043	-3.402771	-0.3595276	
91	-0.7175293	6.61669E-06	0	-1.420898	0.8592605	-3.313354	-0.7416077	
92	-0.7175293	6.61669E-06	0	-1.186462	1.0575	-3.245331	-0.9968262	
93	-0.7175293	-0.7033081	0	-0.7175903	1.220264	-3.202484	-1.31665	
94	-1.186401	6.616621E-06	0	-1.186462	1.116356	-3.208649	-1.412201	
95	-0.7175293	0.234435	0	-1.186462	0.9146077	-3.227966	-1.249664	
96	-0.9519653	6.616732E-06	0	-1.420898	0.6070997	-3.352753	-1.045898	
97	-0.4831238	0.234435	0	-1.420898	0.8554987	-3.380432	-1.117188	
98	-0.7175293	6.616732E-06	0	-1.186462	0.6713037	-3.416412	-0.9970703	


Angle MV instances
Rotate	104.3365	16.17581	24.61536	18.05127	2.109894	13.12817	16.64468	2.109894	9.84613	
ChildRotate	108.0732	30.47618	3.047607	8.205109	4.219788	14.06592	7.267395	3.516479	8.439545	7.032959	10.08057	
RotateInverse	
ChildRotateInverse	140.176	10.315	24.84979	21.80218	28.13184	35.39923	20.63001	
Docking x	47.98865	4.926453	10.86667	10.35837	4.684021	2.812134	2.368866	5.712311	5.379944	2.139954	11.64158	5.76127	2.22117	2.102231	2.274518	2.153171	2.342527	2.451682	2.552247	
Docking y	124.0307	2.231056	4.1446	4.280121	2.460129	3.254173	2.467377	3.043877	2.3759	2.046021	5.346657	3.242867	6.01931	6.066536	7.148285	7.185352	6.977642	14.62783	15.7181	8.157142	3.07404	2.742996	3.402121	2.144379	3.133881	2.197845	
Docking z	172.6625	2.047913	2.877731	4.460083	3.632065	3.379974	3.22728	2.102417	2.447083	3.899231	3.261566	5.06749	5.797546	18.3149	19.60859	12.20753	7.463783	12.10676	19.87672	22.06214	8.814919	9.366226	17.32716	4.207334	3.655231	4.748016	4.402802	6.388906	5.713967	3.885157	2.23885	2.583994	3.846114	
Total MV Amount	1474.686


Angle TRE instances
Rotate	41	
ChildRotate	49	
RotateInverse	1	
ChildRotateInverse	48	
Docking x	25	27	56	
Docking y	37	41	44	48	50	
Docking z	40	41	44	46	55	60	66	
Total TRE Count	18


Correct Angles	Rotate	ChildRotate	RotateInverse	ChildRotateInverse	Docking x	Docking y	Docking z
	-2.442428E-26	0	0	2.976537E-26	0	0	0

Angle Error	Rotate	ChildRotate	RotateInverse	ChildRotateInverse	Docking x	Docking y	Docking z
	0.7175293	6.616732E-06	0	0.7175903	0.6277424	3.416595	0.9960022

Time Taken	Hours	Minutes	Seconds	Milliseconds	Seconds float	Completion time
	0	0	5	822	5.822305	00h:00m:05s:822ms

Final Results	Tester Name	Time of Test	Dock Shape Style	Virtual Device Visible	Time Taken	Shape Precision %	Orientation Precision %	Overall Precision %	Efficiency %	Difficulty	Total MV	Total TRE	
	1	2018-11-02_15:36:35	ZEROING DATA	True	00h:00m:05s:822ms	99.80067	99.18285	99.48608	100	6.021073E-29	1474.686	18	
