
Angles Over Time
Frames	Rotate	ChildRotate	RotateInverse	ChildRotateInverse	Docking x	Docking y	Docking z	
0	-98.3898	-104.0878	0	136.7455	-66.89978	153.726	-85.33383	
1	-98.3898	-104.0878	0	136.7455	-67.14551	152.3198	-84.42877	
2	-98.3898	-104.0878	0	136.7455	-67.55884	151.0137	-83.91861	
3	-98.3898	-104.0878	0	136.7455	-68.3996	150.0535	-83.30759	
4	-98.3898	-104.0878	0	136.7455	-70.30173	145.0865	-77.50146	
5	-98.3898	-104.0878	0	136.7455	-71.83896	136.4393	-67.63715	
6	-98.3898	-104.0878	0	136.7455	-73.89246	125.2813	-54.80826	
7	-98.3898	-104.3222	0	136.7455	-74.62994	109.4618	-38.608	
8	-98.3898	-104.0878	0	136.5111	-73.43445	91.57553	-19.42245	
9	-98.3898	-104.0878	0	136.5111	-70.45715	77.35475	-2.527435	
10	-98.3898	-103.8534	0	136.7455	-67.27579	67.78461	9.42594	
11	-98.3898	-104.0878	0	136.5111	-63.51074	59.05835	20.88474	
12	-98.3898	-104.0878	0	136.7455	-57.51584	53.51902	29.89452	
13	-98.3898	-104.0878	0	136.7455	-51.90518	50.32729	35.95666	
14	-98.3898	-104.0878	0	136.7455	-44.51379	46.93974	42.45714	
15	-98.62424	-104.0878	0	136.5111	-36.1637	43.93051	47.81698	
16	-98.3898	-104.0878	0	136.7455	-28.52515	40.90518	51.09639	
17	-98.3898	-104.0878	0	136.7455	-20.35138	38.67109	53.54781	
18	-98.62424	-104.0878	0	136.7455	-13.57755	35.3455	53.78486	
19	-98.62424	-104.0878	0	136.7455	-13.48755	30.24143	53.66729	
20	-98.62424	-104.0878	0	136.7455	-14.83115	24.08721	51.90181	
21	-98.3898	-104.0878	0	136.7455	-14.18167	20.95979	49.70602	
22	-98.3898	-104.0878	0	136.7455	-11.96411	16.84686	49.69885	
23	-98.3898	-104.0878	0	136.7455	-8.447418	10.83172	50.51424	
24	-98.3898	-104.0878	0	136.5111	-4.371826	2.819054	44.12914	
25	-81.74512	-104.0878	0	136.7455	-0.2420959	-5.353668	20.73291	
26	-38.84409	-102.9156	0	136.7455	4.197995	-13.88843	-10.25925	
27	-9.071198	-101.9779	0	136.7455	3.801533	-17.76465	-14.177	
28	-4.85144	-99.63358	0	136.7455	2.253714	-16.60281	-16.15494	
29	-3.67926	-93.06949	0	136.7455	1.325796	-16.25665	-16.27847	
30	-3.444855	-86.27097	0	136.7455	1.735067	-18.2019	-16.88699	
31	-2.272675	-81.81674	0	136.7455	4.357944	-21.64401	-18.21249	
32	-1.100525	-68.92297	0	136.0422	6.004327	-23.20804	-18.91431	
33	-1.100525	-51.34058	0	131.1191	6.497842	-23.67453	-19.60208	
34	-1.100525	-33.0549	0	120.1008	9.512662	-23.69299	-18.13361	
35	-1.100525	-24.14645	0	114.9433	11.89553	-23.03226	-15.52225	
36	-1.100525	-24.14645	0	101.1118	9.269643	-23.20349	-11.92816	
37	-1.100525	-24.14645	0	82.12286	1.892734	-23.08502	-10.3949	
38	-1.100525	-24.61533	0	67.35365	-2.407684	-23.09082	-9.044006	
39	-1.803833	-24.38089	0	53.05329	-3.990479	-22.92377	-7.13974	
40	-0.8660889	-24.14645	0	33.59544	-4.037872	-22.17938	-4.881012	
41	-1.100525	-24.14645	0	29.37566	-6.599274	-21.72513	-3.850037	
42	-1.100525	-21.80215	0	15.54417	-12.61465	-20.95786	-3.487274	
43	-0.8660889	-11.25272	0	6.870191	-11.93329	-20.11481	-2.828918	
44	-1.100525	2.718914E-05	0	0.5405245	-9.166718	-19.68066	-2.88797	
45	-0.8660889	2.718914E-05	0	0.5405245	-8.04892	-19.42236	-1.020355	
46	0.07163839	2.718914E-05	0	0.3060885	-5.349854	-18.99982	-0.7085876	
47	0.0716384	2.718914E-05	0	0.3060885	-3.835907	-16.66861	0.09626298	
48	0.07163841	2.718914E-05	0	0.5405245	-2.792511	-15.70572	0.6613904	
49	0.07163841	2.718914E-05	0	1.009389	3.144493	-12.66675	-0.02182007	
50	-0.3972168	-0.2344055	0	0.7749528	14.53059	-9.802277	-1.697601	
51	-0.3972168	2.71873E-05	0	0.5405244	16.52095	-8.363953	-3.015686	
52	0.07163841	0.2344632	0	0.5405244	16.63163	-8.56189	-4.426056	
53	0.07163841	0.2344632	0	0.3060883	16.11286	-8.638916	-4.420624	
54	0.5405028	2.71873E-05	0	0.7749527	15.60485	-7.631989	-2.645233	
55	0.3060744	-0.4688416	0	1.009389	15.39625	-6.746429	-0.7322998	
56	-0.3972168	-0.2344055	0	0.5405244	14.82722	-6.257263	0.7395639	
57	0.3060744	2.71873E-05	0	0.3060883	15.48131	-5.950012	1.066173	
58	0.3060744	0.2344632	0	0.3060883	13.83359	-5.438049	1.249507	
59	0.3060744	2.71873E-05	0	0.5405244	10.47029	-5.802643	0.03080009	
60	0.3060744	0.2344632	0	0.5405244	7.43402	-5.946777	-0.3713989	
61	0.5405028	-0.2344055	0	0.5405244	5.368792	-5.837067	-0.3914795	
62	0.07163838	0.2344632	0	0.5405244	3.565161	-5.246613	0.04253316	
63	0.3060744	2.71873E-05	0	0.5405244	1.22812	-4.388184	1.55206	
64	0.3060744	2.71873E-05	0	0.5405244	0.04249165	-2.976929	2.298377	
65	0.07163836	-0.2344055	0	0.5405244	1.023652	0.47096	1.483539	
66	0.3060744	2.71873E-05	0	1.009389	1.792876	3.879118	0.4014549	
67	0.3060744	-0.2344055	0	0.7749527	2.779995	5.424339	-1.069641	
68	0.07163836	2.71873E-05	0	0.3060883	3.86397	5.148029	-1.503998	
69	0.3060744	0.2344632	0	0.5405243	4.772986	4.375249	-1.761414	
70	0.5405028	2.71873E-05	0	0.5405243	5.213678	2.981746	-2.584442	
71	0.07163838	2.71873E-05	0	0.5405243	4.915577	1.25905	-3.846771	
72	0.07163838	2.71873E-05	0	1.009389	5.337348	1.141505	-3.823212	
73	-0.1627808	2.71873E-05	0	0.5405242	5.97017	1.193989	-3.667633	
74	-0.1627808	2.71873E-05	0	0.3060881	6.75723	1.329626	-3.326111	
75	0.07163837	0.2344632	0	0.5405242	7.381693	1.466329	-3.129944	
76	0.3060744	2.71873E-05	0	0.5405242	7.052429	1.446313	-3.283722	
77	0.3060744	2.71873E-05	0	0.3060881	6.680095	1.307651	-3.427277	
78	0.3060744	-0.2344055	0	0.7749525	6.443872	1.222585	-3.475922	
79	0.07163836	2.71873E-05	0	0.3060881	6.211274	1.222046	-3.560028	


Angle MV instances
Rotate	98.3898	16.64468	42.90103	29.77289	4.219757	
ChildRotate	104.0878	2.34433	6.564087	6.798523	4.454224	12.89377	17.5824	18.28568	8.908447	2.344299	10.54944	11.25274	
RotateInverse	
ChildRotateInverse	136.7455	4.923065	11.0183	5.157501	13.8315	18.98898	14.76922	14.30035	19.45786	4.219776	13.83149	8.673981	6.329667	
Docking x	66.89978	2.053497	2.977295	3.181366	3.765045	5.994904	5.610657	7.391388	8.350098	7.63855	8.173767	6.773834	2.21756	3.516693	4.075592	4.12973	4.440091	2.622877	3.01482	2.382873	2.625892	7.376908	2.561401	6.015381	2.766571	2.699066	11.3861	3.363301	3.036273	2.065228	2.337042	
Docking y	153.726	4.96698	8.647217	11.15796	15.81953	17.88624	14.22078	9.570137	8.726265	5.539333	3.191727	3.38755	3.009232	3.025326	2.234097	3.325584	5.104069	6.154219	3.12742	4.112928	6.015141	8.012671	8.172722	8.53476	3.876221	3.442108	2.331207	3.038971	2.864471	3.447889	3.408158	
Docking z	85.33383	5.806122	9.864319	12.82889	16.20026	19.18555	16.89502	11.95337	11.4588	9.009781	6.062138	6.500481	5.35984	3.279415	2.45142	2.195793	6.385098	23.39623	30.99215	3.917755	2.611359	3.594086	2.258728	
Total MV Amount	1509.302


Angle TRE instances
Rotate	29	
ChildRotate	45	
RotateInverse	1	
ChildRotateInverse	45	
Docking x	25	32	37	41	47	50	62	70	71	72	
Docking y	63	67	69	
Docking z	40	
Total TRE Count	17


Correct Angles	Rotate	ChildRotate	RotateInverse	ChildRotateInverse	Docking x	Docking y	Docking z
	-3.059501E-21	-1.611493E-43	0	3.059501E-21	0	0	0

Angle Error	Rotate	ChildRotate	RotateInverse	ChildRotateInverse	Docking x	Docking y	Docking z
	0.3060744	2.71873E-05	0	0.3060881	5.746312	1.174542	3.774963

Time Taken	Hours	Minutes	Seconds	Milliseconds	Seconds float	Completion time
	0	0	4	715	4.715321	00h:00m:04s:715ms

Final Results	Tester Name	Time of Test	Dock Shape Style	Virtual Device Visible	Time Taken	Shape Precision %	Orientation Precision %	Overall Precision %	Efficiency %	Difficulty	Total MV	Total TRE	
	1	2018-11-02_15:26:59	ZEROING DATA	True	00h:00m:04s:715ms	99.91497	99.08343	99.10254	100	6.798892E-24	1509.302	17	
