
Angles Over Time
Frames	Rotate	ChildRotate	RotateInverse	ChildRotateInverse	Docking x	Docking y	Docking z	
0	-35.57166	-80.17572	0	59.60777	6.980812	81.10865	72.12105	
1	-36.0405	-80.17572	0	59.37334	7.338965	81.57603	72.02798	
2	-35.57166	-80.17572	0	59.37334	7.983726	81.50927	72.41334	
3	-35.80606	-80.17572	0	59.37334	9.002809	81.18185	72.83215	
4	-35.57166	-80.17572	0	59.37334	9.626933	80.54868	73.02681	
5	-35.57166	-80.41016	0	59.1389	10.3092	79.31066	71.84012	
6	-35.57166	-75.95596	0	59.37334	11.56054	75.4862	64.90364	
7	-35.57166	-61.65561	0	59.37334	13.65375	68.09914	53.72061	
8	-35.57166	-52.98163	0	59.37334	15.28428	56.77113	34.23253	
9	-18.69254	-34.69592	0	59.37334	12.73433	46.33815	11.04165	
10	-10.48743	-29.06955	0	59.37334	11.63989	42.14152	-3.188019	
11	-0.6412659	-20.86444	0	59.37334	10.53153	39.92702	-11.68707	
12	-0.8757019	-18.75455	0	59.1389	9.027599	38.53559	-14.49384	
13	-0.1723938	-15.4725	0	56.32572	7.791628	36.66303	-15.2746	
14	0.06203297	-9.611694	0	37.80559	4.206079	33.20325	-15.7077	
15	0.06203297	-7.267395	0	13.6591	-0.02514648	30.0694	-13.39386	
16	0.2964614	-7.501801	0	1.468628	-3.557922	27.92888	-8.754028	
17	0.5308974	-6.564087	0	1.2342	-7.236694	25.88668	-6.634064	
18	0.5308974	-1.641022	0	1.2342	-8.55954	21.85544	-5.15274	
19	0.9997619	-0.7032776	0	0.9997635	-11.2337	16.80438	-4.450592	
20	1.23419	-0.9377136	0	0.9997635	-11.19214	14.90827	-4.24173	
21	1.468619	-0.7032776	0	1.2342	-9.724243	15.18992	-3.387695	
22	1.23419	-1.17215	0	1.2342	-9.040588	14.17031	-3.854584	
23	0.7653259	-0.7032776	0	0.9997635	-10.57181	11.70163	-4.25238	
24	1.23419	-0.9377136	0	1.2342	-8.446777	9.00991	-3.341125	
25	1.23419	-0.7032776	0	0.9997635	-9.890808	7.698153	-4.943542	
26	1.468619	-0.7032776	0	0.9997635	-10.81836	6.739779	-4.866577	
27	1.23419	-0.9377136	0	1.2342	-9.196167	6.21629	-3.20459	
28	1.468619	-1.875458	0	0.9997635	-6.85672	5.104585	0.05076653	
29	0.9997619	-3.047607	0	3.81295	-3.02002	3.2787	3.189987	
30	1.23419	-2.813171	0	4.047387	-3.033783	-0.4670715	3.010146	
31	1.23419	-0.2344055	0	4.047388	-1.866455	-3.373627	1.90422	
32	1.23419	-0.2344055	0	0.9997644	-1.110382	-2.891541	3.828326	
33	1.23419	-0.2344055	0	1.468629	-3.5625	-2.259064	6.026149	
34	1.23419	-0.4688416	0	1.2342	-1.019287	-2.504883	5.12693	
35	0.999762	9.498153E-06	0	0.9997644	1.103666	-2.48053	4.270535	
36	1.23419	-0.2344055	0	0.9997644	1.829875	-2.084808	3.778824	
37	1.23419	9.498212E-06	0	0.9997644	2.037667	-2.036072	3.349998	
38	1.23419	-0.2344055	0	0.9997644	2.518379	-1.598602	2.821234	
39	1.23419	-0.2344055	0	1.703065	2.460934	-1.713135	2.844249	
40	0.999762	-0.2344055	0	1.234201	2.235537	-1.967285	2.748911	
41	1.23419	-0.2344055	0	1.234201	2.731728	-2.312775	2.694892	
42	1.23419	-0.2344055	0	0.9997646	2.775114	-2.706482	2.907156	
43	1.468619	-0.2344055	0	1.234201	2.693124	-3.069519	3.035542	
44	1.468619	-0.2344055	0	0.9997646	2.721353	-3.201294	2.918912	
45	1.23419	-0.7032776	0	1.468629	2.624988	-3.411682	2.877011	
46	0.9997621	-0.2344055	0	0.9997644	2.613904	-3.693787	3.016427	
47	1.234191	9.485504E-06	0	0.9997644	2.55789	-4.27655	3.383198	
48	0.9997621	-0.2344055	0	0.9997644	2.247091	-4.479858	3.632155	
49	1.468619	9.498212E-06	0	0.9997644	2.162305	-4.825256	3.801889	
50	1.23419	-0.2344055	0	1.234201	2.109296	-5.125946	3.992935	
51	1.468619	-0.4688416	0	1.234201	2.166465	-5.382965	4.059014	
52	1.23419	-0.2344055	0	0.9997646	2.175691	-5.405243	3.962286	
53	1.23419	-0.2344055	0	0.9997646	2.212669	-5.587616	4.136312	
54	0.999762	-0.2344055	0	1.234201	2.290336	-5.826752	4.211308	
55	1.23419	-0.4688416	0	0.9997646	2.360086	-6.055939	4.300307	
56	1.23419	-0.4688416	0	1.468629	2.389683	-6.108582	4.27746	
57	0.999762	-0.2344055	0	1.234201	2.430886	-6.323151	4.434523	
58	1.23419	9.471532E-06	0	0.9997646	2.411457	-6.350952	4.444364	
59	1.23419	9.471532E-06	0	1.234201	2.495241	-6.372711	4.447246	
60	1.468619	-0.2344055	0	0.9997646	2.587593	-6.300903	4.361916	


Angle MV instances
Rotate	35.57166	16.87912	8.205109	9.846161	
ChildRotate	80.17572	4.454193	14.30035	8.673981	18.28571	5.626373	8.205109	2.109894	3.282043	5.860809	2.344299	4.923065	2.578766	
RotateInverse	
ChildRotateInverse	59.60777	2.813179	18.52013	24.14649	12.19047	2.813187	3.047623	
Docking x	6.980812	2.093217	2.549948	3.585549	4.231225	3.532776	3.678772	2.674164	2.125031	2.339447	3.8367	2.452118	2.543213	
Docking y	81.10865	3.824463	7.387062	11.32801	10.43298	4.196632	2.214504	3.459774	3.133856	2.140522	2.042192	4.031244	5.05106	2.468678	2.691721	3.745772	2.906555	
Docking z	72.12105	6.936478	11.18303	19.48808	23.19088	14.22966	8.499054	2.806763	2.313843	4.639832	2.119965	3.255356	3.139221	2.197823	
Total MV Amount	725.3689


Angle TRE instances
Rotate	12	
ChildRotate	19	
RotateInverse	1	
ChildRotateInverse	17	
Docking x	15	17	29	
Docking y	30	50	
Docking z	19	33	35	
Total TRE Count	11


Correct Angles	Rotate	ChildRotate	RotateInverse	ChildRotateInverse	Docking x	Docking y	Docking z
	-2.22085E-16	-1.643853E-33	0	2.22085E-16	0	0	0

Angle Error	Rotate	ChildRotate	RotateInverse	ChildRotateInverse	Docking x	Docking y	Docking z
	1.23419	0.2344055	0	0.9997646	2.644439	5.987305	4.205099

Time Taken	Hours	Minutes	Seconds	Milliseconds	Seconds float	Completion time
	0	0	3	587	3.58667	00h:00m:03s:587ms

Final Results	Tester Name	Time of Test	Dock Shape Style	Virtual Device Visible	Time Taken	Shape Precision %	Orientation Precision %	Overall Precision %	Efficiency %	Difficulty	Total MV	Total TRE	
	1	2018-11-02_15:33:16	ZEROING DATA	True	00h:00m:03s:587ms	99.65717	98.11252	98.7853	100	4.935222E-19	725.3689	11	
