
Angles Over Time
Frames	Rotate	ChildRotate	RotateInverse	ChildRotateInverse	Docking x	Docking y	Docking z	
0	-18.78287	-56.26367	0	143.2096	83.6506	85.88408	91.26654	
1	-18.54843	-56.26367	0	143.4441	83.55168	86.75791	92.39279	
2	-18.78287	-56.49811	0	143.4441	83.43562	86.08146	91.90639	
3	-19.0173	-56.26367	0	143.2096	83.38035	85.74759	91.55338	
4	-18.54843	-56.26367	0	143.4441	83.41701	85.32404	91.11767	
5	-18.54843	-56.26367	0	143.2096	83.6038	84.91013	90.55723	
6	-18.314	-56.26367	0	143.2096	83.89651	82.17889	87.21451	
7	-18.54843	-56.26367	0	143.2096	84.88163	67.278	70.00778	
8	-16.90741	-56.49811	0	142.9752	84.53886	36.31196	34.80672	
9	-3.075897	-56.26367	0	137.1144	81.16816	10.63398	5.779494	
10	-0.2627258	-56.26367	0	120.4697	76.29901	7.443312	4.497656	
11	-0.4971619	-55.7948	0	105.4661	70.77519	8.55915	9.53762	
12	-0.4971619	-54.15378	0	88.11811	66.15763	7.429554	11.26361	
13	-0.2627258	-53.4505	0	66.31594	59.87208	4.070604	12.2245	
14	-0.7315979	-51.34061	0	38.88739	52.91896	1.037154	14.67446	
15	-0.4971619	-47.82413	0	0.4405377	44.08042	-2.072906	18.47512	
16	-0.2627258	-35.8681	0	0.2061093	36.50231	-4.450104	18.72906	
17	-0.02828979	-24.61536	0	0.4405377	31.94374	-6.572723	13.78331	
18	-0.02828979	-14.30035	0	0.2061093	26.69199	-8.797485	8.52285	
19	-0.02828979	-7.501831	0	0.6749737	21.89177	-10.65869	5.003814	
20	-0.4971619	-0.7032776	0	0.4405377	15.6939	-12.30826	2.808296	
21	-0.02828979	-0.234436	0	0.4405377	11.57268	-13.04138	3.412994	
22	-0.2627258	-0.234436	0	0.4405377	7.945532	-12.68097	5.185066	
23	-0.02828979	-0.234436	0	0.2061093	2.125682	-10.79529	7.864736	
24	-0.02828979	-0.4688721	0	0.9094021	-0.9334106	-7.869446	9.300978	
25	-0.7315979	-0.234436	0	0.6749737	-2.502197	-6.400543	8.40867	
26	-0.2627258	9.871737E-07	0	0.2061093	-2.630096	-6.169159	6.646435	
27	-0.02828979	0.234437	0	0.4405377	-3.096954	-5.871124	4.317087	
28	0.2061349	0.234437	0	0.4405377	-1.414276	-5.480591	2.70481	
29	0.2061349	0.234437	0	0.4405377	0.5841318	-4.673004	0.4475338	
30	-0.2627258	-0.7032776	0	1.378267	1.115796	-3.744324	0.9675834	
31	-0.7315979	9.604772E-07	0	0.4405377	2.159097	-2.181396	1.955756	
32	-0.2627258	0.234437	0	0.4405377	2.878471	-0.9293213	0.8065859	
33	-0.02828979	0.234437	0	0.6749738	2.759807	-0.3155518	0.4504169	
34	-0.02828979	0.4688654	0	0.2061093	2.439696	0.285198	0.3911421	
35	0.2061349	1.013848E-06	0	0.4405378	1.763816	0.3927504	-0.2366943	
36	-0.02828979	-0.9377136	0	1.143838	2.034142	0.6894906	-1.129669	
37	-1.20047	9.096374E-07	0	0.2061093	3.004109	1.289384	-1.732544	
38	-0.02828979	-5.626373	0	0.2061093	2.612589	1.994807	-3.080627	
39	-0.02828979	-13.83148	0	0.2061093	3.091239	2.552256	-2.804596	
40	0.206135	-13.59705	0	0.4405377	3.358834	2.683347	-3.149902	
41	-0.2627258	-13.59705	0	0.4405377	4.332822	2.50742	-3.286652	
42	-0.02828979	-14.06592	0	0.6749738	5.012633	2.937946	-1.697144	
43	-0.4971619	-14.06592	0	0.4405377	4.873085	3.375795	-0.9401855	
44	-0.2627258	-14.76923	0	0.4405377	5.881706	2.975032	1.549077	
45	-0.2627258	-15.00363	0	0.4405377	4.337036	3.094116	3.559216	
46	-0.02828979	-15.23807	0	0.4405377	2.639698	3.209153	5.284311	
47	-0.02828979	-15.4725	0	0.9094021	1.503	2.698611	4.952632	
48	-0.7315979	-11.01831	0	0.6749737	0.2849478	1.728765	1.957505	
49	-0.4971619	-6.564087	0	0.4405377	-1.002441	1.199683	-0.2711487	
50	-0.2627258	-5.860809	0	0.4405377	-1.028992	0.4821007	-0.5918274	
51	-0.2627258	-0.4688721	0	0.4405377	-0.4661255	-0.6888733	-0.8321838	
52	-0.2627258	-0.234436	0	0.2061092	-0.2495117	-1.632294	-1.028442	
53	0.206135	-0.4688721	0	1.143838	0.4067819	-1.683838	-0.6262817	
54	-0.4971619	-0.4688721	0	0.6749738	0.6716143	-1.523224	-0.3576355	
55	-0.2627258	1.654173E-06	0	0.4405378	1.388584	-0.8407593	-0.1427612	
56	0.206135	0.2344377	0	0.2061094	1.530989	-0.1845093	-0.1079102	
57	0.206135	0.2344377	0	0.4405378	1.554298	0.0573815	-0.06277466	
58	0.206135	1.654183E-06	0	0.4405378	1.512268	0.7172487	-0.1612244	
59	0.206135	-0.7032776	0	1.378267	1.390356	0.8227206	-0.3122559	
60	-0.4971619	0.2344377	0	0.4405378	1.235725	0.8035276	-0.3664856	
61	-0.02828979	1.654183E-06	0	0.6749738	1.243216	1.094999	-0.5115356	
62	-0.02828979	1.654183E-06	0	0.4405378	1.220999	1.131039	-0.6217651	
63	-0.02828979	1.654183E-06	0	0.4405378	1.199236	1.402415	-0.7893677	
64	0.2061349	1.654183E-06	0	0.2061094	1.203135	1.675146	-0.9535217	
65	0.2061349	1.654183E-06	0	0.6749738	1.20198	1.822746	-1.079926	
66	-0.02828979	0.2344377	0	0.6749738	1.154236	2.210082	-1.346375	
67	-0.02828979	0.2344377	0	0.4405378	1.135959	2.202694	-1.326569	
68	-0.02828979	0.2344377	0	0.6749738	1.175277	2.333177	-1.450287	
69	-0.2627258	1.654183E-06	0	0.4405378	1.232519	2.273771	-1.421143	
70	0.440571	1.654183E-06	0	1.378267	1.091167	2.65063	-1.641785	
71	-0.02828979	1.654183E-06	0	0.674974	1.11194	2.638844	-1.646606	
72	0.206135	0.2344377	0	0.674974	0.9569126	3.316571	-2.005188	
73	0.4405711	0.2344377	0	0.4405379	1.13355	3.749986	-2.056824	
74	0.4405711	0.2344377	0	0.2061095	0.9506009	3.872264	-2.155853	
75	0.4405711	0.2344377	0	0.4405379	0.9848499	4.076513	-2.278168	
76	0.4405711	-0.234436	0	0.674974	0.9868809	4.48862	-2.465149	
77	-0.02828979	0.2344377	0	0.440538	0.9217728	5.15634	-2.775543	
78	0.206135	1.654183E-06	0	0.440538	0.9411224	5.552322	-2.9151	
79	-0.02828979	1.654183E-06	0	0.440538	0.9454046	5.836737	-3.004913	
80	0.206135	1.654183E-06	0	0.2061095	0.9890074	6.146118	-3.135193	
81	0.206135	1.654183E-06	0	1.378267	1.012584	6.005724	-3.226501	
82	-0.2627258	-0.234436	0	0.674974	0.7911376	5.750576	-3.515259	
83	-0.2627258	1.654183E-06	0	0.674974	0.4725522	5.128874	-3.742462	
84	0.206135	0.2344377	0	0.2061095	0.7971672	3.557474	-3.494232	
85	0.4405711	0.2344377	0	0.674974	0.9335603	2.163638	-3.25824	
86	0.206135	0.2344377	0	0.674974	0.9231785	1.773448	-3.071808	
87	0.206135	-0.4688721	0	1.378267	0.8383256	1.653077	-2.971252	
88	-0.4971619	1.600812E-06	0	0.674974	0.8888465	1.516137	-2.864502	
89	-0.02828979	0.2344376	0	0.440538	0.7489086	1.300454	-2.62793	
90	0.206135	1.600822E-06	0	0.440538	0.6151243	1.240393	-2.496582	
91	-0.2627258	1.600822E-06	0	0.440538	0.6322423	1.166916	-2.365082	
92	0.2061349	0.2344376	0	0.440538	0.5607122	1.027266	-2.227325	
93	0.2061349	-0.7032776	0	1.378267	0.5670886	1.013934	-2.23941	
94	-0.4971619	-0.234436	0	0.6749741	0.5887573	1.019788	-2.211029	
95	0.2061349	1.547461E-06	0	0.2061096	0.6397538	1.365389	-2.368439	
96	0.2061349	0.2344376	0	0.2061096	0.714443	1.387353	-2.410492	
97	0.440571	0.2344376	0	0.440538	0.9164059	1.460088	-2.481049	
98	0.2061349	0.2344376	0	0.440538	0.9491858	1.515053	-2.502533	
99	-0.02828979	-0.234436	0	1.143838	0.937292	1.576106	-2.509918	
100	-0.02828979	1.574142E-06	0	0.440538	0.9330429	1.563311	-2.518433	
101	0.2061349	1.574142E-06	0	0.440538	0.9922757	1.565883	-2.489807	
102	0.2061349	1.574142E-06	0	0.440538	0.9366785	1.565475	-2.507751	
103	-0.02828979	1.574142E-06	0	0.440538	0.9852793	1.568665	-2.475586	
104	-0.02828979	1.574142E-06	0	1.143838	1.003178	1.572394	-2.457764	
105	-0.2627258	1.574142E-06	0	0.6749741	1.041146	1.576235	-2.422028	


Angle MV instances
Rotate	18.78287	13.83151	2.813171	
ChildRotate	56.26367	2.109894	3.516479	11.95602	11.25275	10.315	6.798523	6.798553	5.626374	8.205109	4.454193	4.454224	5.391937	
RotateInverse	
ChildRotateInverse	143.2096	5.860794	16.64468	15.00364	17.34797	21.80217	27.42855	38.44686	
Docking x	83.6506	3.370705	4.869148	5.523819	4.617561	6.285553	6.953117	8.838539	7.578114	4.558565	5.251757	4.800219	6.197872	4.121218	3.627146	5.81985	
Docking y	85.88408	2.731239	14.90089	30.96604	25.67798	3.190666	3.35895	3.03345	2.377197	2.12262	2.224762	2.925842	
Docking z	91.26654	3.34272	17.20673	35.20106	29.02723	5.039964	2.449965	3.800661	4.945748	5.260463	3.519036	2.195518	2.679669	2.329349	2.257276	2.010139	2.995127	
Total MV Amount	1019.299


Angle TRE instances
Rotate	10	
ChildRotate	21	38	51	
RotateInverse	1	
ChildRotateInverse	16	
Docking x	24	42	43	44	45	
Docking y	14	17	29	77	84	
Docking z	20	22	27	46	47	
Total TRE Count	20


Correct Angles	Rotate	ChildRotate	RotateInverse	ChildRotateInverse	Docking x	Docking y	Docking z
	-7.328123E-29	0	0	3.664049E-28	0	0	0

Angle Error	Rotate	ChildRotate	RotateInverse	ChildRotateInverse	Docking x	Docking y	Docking z
	0.2061349	0.2344376	0	0.02832031	1.008984	1.570931	2.44696

Time Taken	Hours	Minutes	Seconds	Milliseconds	Seconds float	Completion time
	0	0	6	237	6.237005	00h:00m:06s:237ms

Final Results	Tester Name	Time of Test	Dock Shape Style	Virtual Device Visible	Time Taken	Shape Precision %	Orientation Precision %	Overall Precision %	Efficiency %	Difficulty	Total MV	Total TRE	
	1	2018-11-02_15:22:55	ZEROING DATA	True	00h:00m:06s:237ms	99.93488	99.25594	99.56383	100	4.885401E-31	1019.299	20	
