
Angles Over Time
Frames	Rotate	ChildRotate	RotateInverse	ChildRotateInverse	Docking x	Docking y	Docking z	
0	-94.00723	-80.17572	0	89.31863	2.748118	-91.10355	1.993511	
1	-94.24167	-80.41016	0	89.31863	2.760375	-91.10342	1.982924	
2	-94.00723	-80.41016	0	89.31863	2.760375	-91.10342	1.982924	
3	-94.00723	-80.87903	0	90.25635	2.760375	-91.10342	1.982924	
4	-94.24167	-80.17572	0	89.31863	2.760375	-91.10342	1.982924	
5	-94.00723	-80.41016	0	89.31863	2.760375	-91.10342	1.982924	
6	-94.00723	-80.17572	0	89.31863	2.73838	-91.10449	1.969786	
7	-94.24167	-80.17572	0	89.08419	2.818625	-91.0556	1.953951	
8	-94.00723	-80.64459	0	90.02192	3.087836	-90.91803	1.989215	
9	-94.24167	-80.41016	0	89.78749	3.58325	-90.43076	1.927284	
10	-94.00723	-79.94131	0	89.31862	3.836693	-88.42377	1.763553	
11	-94.00723	-79.94131	0	89.08419	4.100087	-86.04416	1.299486	
12	-94.00723	-80.17575	0	89.31863	3.69139	-84.83923	1.741394	
13	-94.00723	-80.17575	0	89.31863	3.251554	-83.20007	1.744314	
14	-94.00723	-80.64459	0	90.25635	3.397893	-81.60199	1.860621	
15	-94.24167	-79.94131	0	89.31863	3.621731	-79.52747	1.777608	
16	-94.00723	-77.12811	0	89.08419	3.37369	-75.87042	2.055702	
17	-94.00723	-62.82776	0	89.31863	3.526509	-73.01758	1.861959	
18	-94.00723	-45.94867	0	89.0842	3.722545	-72.3342	1.612574	
19	-94.00723	-18.05127	0	82.98897	3.956947	-72.20013	1.461475	
20	-94.71051	5.15751	0	73.61168	4.041641	-71.90137	1.232991	
21	-98.22699	6.329667	0	67.98531	3.559322	-71.82819	2.616268	
22	-97.99258	6.564095	0	67.75089	3.609079	-71.24182	2.766819	
23	-96.11713	6.329667	0	63.29668	3.411114	-68.61578	2.220398	
24	-86.73984	5.626373	0	55.56042	2.615382	-62.31003	1.694641	
25	-72.20505	-7.267395	0	57.20145	-0.732605	-52.65378	0.5342377	
26	-47.12082	-4.688629	0	56.02928	-2.922333	-45.38593	-4.129913	
27	-36.33694	7.73626	0	57.20144	-2.633362	-39.37024	-6.341644	
28	-31.64832	8.439553	0	57.20144	-3.266724	-35.04242	-5.426941	
29	-28.60071	8.205124	0	54.62269	-2.928497	-32.15009	-6.215881	
30	-24.84979	8.673988	0	43.60439	-3.301575	-30.13934	-6.830933	
31	-20.63	6.564095	0	40.79121	-3.571564	-28.22675	-7.124878	
32	-17.81683	7.501824	0	33.05495	-3.979919	-25.7406	-7.695221	
33	-11.01831	7.501824	0	27.42858	-3.585815	-22.68677	-7.011597	
34	-10.08057	7.501824	0	21.56778	-3.414948	-20.73468	-4.930725	
35	-10.08057	7.267395	0	19.92676	-3.584442	-17.78827	-4.084503	
36	-10.315	4.688646	0	13.83153	-1.408234	-14.78531	-0.8891296	
37	-12.4249	6.095232	0	12.1905	-1.082642	-10.34662	-0.2085266	
38	-11.25275	7.501825	0	11.01834	-0.9634094	-6.626923	-0.3189697	
39	-10.54944	4.923074	0	10.78391	-0.8521729	-3.618958	-0.4702759	
40	-9.377258	-8.205109	0	11.01834	-0.8670654	-0.6561584	-0.6657715	
41	-6.329651	-20.39557	0	10.31504	-0.8314819	0.9210983	-0.693512	
42	-0.7033081	-22.7399	0	10.08061	-0.8449402	1.077422	-0.6253967	
43	-3.282043	-21.09888	0	3.985383	-0.7938843	0.6297659	-0.5854492	
44	-1.406586	-21.33331	0	2.344353	-0.4360046	0.6111307	-0.5858154	
45	-1.875458	-20.63	0	2.344353	-0.3311768	0.6925649	-0.4805298	
46	-1.641022	-20.63	0	2.344353	-0.2277222	0.800665	-0.269928	
47	-0.9377136	-20.16116	0	2.109925	-0.1313171	0.7021801	-0.3489685	
48	-0.9377136	-21.80219	0	3.850096E-05	-0.1689453	0.5388615	-0.3899841	
49	-3.047607	-20.86444	0	-1.172119	-0.1470642	0.4187445	-0.2719727	
50	-2.109894	-20.86444	0	-1.640991	-0.2283325	0.3004194	-0.5614319	
51	-1.641022	-20.86444	0	-1.875427	-0.1417847	0.323868	-0.6195374	
52	-1.406586	-20.86444	0	-1.406555	-0.1143799	0.2981649	-0.6573486	
53	-1.641022	-21.09888	0	2.344353	-0.01791382	0.2330007	-0.6479797	
54	-3.985352	-16.87909	0	-1.640991	-0.1117859	0.2095534	-0.5985718	
55	-1.406586	-16.17581	0	-1.875427	-0.2784729	0.2363396	-0.5482483	
56	-1.17215	-14.06592	0	-1.640991	-0.6011047	0.2142369	-0.4858093	
57	-0.234436	0.7033042	0	-1.172119	-0.6063232	0.01967097	-0.433075	
58	-0.9377136	0.9377325	0	-1.640991	-0.4607544	-0.1924744	-0.4327393	
59	-0.234436	-0.9377136	0	0.4689031	-0.3115234	-0.2099304	-0.4690247	
60	-2.813171	1.172169	0	-1.875427	-0.2879639	-0.2099304	-0.4589844	
61	-0.234436	-0.234436	0	-1.640991	-0.1476135	-0.259613	-0.4873047	
62	-1.17215	2.344326	0	-1.640991	0.01642077	-0.7001343	-0.5315857	
63	-1.17215	2.81319	0	-1.640991	0.2102139	-2.173584	-0.624176	
64	-0.9377136	0.9377323	0	1.875489	0.2197787	-3.252594	-0.6072693	
65	-3.516479	2.344326	0	3.830289E-05	0.2143981	-3.900909	-0.5653076	
66	-1.875458	3.750919	0	-1.640991	0.1907225	-5.076324	-0.5160828	
67	-1.17215	3.047618	0	-1.640991	0.1225279	-5.700073	-0.4926453	
68	-0.9377136	3.750919	0	-1.172119	0.1129213	-5.747894	-0.4516907	
69	-1.406586	3.047618	0	-1.875427	-0.002775123	-5.770996	-0.3901978	
70	-0.9377136	0.468868	0	2.578789	-0.2974548	-5.768768	-0.3025818	
71	-4.688629	2.578754	0	-0.468811	-0.3320618	-5.759949	-0.2390137	
72	-0.9377136	3.516483	0	-1.406555	-0.4050903	-5.751373	-0.23349	
73	-1.406586	3.282054	0	-1.640991	-0.478241	-5.467224	-0.2175293	
74	-1.17215	3.750919	0	-1.172119	-0.5835571	-4.680298	-0.197876	
75	-1.875458	3.750919	0	-1.875427	-0.5081177	-4.031708	-0.2327881	
76	-0.9377136	2.344326	0	3.852645E-05	-0.4649048	-3.220215	-0.2557983	
77	-2.578766	3.282054	0	-1.875427	-0.4530334	-2.173584	-0.2850342	
78	-0.9377136	3.282054	0	-1.875427	-0.3345642	-1.370209	-0.3258667	
79	-0.9377136	3.516483	0	-1.640991	-0.3330994	-1.020966	-0.3327026	
80	-1.17215	3.516483	0	-1.406555	-0.2917175	-0.6630554	-0.3284912	
81	-1.17215	-0.4688721	0	1.875488	-0.2981567	-0.1508789	-0.3308716	
82	-4.454224	2.344326	0	-0.2344055	-0.29776	-0.06137085	-0.3326111	
83	-2.109894	3.516483	0	-1.875427	-0.3218994	0.1252041	-0.3301392	
84	-1.17215	4.219783	0	-1.640991	-0.4142761	0.07761225	-0.2962952	
85	-7.838642E-07	3.516483	0	-1.875427	-0.2853088	0.03616695	-0.284668	
86	-0.9377136	3.516483	0	-1.875427	-0.3102112	0.03635465	-0.2786255	
87	-1.17215	0.4688677	0	3.047654	-0.2941284	0.02016132	-0.276947	
88	-4.923065	3.282054	0	3.86196E-05	-0.3282471	-0.1174622	-0.2608337	
89	-1.406586	3.047618	0	-1.640991	-0.2391663	-0.2234497	-0.259613	
90	-0.9377136	3.282054	0	-1.172119	-0.1573792	-0.2810974	-0.268158	
91	-1.406586	3.047618	0	-1.640991	-0.1663208	-0.3616943	-0.2592773	
92	-1.17215	3.282054	0	-0.9376831	-0.1663208	-0.3616943	-0.2592773	
93	-2.34433	2.344326	0	0.4689032	-0.3615417	-0.3535156	-0.2588196	
94	-2.813171	3.985347	0	-1.640991	-0.3466797	-0.3533325	-0.2413635	
95	-0.234436	4.688648	0	-1.640991	-0.3702698	-0.3533936	-0.2513733	
96	-0.4688721	3.750919	0	-1.406555	-0.3789978	-0.353241	-0.2439575	
97	-0.234436	4.219783	0	-1.875427	-0.3789978	-0.353241	-0.2439575	
98	-0.234436	2.10989	0	-0.2344055	-0.3789978	-0.353241	-0.2439575	
99	-2.34433	4.454212	0	-1.875427	-0.3789978	-0.353241	-0.2439575	
100	-0.4688721	3.750919	0	-1.640991	-0.3789978	-0.353241	-0.2439575	
101	-1.406586	3.282054	0	-1.640991	-0.3789978	-0.353241	-0.2439575	
102	-0.9377136	3.282054	0	-1.640991	-0.3789978	-0.353241	-0.2439575	
103	-1.17215	0.468868	0	1.875489	-0.3789978	-0.353241	-0.2439575	
104	-3.516479	3.516483	0	-1.640991	-0.3789978	-0.353241	-0.2439575	
105	-0.9377136	3.750919	0	-0.9376831	-0.3789978	-0.353241	-0.2439575	
106	-1.875458	3.282054	0	-0.9376831	-0.3789978	-0.353241	-0.2439575	
107	-1.875458	3.516483	0	-1.172119	-0.3789978	-0.353241	-0.2439575	
108	-1.406586	0.4688679	0	1.875489	-0.3789978	-0.353241	-0.2439575	


Angle MV instances
Rotate	94.00723	3.516479	9.377289	14.53479	25.08423	10.78387	4.688629	3.047607	3.750916	4.219788	2.813171	6.798523	2.109894	3.047607	5.626343	2.578735	2.109894	2.34433	2.578766	2.578735	2.578735	2.578766	3.750916	3.750916	3.282074	2.34433	3.750916	3.516479	2.578735	2.109894	2.34433	2.578766	
ChildRotate	80.17572	2.813202	14.30035	16.87909	27.8974	23.20878	2.578766	12.42489	2.109893	2.57875	2.578751	13.12818	12.19046	2.34433	4.219788	2.109894	14.76922	2.578762	2.57875	2.109886	3.985355	3.047615	2.813186	2.109894	2.344322	2.813186	3.047615	3.047615	
RotateInverse	
ChildRotateInverse	89.31863	6.09523	9.377289	5.626366	4.454208	7.736252	2.578754	11.0183	2.813179	7.736259	5.626368	5.8608	6.095228	6.095229	2.109886	3.0476	3.047615	
Docking x	2.748118	2.189728	2.176208	
Docking y	91.10355	2.006989	2.379608	2.074524	3.657043	2.852844	2.626038	6.305756	9.65625	7.267853	6.015686	4.32782	2.892334	2.010742	2.486145	3.053833	2.946411	3.00296	4.43869	3.719696	3.007965	2.962799	
Docking z	4.664151	2.211731	2.080872	3.195374	
Total MV Amount	876.2441


Angle TRE instances
Rotate	43	
ChildRotate	36	37	39	40	57	
RotateInverse	1	
ChildRotateInverse	44	
Docking x	1	
Docking y	40	66	74	
Docking z	1	27	34	
Total TRE Count	12


Correct Angles	Rotate	ChildRotate	RotateInverse	ChildRotateInverse	Docking x	Docking y	Docking z
	-2.07562E-29	0	0	2.07562E-29	0	0	0

Angle Error	Rotate	ChildRotate	RotateInverse	ChildRotateInverse	Docking x	Docking y	Docking z
	3.516479	3.750919	0	1.875427	0.3789978	0.353241	0.2439575

Time Taken	Hours	Minutes	Seconds	Milliseconds	Seconds float	Completion time
	0	0	6	436	6.435903	00h:00m:06s:436ms

Final Results	Tester Name	Time of Test	Dock Shape Style	Virtual Device Visible	Time Taken	Shape Precision %	Orientation Precision %	Overall Precision %	Efficiency %	Difficulty	Total MV	Total TRE	
	0	2018-11-02_12:29:04	ZEROING DATA	True	00h:00m:06s:436ms	98.73016	99.8894	99.1969	100	4.612489E-32	876.2441	12	
