
Angles Over Time
Frames	Rotate	ChildRotate	RotateInverse	ChildRotateInverse	Docking x	Docking y	Docking z	
0	-95.42776	-138.0804	0	103.3705	86.97211	14.33971	33.43978	
1	-95.6622	-139.2526	0	103.3705	86.93663	14.88082	33.82257	
2	-95.6622	-139.2526	0	103.3705	86.93478	15.08395	34.01457	
3	-95.6622	-139.2526	0	103.3705	86.93478	15.08395	34.01457	
4	-95.89664	-139.2526	0	103.3705	86.65438	17.21809	36.08594	
5	-95.66223	-138.0804	0	101.7295	83.9795	28.69076	46.72948	
6	-95.66223	-138.5493	0	92.82106	78.73071	29.95936	46.23893	
7	-95.66223	-138.7837	0	74.7698	70.57818	20.12143	37.6095	
8	-95.19336	-138.7837	0	49.21672	58.17007	19.89016	40.86391	
9	-94.72449	-138.3148	0	2.564748	47.84465	21.05718	46.13759	
10	-94.72449	-137.1427	0	3.502477	37.8364	23.47313	50.34353	
11	-76.43878	-138.0804	0	1.158155	33.24008	25.04625	46.18524	
12	-58.38751	-138.3148	0	-0.2484436	28.80918	25.8734	42.12021	
13	-47.1348	-131.7508	0	-0.01400757	22.83964	25.42466	35.95398	
14	-38.69525	-97.05481	0	-0.2484436	16.14782	26.59901	33.03718	
15	-38.92969	-61.18674	0	-0.2484436	12.83493	29.59116	34.59393	
16	-38.69525	-45.94864	0	1.861455	9.426253	29.12465	30.06202	
17	-40.10184	-42.43216	0	-0.2484436	9.307858	29.21307	26.78748	
18	-36.35092	-36.33694	0	-0.2484436	9.243629	29.66702	20.9431	
19	-32.60001	-11.95599	0	-0.01400757	6.560961	30.79637	18.69646	
20	-33.06888	-7.501801	0	-0.01400757	1.830777	32.16758	14.84463	
21	-33.06888	-9.611694	0	3.502477	1.207012	33.2331	12.39153	
22	-29.5524	-8.439514	0	1.627019	0.5791122	33.5535	8.988333	
23	-21.34729	-8.205078	0	-0.2484436	0.1100383	34.23225	5.285373	
24	-11.50113	-7.032928	0	-0.2484436	-0.3796082	33.99834	3.749858	
25	-8.219086	-7.032928	0	0.4548619	-0.3788147	33.01607	1.807734	
26	-5.171448	-3.047577	0	-0.01400757	-0.08139038	30.81378	-0.3703918	
27	-2.592712	-0.2344055	0	1.158155	1.607888	27.54187	-2.412689	
28	-4.233734	1.172189	0	0.2204259	1.800695	24.2571	-2.979553	
29	-3.29599	0.7033243	0	-0.2484436	1.915483	23.09042	-2.69339	
30	-3.061584	-6.798492	0	-0.2484436	2.937745	24.04582	-2.366608	
31	-2.827148	-12.19043	0	-0.01400757	2.945904	25.16792	-1.018402	
32	-3.29599	-18.98895	0	2.33032	3.05088	25.06993	-0.3834839	
33	-5.874756	-19.22339	0	1.627019	3.452518	24.51826	1.119388	
34	-4.233734	-20.63	0	5.612363	3.908601	23.86604	0.7618256	
35	-3.296021	-19.9267	0	22.96033	5.209543	23.08408	0.7880766	
36	-2.358276	2.813212	0	37.02625	7.217271	23.55997	-0.315094	
37	-22.98831	2.813212	0	37.26069	13.84114	26.14719	6.880584	
38	-42.6806	0.9377621	0	26.47681	19.00826	30.82881	12.80885	
39	-46.66592	1.875483	0	7.018955	15.37592	33.70144	16.7749	
40	-45.49377	2.109919	0	-0.01400757	14.84664	34.67759	15.99017	
41	-24.3949	1.641055	0	-0.2484436	13.68097	36.10134	10.74315	
42	-0.9516907	2.10992	0	-0.2484436	12.95176	37.66901	10.64973	
43	-0.9516907	-0.4688416	0	1.627017	11.40228	38.02531	10.14617	
44	-3.296021	0.7033262	0	1.392589	9.994043	37.73807	10.30922	
45	-1.889404	2.10992	0	-0.2484436	8.572438	36.75608	10.93657	
46	-0.9516907	3.047648	0	0.45486	8.547511	36.45154	9.059119	
47	-0.4828186	3.047648	0	0.45486	8.387222	36.37453	6.514217	
48	-0.7172546	3.047648	0	-0.2484436	7.68121	37.30839	4.018137	
49	-0.01397705	0.7033261	0	1.158153	7.801214	39.09364	2.947133	
50	-1.889404	1.875483	0	-0.2484436	7.690557	41.35561	2.465215	
51	-0.9516907	1.875483	0	-0.01400757	6.914659	41.22472	2.258769	
52	-0.9516907	1.641055	0	-0.2484436	6.740171	40.94505	3.686101	
53	-1.186127	1.641055	0	-0.01400757	5.93311	41.27262	6.687265	
54	-0.9516907	-0.2344055	0	1.861453	4.13563	41.93736	9.599401	
55	-3.999298	0.703326	0	1.392589	1.556139	42.05375	10.60052	
56	-1.889404	1.641055	0	-0.4828796	0.4335188	42.44562	8.043783	
57	-0.4828186	2.578784	0	-0.01400757	1.182586	43.10812	8.365353	
58	-0.01397705	2.344348	0	-0.2484436	1.367374	43.78925	8.852356	
59	0.2204734	-0.7032776	0	0.2204238	0.8334269	44.2189	11.07717	
60	-1.186127	-3.047577	0	2.564746	-0.02416992	44.26543	10.94199	
61	-3.296021	-2.344299	0	-0.01400757	-1.230011	43.69287	10.47748	
62	-0.7172546	-6.095215	0	0.45486	-2.86499	42.48829	10.67509	
63	-0.9516907	-5.391907	0	-0.01400757	-4.362	41.04364	10.49439	
64	0.2204732	-5.391907	0	-0.2484436	-4.262756	40.95837	10.88987	
65	-0.01397705	-5.626343	0	-0.01400757	-4.820831	41.05249	11.51391	
66	0.2204732	-7.267365	0	1.627017	-4.756195	40.44694	13.6968	
67	-2.358276	-5.157471	0	-0.4828796	-4.047791	40.82393	14.96795	
68	-7.281342	-0.2344055	0	-0.2484436	-4.145599	40.01131	14.91257	
69	-13.61102	1.641055	0	3.736905	-3.496613	39.45718	9.303533	
70	-15.01761	1.641055	0	3.502476	-3.76593	39.78191	8.777337	
71	-15.01761	-1.172119	0	9.363277	-3.666748	40.09339	7.809464	
72	-17.59637	0.9377624	0	12.17646	-3.840973	40.29469	3.277605	
73	-10.56342	1.406619	0	10.30101	-3.721497	40.5597	-0.6714478	
74	-3.530426	2.344348	0	10.53543	-4.05365	40.50899	-2.578979	
75	-2.358276	1.875484	0	5.377934	-3.851288	40.43429	-2.593201	
76	-2.12384	1.875484	0	2.330318	-3.920013	40.43618	-2.640533	
77	-1.889404	0.468898	0	1.861454	-3.656433	40.42532	-2.590332	
78	-4.233734	1.406619	0	-0.2484436	-3.734222	40.43037	-2.541138	
79	-2.827148	0.9377626	0	-0.2484436	-4.16861	40.4521	-2.763153	
80	-1.889404	1.641056	0	-0.01400757	-4.274109	40.4571	-2.765411	
81	-2.12384	1.406619	0	-0.2484436	-4.297516	40.45798	-2.775848	
82	-1.889404	-1.406555	0	3.033611	-4.312347	40.30019	-2.858551	
83	-3.764862	3.382823E-05	0	1.158153	-4.324005	39.40958	-2.840546	
84	-1.889404	1.40662	0	-0.01400757	-4.376831	37.90261	-2.688385	
85	-1.186127	1.641056	0	0.4548607	-4.422455	37.04904	-2.594666	
86	-1.654999	1.875484	0	-0.01400757	-4.50354	36.45715	-2.54599	
87	-1.420563	1.40662	0	0.4548607	-4.646667	36.54448	-2.547424	
88	-1.654999	-1.172119	0	3.736905	-4.596252	36.87529	-2.644287	
89	-4.46817	0.7033268	0	0.9237252	-4.476929	37.43837	-2.785034	
90	-1.420563	1.641056	0	0.2204248	-4.411316	37.59831	-2.821655	
91	-1.654968	0.9377629	0	-0.2484436	-4.371094	37.58012	-2.825134	
92	-1.186127	1.40662	0	-0.2484436	-4.371094	37.58012	-2.825134	
93	-1.420563	1.172191	0	0.4548609	-4.387238	37.58083	-2.826324	
94	-1.654999	0.937763	0	0.9237254	-4.473541	37.58654	-2.751617	
95	-1.420563	1.40662	0	-0.01400757	-4.481049	37.58666	-2.760254	
96	-1.186127	1.40662	0	0.2204248	-4.481049	37.58666	-2.760254	
97	-1.889404	1.40662	0	-0.2484436	-4.481049	37.58666	-2.760254	
98	-1.420563	-0.9376831	0	2.095883	-4.481049	37.58666	-2.760254	
99	-3.764862	1.40662	0	-0.4828796	-4.481049	37.58666	-2.760254	


Angle MV instances
Rotate	95.42776	18.28571	18.05127	11.25272	8.439545	3.750916	3.750916	3.516479	8.205109	9.846161	3.282043	3.047638	2.578735	2.578766	20.63004	19.69229	3.985321	21.09888	23.44321	2.34433	3.047607	2.109894	2.109894	2.578766	2.57875	4.923065	6.329681	2.578766	7.032959	7.03299	2.34433	2.813171	3.047607	2.344299	
ChildRotate	138.0804	6.564087	34.69595	35.86807	15.2381	3.516479	6.095215	24.38095	4.454193	2.109894	3.985352	2.813171	7.501817	5.391937	6.798523	22.73991	2.344322	2.344299	3.750916	2.109894	4.923065	
RotateInverse	
ChildRotateInverse	103.3705	8.908417	18.05126	25.55308	46.65197	2.344322	3.516484	2.344327	3.985343	17.34797	14.06592	10.78388	19.45786	7.032962	2.344322	2.578754	3.985348	5.860802	2.813178	5.157501	3.047615	3.282055	3.282044	2.813179	
Docking x	86.97211	2.674881	5.248795	8.152527	12.40811	10.32542	10.00825	4.596321	4.430897	5.969545	6.691814	3.312893	3.408675	2.682668	4.730184	2.007729	6.623869	5.167116	3.632333	2.579491	
Docking y	14.33971	2.13414	11.47267	9.837931	2.415951	2.992153	2.20229	3.27191	3.284773	2.587212	4.681627	2.872622	2.261967	
Docking z	33.43978	2.071369	10.64354	8.629433	3.25441	5.273682	4.20594	4.158287	4.065029	6.166237	2.916798	4.531914	3.274532	5.844379	2.246645	3.85183	2.453101	3.403195	3.70296	2.042297	7.195678	5.928265	3.966047	5.247016	2.544902	2.496079	3.001165	2.912135	2.556739	2.224814	2.182887	5.609033	4.531859	3.949052	
Total MV Amount	1414.865


Angle TRE instances
Rotate	28	33	34	37	42	68	74	
ChildRotate	27	30	36	62	68	
RotateInverse	1	
ChildRotateInverse	10	34	40	71	76	
Docking x	21	35	54	
Docking y	
Docking z	25	37	48	53	72	
Total TRE Count	25


Correct Angles	Rotate	ChildRotate	RotateInverse	ChildRotateInverse	Docking x	Docking y	Docking z
	-6.021737E-27	0	0	6.021737E-27	0	0	0

Angle Error	Rotate	ChildRotate	RotateInverse	ChildRotateInverse	Docking x	Docking y	Docking z
	1.420563	0.937763	0	0.2484436	4.481049	37.58666	2.760254

Time Taken	Hours	Minutes	Seconds	Milliseconds	Seconds float	Completion time
	0	0	5	907	5.906733	00h:00m:05s:907ms

Final Results	Tester Name	Time of Test	Dock Shape Style	Virtual Device Visible	Time Taken	Shape Precision %	Orientation Precision %	Overall Precision %	Efficiency %	Difficulty	Total MV	Total TRE	
	0	2018-11-02_12:38:54	ZEROING DATA	True	00h:00m:05s:907ms	99.63795	92.52835	96.23534	100	1.338164E-29	1414.865	25	
