
Angles Over Time
Frames	Rotate	ChildRotate	RotateInverse	ChildRotateInverse	Docking x	Docking y	Docking z	
0	-90.95517	-85.33319	0	87.68233	2.735273	-91.16797	-88.21359	
1	-90.4863	-85.33319	0	87.68233	2.740663	-91.168	-88.1734	
2	-90.72073	-85.33319	0	87.91677	2.740663	-91.168	-88.1734	
3	-90.72073	-85.33319	0	87.91677	2.7329	-91.16687	-88.10699	
4	-90.72073	-85.80206	0	88.38564	2.746713	-91.16983	-87.93726	
5	-90.95517	-85.33319	0	88.62007	2.763497	-91.16351	-87.99646	
6	-90.72073	-84.86432	0	89.32336	2.752589	-91.17596	-88.90256	
7	-90.72073	-84.39545	0	90.49553	2.71514	-91.2236	-90.32913	
8	-90.72073	-82.98886	0	91.19881	2.746479	-90.48633	-90.24121	
9	-90.72073	-82.75443	0	91.90211	2.748217	-86.84277	-90.61542	
10	-90.72073	-82.75443	0	92.60542	3.091436	-83.63861	-90.69708	
11	-90.72073	-79.94125	0	91.90211	3.049546	-82.18738	-88.62659	
12	-90.72073	-74.08044	0	91.66769	2.996269	-78.50403	-84.9314	
13	-90.72073	-63.06216	0	89.55779	3.325066	-77.38452	-80.42554	
14	-90.72073	-55.79477	0	89.79222	3.027466	-74.31061	-76.87207	
15	-90.72073	-48.0585	0	90.96439	2.810755	-72.72791	-78.22815	
16	-90.95517	-34.9303	0	90.26109	2.682237	-71.68497	-79.16705	
17	-90.72073	-25.3186	0	89.79224	2.627003	-69.89081	-81.75937	
18	-90.4863	-23.44315	0	90.02667	1.323441	-68.26422	-82.28421	
19	-90.4863	-15.94131	0	90.02667	1.588036	-66.72247	-80.73273	
20	-90.4863	1.406649	0	90.02667	1.733206	-63.68793	-79.19574	
21	-87.67313	-1.406525	0	90.26109	1.856861	-56.2171	-80.76654	
22	-69.15302	-0.7032471	0	92.37098	1.397465	-47.95776	-87.9552	
23	-41.49002	-7.736206	0	98.23179	1.006509	-36.39786	-97.55688	
24	-4.684204	-7.50177	0	98.23179	0.8635548	-22.004	-98.09973	
25	1.879897	-7.032898	0	92.83985	0.5093032	-16.2175	-91.94852	
26	2.114326	-10.08051	0	73.14756	1.146358	-4.540161	-74.82706	
27	-1.402161	-8.439484	0	62.12925	0.3345174	0.5029886	-57.26926	
28	0.2388679	-7.032898	0	52.28312	-0.1583252	5.535461	-45.27161	
29	1.411033	-6.798462	0	41.96811	-0.4816589	10.25578	-35.6564	
30	3.052054	-6.798462	0	30.01207	-1.716461	15.0717	-26.64581	
31	2.817618	-9.611664	0	28.37104	-2.019409	17.75872	-22.74194	
32	2.114326	-12.89371	0	29.30877	-1.816528	20.63181	-21.97852	
33	0.2388679	-9.611664	0	19.46263	-1.978424	22.69999	-19.24591	
34	2.114326	-14.76917	0	9.147625	-1.114929	24.79796	-15.68964	
35	3.286483	-26.02188	0	3.521251	-0.05310059	26.72289	-11.36081	
36	2.817618	-25.78745	0	-0.4640808	0.5428117	29.07985	-8.387268	
37	3.520919	-26.25632	0	0.2392073	0.5618889	30.14074	-7.233368	
38	3.520919	-31.17938	0	1.411365	1.407479	30.5505	-3.892242	
39	1.176596	-29.7728	0	0.004771118	1.904347	32.04802	-2.247955	
40	2.348753	-21.33325	0	-0.2296448	2.059946	33.73492	-2.085205	
41	3.052054	-16.41019	0	-0.2296448	2.121323	34.386	-2.058472	
42	2.817618	-1.640961	0	-0.2296448	1.936801	34.20254	-1.97644	
43	2.817618	-4.688568	0	4.224551	1.609406	33.86879	-2.034119	
44	-0.6988525	-2.81311	0	2.114665	1.544434	33.78859	-2.004089	
45	1.411032	-1.406525	0	0.2392072	1.539615	33.19696	-2.009827	
46	2.583189	-0.9376526	0	-0.2296448	1.57582	31.02369	-1.885498	
47	3.989783	-0.468811	0	-0.2296448	1.446056	29.08759	-1.787445	
48	3.989783	0.2344915	0	-0.4640808	1.243158	27.11502	-1.726929	
49	3.989783	-2.344269	0	1.645801	1.236265	26.49657	-1.698914	
50	1.176596	-0.7032471	0	-0.2296448	1.153389	26.21792	-1.738525	
51	2.817618	-0.234375	0	-0.2296448	1.030847	25.27493	-1.751923	
52	2.583189	-0.7032471	0	-0.6985168	1.12096	25.36494	-1.661926	
53	2.817618	-0.468811	0	-0.4640808	1.223877	25.68177	-1.653625	
54	2.817618	-3.047546	0	2.114665	1.25786	25.7635	-1.650665	
55	-0.4644165	-0.9376526	0	1.176936	1.25786	25.7635	-1.650665	
56	2.817618	-0.234375	0	0.4736357	1.273966	25.76324	-1.648926	
57	2.114325	-0.468811	0	-0.2296448	1.322285	25.76246	-1.643768	
58	3.052054	6.320666E-05	0	-0.2296448	1.322285	25.76246	-1.643768	
59	2.583189	-0.468811	0	-0.4640808	1.322285	25.76246	-1.643768	
60	2.817618	-0.468811	0	2.114665	1.322285	25.76246	-1.643768	
61	2.114325	0.7033561	0	-0.4640808	1.322285	25.76246	-1.643768	
62	3.755347	0.2344917	0	-0.4640808	1.322285	25.76246	-1.643768	
63	3.989783	0.9377847	0	-0.2296448	1.313374	25.76283	-1.636566	
64	3.989783	0.9377847	0	-0.2296448	1.313374	25.76283	-1.636566	
65	3.989783	-1.875397	0	1.176936	1.313374	25.76283	-1.636566	
66	1.645461	-0.7032471	0	-0.4640808	1.313374	25.76283	-1.636566	


Angle MV instances
Rotate	90.95517	2.813171	18.52011	27.66299	36.80582	6.564101	2.344322	3.51647	2.813187	3.282034	3.282034	2.344322	
ChildRotate	85.33319	2.813171	5.860809	11.01828	7.267395	7.736267	13.1282	9.611694	7.501831	17.34796	7.032959	3.047607	2.813202	3.282043	3.282043	5.157501	11.25272	4.923065	8.439545	4.923065	14.76923	3.047607	2.57876	2.578735	2.109894	
RotateInverse	
ChildRotateInverse	87.68233	2.109894	2.109886	5.860809	5.391937	19.69229	11.01831	9.846138	10.31501	11.95604	9.846148	10.315	5.626374	3.985332	4.454196	2.109886	
Docking x	2.735273	
Docking y	91.16797	3.643555	3.204163	3.68335	3.073914	3.034546	7.470825	8.259338	11.55991	14.39386	5.786499	11.67734	5.04315	5.032472	4.720319	4.815915	2.687023	2.873087	2.068184	2.097975	2.356962	2.173275	
Docking z	88.21359	2.070496	3.69519	4.505859	3.553467	2.592316	7.18866	9.601685	6.151215	17.12146	17.5578	11.99765	9.615204	9.01059	3.90387	2.732605	3.556274	4.328827	2.973541	3.341125	
Total MV Amount	1067.35


Angle TRE instances
Rotate	25	
ChildRotate	21	23	42	
RotateInverse	1	
ChildRotateInverse	36	
Docking x	1	
Docking y	27	28	
Docking z	39	
Total TRE Count	8


Correct Angles	Rotate	ChildRotate	RotateInverse	ChildRotateInverse	Docking x	Docking y	Docking z
	-6.803361E-18	-5.331825E-37	0	1.043345E-17	0	0	0

Angle Error	Rotate	ChildRotate	RotateInverse	ChildRotateInverse	Docking x	Docking y	Docking z
	2.817618	0.468811	0	0.004771383	1.313374	25.76283	1.636566

Time Taken	Hours	Minutes	Seconds	Milliseconds	Seconds float	Completion time
	0	0	3	960	3.959682	00h:00m:03s:960ms

Final Results	Tester Name	Time of Test	Dock Shape Style	Virtual Device Visible	Time Taken	Shape Precision %	Orientation Precision %	Overall Precision %	Efficiency %	Difficulty	Total MV	Total TRE	
	0	2018-11-02_12:36:58	ZEROING DATA	True	00h:00m:03s:960ms	99.54289	94.92604	97.46	100	1.915201E-20	1067.35	8	
