
Angles Over Time
Frames	Rotate	ChildRotate	RotateInverse	ChildRotateInverse	Docking x	Docking y	Docking z	
0	-9.145691	-136.6738	0	147.6893	-66.7934	126.3133	-156.3716	
1	-11.95889	-137.846	0	148.1582	-66.81744	126.5367	-156.563	
2	-9.145691	-138.0804	0	148.1582	-66.89886	126.4329	-156.537	
3	-9.614563	-137.846	0	148.1582	-66.94275	126.3351	-156.4908	
4	-9.614563	-137.6116	0	148.1582	-67.04077	126.5459	-156.6818	
5	-9.614563	-137.6116	0	148.1582	-67.49881	126.371	-156.6177	
6	-9.848999	-137.3771	0	147.9237	-67.52899	126.2018	-156.3544	
7	-10.31787	-137.846	0	148.1582	-67.61069	126.0996	-156.2771	
8	-9.614563	-137.846	0	148.1582	-68.41681	125.8988	-155.9454	
9	-8.442413	-138.0804	0	148.1582	-72.39429	123.488	-153.8804	
10	-8.911255	-137.846	0	148.1582	-80.06097	108.1976	-139.0557	
11	-7.973541	-136.9082	0	147.6893	-79.15784	-17.0535	-13.2139	
12	-7.504669	-137.3771	0	147.9237	-56.65735	-34.40155	6.094751	
13	-3.753754	-137.846	0	148.1582	-33.23169	-35.14206	11.28928	
14	-2.347168	-138.0804	0	148.1582	-20.25864	-34.0719	11.32805	
15	-0.9405823	-138.0804	0	148.1582	-19.01541	-28.57803	8.921715	
16	-1.175018	-137.846	0	148.1582	-13.50864	-22.47623	8.25719	
17	-1.175018	-135.9705	0	147.4548	-6.047089	-19.48355	11.20184	
18	-2.581604	-135.5017	0	147.9237	-1.377563	-16.77423	12.4256	
19	-1.878296	-134.7984	0	147.9237	0.8798595	-14.6651	15.04735	
20	-0.7061462	-135.0328	0	147.9237	-0.4752197	-13.67792	16.45316	
21	-0.4717102	-135.0328	0	147.9237	-5.084106	-13.7543	13.4816	
22	-0.2372742	-109.9486	0	134.0922	-7.131714	-16.96008	7.866699	
23	-0.002849501	-92.60059	0	123.7772	-7.918152	-21.32184	11.61738	
24	-2.112732	-77.36252	0	118.3853	-5.263428	-23.34232	12.81433	
25	-0.2372742	-58.84241	0	113.6966	-4.881805	-22.60498	10.15323	
26	-0.7061462	-54.38818	0	111.8212	-2.411499	-18.76035	7.820679	
27	-0.002849564	-45.01093	0	92.8322	-0.2070313	-15.63925	3.976746	
28	-0.2372742	-45.24533	0	71.03002	-0.5735779	-13.6897	2.837044	
29	-3.519318	-42.43216	0	1.169291	-0.238678	-11.90698	1.750118	
30	-0.9405823	-40.32227	0	22.26818	-2.941711	-10.89319	2.78132	
31	-0.002849713	-39.85339	0	18.98612	-4.335327	-11.09204	3.428478	
32	1.169308	-39.61896	0	19.92385	-4.535004	-11.21503	1.941842	
33	0.7004432	-39.61896	0	16.40737	-6.757721	-10.70151	0.5523722	
34	0.7004432	-36.80579	0	18.51726	-6.78717	-10.77905	-4.114563	
35	-1.175018	-28.83508	0	21.56487	-8.332703	-11.04239	-8.409027	
36	-0.4717102	-23.44318	0	25.78466	-10.47473	-11.29108	-12.81854	
37	-0.2372742	-18.52008	0	28.59784	-10.3667	-11.42041	-14.4505	
38	-0.7061462	-15.94135	0	30.47329	-10.83304	-11.49631	-16.53946	
39	-0.7061462	-18.52008	0	33.05204	-10.39685	-11.09152	-16.91937	
40	-3.753754	-17.11349	0	31.17659	-10.18509	-10.62662	-15.99197	
41	-1.175018	-15.94135	0	29.77	-9.191193	-10.17276	-14.23795	
42	0.4660145	-18.75452	0	29.53556	-4.855255	-10.14346	-12.05698	
43	1.169307	-18.52008	0	29.53556	-4.63089	-9.929321	-10.38483	
44	0.9348791	-22.271	0	25.31579	-4.169678	-9.108307	-8.723816	
45	1.169307	-30.2417	0	20.62715	-3.713684	-8.141113	-7.036316	
46	-0.7061462	-27.19406	0	-0.002866504	-2.641052	-6.88974	-3.7771	
47	0.2315784	-27.4285	0	-0.002866504	-1.512207	-5.558075	-0.2260742	
48	1.638172	-27.4285	0	-0.2373047	-1.525604	-4.475586	-0.1694336	
49	0.9348791	-20.86441	0	-0.2373047	-1.645599	-3.464447	-0.3300171	
50	1.638172	-18.05124	0	-0.2373047	-1.680481	-2.002594	-0.5944824	
51	1.638172	-11.01828	0	1.638155	-1.779633	-1.160645	-0.7722168	
52	-0.7061462	-7.736206	0	-0.002866476	-1.804962	0.04330638	-1.008728	
53	0.4660145	-5.626343	0	-0.2373047	-1.777557	-0.002432613	-0.9273376	
54	0.7004429	-2.109863	0	-0.002866484	-1.866699	-0.0536499	-0.9320068	
55	0.4660145	-1.875427	0	-0.002866484	-1.8573	-0.05377197	-0.9385376	
56	0.4660145	-5.157471	0	3.748041	-1.796356	-0.05288696	-0.9112244	
57	-2.81604	-1.875427	0	-0.00286639	-1.764069	-0.07513428	-0.90448	
58	0.7004429	-1.875427	0	0.231562	-1.757507	-0.07485962	-0.8951111	
59	0.4660145	-1.640991	0	0.4659981	-1.750946	-0.07458496	-0.8857117	
60	0.4660145	-2.344269	0	-0.002866374	-1.760345	-0.07446289	-0.8791809	
61	0.4660145	-0.9376831	0	-0.002866374	-1.842804	-0.1414185	-0.8735352	
62	0.2315784	-1.640991	0	2.10702	-2.035126	-0.2453918	-0.9424744	
63	-0.9405823	0.7033345	0	-0.2373047	-2.149475	-0.2872009	-0.9437866	
64	1.872608	0.7033345	0	0.465998	-2.20639	-0.3353577	-0.9429321	
65	1.638172	-0.2344055	0	0.7004263	-2.222076	-0.4181213	-0.9406738	
66	0.4660145	-0.9376831	0	-0.2373047	-2.211426	-0.4999695	-0.9009399	
67	1.169307	-3.047577	0	4.685771	-2.20459	-0.5316772	-0.88974	
68	-2.81604	-0.2344055	0	0.2315622	-2.191345	-0.5819092	-0.8677979	
69	0.4660145	-0.2344055	0	0.4659983	-2.13385	-0.5882263	-0.8658752	
70	0.7004429	0.7033345	0	-0.2373047	-1.978027	-0.526825	-0.7270813	
71	1.872608	-0.2344055	0	-0.002866203	-1.971436	-0.5265503	-0.7177429	
72	1.872608	0.4688985	0	0.2315622	-1.971436	-0.5265503	-0.7177429	
73	1.638172	-1.640991	0	2.10702	-1.971436	-0.5265503	-0.7177429	
74	-0.7061462	0.23447	0	-0.2373047	-1.971436	-0.5265503	-0.7177429	
75	1.872608	0.7033344	0	0.4659982	-1.971436	-0.5265503	-0.7177429	
76	1.872608	-0.2344055	0	-0.002866214	-1.971436	-0.5265503	-0.7177429	
77	1.169307	-0.2344055	0	0.2315622	-1.971436	-0.5265503	-0.7177429	
78	0.9348788	-3.985291	0	3.279177	-1.971436	-0.5265503	-0.7177429	


Angle MV instances
Rotate	9.145691	2.813202	2.813202	3.750916	2.109882	3.282043	2.578735	3.047607	2.578735	3.282054	3.516483	3.282054	
ChildRotate	136.6738	25.08423	17.34799	15.23807	18.52011	4.454224	9.377258	2.813171	2.109894	2.813171	7.970703	5.391907	4.923096	2.578735	2.578735	2.813171	3.750916	7.970703	3.047638	6.564087	2.813171	7.032959	3.282074	2.109863	3.516479	3.282043	3.282043	2.109894	2.813171	3.750885	
RotateInverse	
ChildRotateInverse	147.6893	13.8315	10.315	5.391945	4.688637	18.989	21.80218	69.86073	21.09888	3.282051	3.516479	2.109884	3.047617	4.219782	2.813179	2.578749	4.219772	4.688644	20.63001	3.750908	3.750908	2.109886	4.923075	4.454208	3.047615	
Docking x	66.7934	3.977478	7.666687	22.50049	23.42566	12.97305	5.506775	7.461548	4.669525	4.608887	2.047607	2.654724	2.470306	2.204468	2.703033	2.222717	2.142029	4.335938	
Docking y	126.3133	2.410721	15.29039	125.2511	17.34805	5.493866	6.101807	2.992676	2.70932	2.109131	3.20578	4.361755	2.020477	3.844635	3.121094	
Docking z	156.3716	2.064957	14.82471	125.8418	19.30865	5.19453	2.406334	2.944646	2.621753	2.971559	5.614904	3.750684	2.661095	2.332551	3.843933	4.666935	4.294464	4.409515	2.088959	2.180969	3.259216	3.551025	
Total MV Amount	1625.168


Angle TRE instances
Rotate	14	
ChildRotate	55	56	57	
RotateInverse	1	
ChildRotateInverse	46	
Docking x	19	21	25	33	42	
Docking y	49	
Docking z	28	35	46	
Total TRE Count	14


Correct Angles	Rotate	ChildRotate	RotateInverse	ChildRotateInverse	Docking x	Docking y	Docking z
	0	-4.820467E-43	0	8.387645E-21	0	0	0

Angle Error	Rotate	ChildRotate	RotateInverse	ChildRotateInverse	Docking x	Docking y	Docking z
	1.64386	0.468811	0	0.2373047	1.971436	0.5265503	0.7177429

Time Taken	Hours	Minutes	Seconds	Milliseconds	Seconds float	Completion time
	0	0	4	654	4.654479	00h:00m:04s:654ms

Final Results	Tester Name	Time of Test	Dock Shape Style	Virtual Device Visible	Time Taken	Shape Precision %	Orientation Precision %	Overall Precision %	Efficiency %	Difficulty	Total MV	Total TRE	
	0	2018-11-02_12:34:40	ZEROING DATA	True	00h:00m:04s:654ms	99.67361	99.76958	99.55828	100	9.319606E-24	1625.168	14	
