
Angles Over Time
Frames	Rotate	ChildRotate	RotateInverse	ChildRotateInverse	Docking x	Docking y	Docking z	
0	-3.282043	-127.7654	0	137.6116	-30.34079	-23.20798	10.37331	
1	-6.564087	-128.4688	0	137.3771	-30.16351	-23.2515	10.24901	
2	-3.047607	-128.4688	0	137.3771	-30.06735	-23.60818	10.22375	
3	-3.047607	-128.7032	0	137.3771	-30.03244	-23.77313	10.21957	
4	-2.109894	-128.7032	0	137.3771	-29.89764	-23.9263	10.1767	
5	-2.813171	-128.7032	0	137.3771	-29.62613	-23.79852	9.776625	
6	-2.109894	-128.2343	0	137.3771	-29.42075	-23.759	9.836992	
7	-4.688629	-128.7032	0	137.3771	-29.22992	-23.7258	10.09223	
8	-3.282043	-128.4687	0	137.6116	-29.20407	-23.81387	10.08279	
9	-3.047607	-128.4687	0	137.3771	-29.23358	-23.74316	9.988349	
10	-3.047607	-128.4687	0	137.3771	-29.26981	-23.74609	10.12338	
11	-3.047607	-127.9999	0	137.1427	-29.01871	-23.69589	9.987897	
12	-5.860809	-128.2343	0	137.6116	-27.95255	-23.97244	9.469962	
13	-4.219788	-128.2343	0	137.6116	-25.40732	-25.1676	9.884594	
14	-3.047607	-128.7032	0	137.6116	-20.55524	-27.62921	9.484674	
15	-2.109894	-128.7032	0	137.6116	-13.62775	-29.65323	10.00956	
16	-2.34433	-128.4688	0	137.846	-12.43588	-31.01596	10.82111	
17	-3.047607	-127.7654	0	137.6116	-12.9744	-31.19492	11.93869	
18	-6.798523	-128.4688	0	137.846	-12.67914	-31.30099	12.94717	
19	-2.813171	-128.4688	0	137.6116	-8.408173	-30.47565	13.30978	
20	-3.047607	-128.7032	0	137.846	-2.104309	-28.49164	10.90056	
21	-2.109894	-128.7032	0	137.846	2.080806	-25.57837	8.902197	
22	-1.641022	-121.2013	0	137.3771	3.689342	-22.91275	9.603103	
23	-0.234436	-104.3222	0	135.5017	3.633678	-16.64267	12.5277	
24	-1.875458	-94.00723	0	120.498	4.235969	-11.01089	11.33078	
25	-0.4688721	-70.56403	0	105.7288	4.194623	-6.033508	7.401711	
26	-0.234436	-56.73254	0	74.31493	1.036177	-3.19043	2.421191	
27	-0.4688721	-56.96698	0	62.82777	1.92373	-3.396637	4.634714	
28	-0.7032776	-55.09152	0	58.13913	4.888884	-1.883575	4.245011	
29	-2.813171	-42.90106	0	37.04024	7.506738	-0.9856567	5.395648	
30	-1.17215	-35.39923	0	23.44319	9.283508	1.276633	7.074035	
31	-0.7032776	-30.7106	0	12.65932	9.508352	0.7195257	6.549399	
32	0.7033006	-19.92673	0	13.83148	9.216321	1.085006	3.942229	
33	0.7033006	-15.94138	0	22.7399	6.63655	0.9358507	1.712761	
34	0.4688645	-11.25275	0	26.02194	2.569922	-0.1427307	-0.991333	
35	-1.17215	-9.142853	0	26.72524	0.04710065	-0.5594788	-1.0047	
36	1.067161E-07	-4.923096	0	27.1941	-0.8953552	-0.6227722	-3.6633	
37	-0.4688721	-1.875458	0	28.60069	-1.184021	-0.446991	-5.369263	
38	1.067208E-07	0.9377204	0	32.58603	-1.549652	-0.2756348	-9.344818	
39	1.067208E-07	-0.9377441	0	34.69593	-2.310669	-0.4418945	-9.892548	
40	-2.813171	1.406585	0	33.7582	-1.980713	-0.4761047	-10.97815	
41	-0.9377136	2.813178	0	32.82047	-2.252289	-0.3097534	-12.24341	
42	-0.234436	3.047607	0	32.3516	-1.679199	-0.3190918	-12.12375	
43	1.172157	3.750907	0	32.58603	-1.874664	-0.09381104	-10.50378	
44	0.7033005	2.109886	0	26.72524	-1.858093	0.5108252	-7.821747	
45	6.479998E-08	-0.9377441	0	24.61535	-1.641937	1.401958	-6.380096	
46	-3.282043	2.813178	0	18.52011	-1.207916	1.970645	-4.068512	
47	-0.234436	2.578742	0	15.70693	-0.9743042	2.426121	-3.491211	
48	-0.7032776	3.047606	0	8.439541	-0.9160156	2.90678	-2.403259	
49	0.7033007	-22.50549	0	-0.4688721	0.3135521	2.890168	0.5550598	
50	1.875458	-22.27106	0	-0.7033081	0.5747858	2.753822	0.5858162	
51	2.109886	-24.14648	0	1.64101	0.642469	2.829854	0.5423751	
52	-0.7032776	-23.20877	0	-0.9377441	0.8465212	2.598552	0.502047	
53	1.406593	-22.7399	0	-0.7033081	0.7921171	2.437614	0.4581278	
54	1.172157	-17.5824	0	-0.7033081	0.7585918	2.395083	0.4258978	
55	1.172157	-14.76923	0	-0.4688721	0.8963516	2.328932	0.4089134	
56	1.172157	-15.70694	0	3.516468	0.8005359	2.177375	0.3636851	
57	-1.641022	-12.19046	0	0.9377171	0.4668185	1.275845	0.4176784	
58	9.780916E-08	-5.391937	0	-0.7033081	0.7828665	-0.2119446	0.42477	
59	0.9377289	-3.282043	0	-0.7033081	1.16866	-1.291504	0.3422009	
60	1.172157	-2.34433	0	-0.234436	0.9853977	-2.077911	0.3559667	
61	0.9377289	-2.34433	0	-0.7033081	1.529811	-3.014648	0.2357884	
62	1.406593	-6.095245	0	2.344311	1.411131	-3.500397	0.2836326	
63	-1.406586	-2.109894	0	-1.152353E-05	1.245368	-3.993591	0.3241318	
64	0.4688645	-2.109894	0	-0.234436	0.9624971	-3.998749	0.3406565	
65	0.4688645	-1.406616	0	-0.7033081	0.8144136	-4.133331	0.3494476	
66	2.344322	-1.17215	0	-0.7033081	0.7154891	-4.093079	0.3481539	
67	2.109886	-1.17215	0	-1.148381E-05	0.5825149	-3.586365	0.3175902	
68	1.406593	-3.516479	0	0.9377173	0.6637987	-3.131775	0.2926815	
69	-0.234436	-1.17215	0	-0.9377441	0.6413501	-3.132324	0.2803461	
70	2.109886	-1.406586	0	-0.234436	0.6413501	-3.132324	0.2803461	
71	1.641022	-2.109894	0	-0.9377441	0.6413501	-3.132324	0.2803461	
72	1.172158	-2.109894	0	-0.234436	0.6065688	-3.132385	0.2904677	
73	0.703301	-5.860809	0	3.750897	0.5145544	-3.133057	0.2983766	
74	-2.34433	-2.109894	0	-0.7033081	0.5145544	-3.133057	0.2983766	
75	0.9377293	-1.875458	0	0.2344168	0.5145544	-3.133057	0.2983766	
76	0.4688649	-2.109894	0	-0.234436	0.5145544	-3.133057	0.2983766	
77	0.4688649	-1.875458	0	-0.234436	0.5145544	-3.133057	0.2983766	
78	0.4688649	-4.923096	0	2.109875	0.5145544	-3.133057	0.2983766	
79	-1.406586	-2.578766	0	-0.4688721	0.5145544	-3.133057	0.2983766	
80	1.172158	-2.34433	0	-0.7033081	0.5145544	-3.133057	0.2983766	
81	1.172158	-2.109894	0	-0.234436	0.5139498	-3.075806	0.2974017	


Angle MV instances
Rotate	3.282043	3.282043	3.516479	2.578735	2.813202	3.750916	3.985352	2.109894	2.813171	3.282043	3.047607	
ChildRotate	127.7654	7.501831	16.8791	10.315	23.44321	13.83148	12.19046	7.501831	4.688629	10.78387	3.985352	4.688629	2.109894	4.219757	3.047638	25.5531	5.157501	2.813171	3.516479	6.798523	2.109894	3.750916	3.985352	2.34433	2.34433	3.750916	3.750916	3.047638	2.34433	
RotateInverse	
ChildRotateInverse	137.6116	15.00366	14.76921	31.41389	11.48716	4.688644	21.09888	13.59705	10.78387	8.908417	3.282042	3.985342	2.109898	5.86079	2.109894	6.09523	2.813188	7.267386	8.908413	3.98534	2.578751	2.344322	3.985333	4.454205	
Docking x	30.34079	2.545227	4.852081	6.92749	4.270966	6.303864	3.158446	2.965154	2.617854	2.579771	4.066628	2.522822	
Docking y	23.20798	2.461609	2.024017	2.913269	2.665619	6.270081	5.631775	4.977386	2.843079	
Docking z	10.37331	2.409228	2.9246	3.929073	4.98052	2.213522	2.60717	2.229468	2.6586	3.975555	2.682037	2.311584	
Total MV Amount	857.2642


Angle TRE instances
Rotate	2	12	13	18	19	
ChildRotate	37	49	59	62	63	73	74	
RotateInverse	1	
ChildRotateInverse	50	
Docking x	21	29	34	
Docking y	27	
Docking z	27	29	32	37	46	
Total TRE Count	22


Correct Angles	Rotate	ChildRotate	RotateInverse	ChildRotateInverse	Docking x	Docking y	Docking z
	0	0	0	1.295111E-21	0	0	0

Angle Error	Rotate	ChildRotate	RotateInverse	ChildRotateInverse	Docking x	Docking y	Docking z
	0.7033008	2.109894	0	1.137854E-05	0.5139498	3.075806	0.2974017

Time Taken	Hours	Minutes	Seconds	Milliseconds	Seconds float	Completion time
	0	0	4	829	4.829432	00h:00m:04s:829ms

Final Results	Tester Name	Time of Test	Dock Shape Style	Virtual Device Visible	Time Taken	Shape Precision %	Orientation Precision %	Overall Precision %	Efficiency %	Difficulty	Total MV	Total TRE	
	0	2018-11-02_12:32:36	ZEROING DATA	True	00h:00m:04s:829ms	99.60928	99.37534	99.46822	100	1.439013E-24	857.2642	22	
