
Angles Over Time
Frames	Rotate	ChildRotate	RotateInverse	ChildRotateInverse	Docking x	Docking y	Docking z	
0	-21.08749	-105.9633	0	148.8759	85.61135	93.53514	106.9786	
1	-23.43182	-105.9633	0	148.8759	85.60074	92.73097	106.0298	
2	-21.32193	-105.7289	0	148.8759	85.5851	92.61246	105.9056	
3	-21.08752	-105.7289	0	149.1103	85.5882	90.54829	103.8809	
4	-20.38422	-105.7289	0	149.1103	85.58918	89.9784	103.385	
5	-20.38422	-105.7289	0	149.1103	85.58825	89.96031	103.4018	
6	-20.85309	-105.7289	0	148.8759	85.59447	89.86929	103.3621	
7	-22.02524	-105.7289	0	148.8759	85.56951	88.27817	101.9713	
8	-21.5564	-105.7289	0	149.1103	85.36748	80.44309	94.22226	
9	-20.61865	-105.9633	0	148.8759	85.12753	74.75832	88.60747	
10	-21.7908	-105.9633	0	148.8759	85.51655	61.8909	75.38335	
11	-21.5564	-105.7289	0	148.407	84.22223	31.15049	39.40412	
12	-9.365906	-105.4945	0	148.407	79.77246	9.148415	13.55235	
13	-3.505127	-98.69595	0	142.7806	72.02145	1.120128	7.291014	
14	-2.332947	-82.0513	0	128.4803	64.26839	-1.730621	6.462898	
15	-1.395233	-52.04401	0	115.8209	56.10783	-4.951508	1.952733	
16	-0.457489	-42.43228	0	90.03343	49.00923	-6.631714	-0.1719666	
17	-0.457489	-40.32239	0	66.59023	42.81599	-7.725555	3.539733	
18	-1.864075	-13.59714	0	64.01147	36.26449	-8.647888	2.004544	
19	-0.9263611	-0.4689636	0	60.02613	32.58701	-9.927277	-6.03125	
20	-0.223053	-9.167319E-05	0	27.67451	28.04816	-9.636108	-2.808838	
21	-0.9263611	-0.4689636	0	0.01153338	24.35158	-9.496857	0.4658602	
22	-0.457489	-3.047699	0	3.528013	21.23849	-9.991272	3.503984	
23	-2.332947	-1.641113	0	1.418127	19.4111	-10.45551	2.512951	
24	-0.9263611	-0.7033691	0	-0.2229004	13.83111	-10.87857	4.26721	
25	0.2457968	0.4687729	0	-0.2229004	7.269037	-11.56561	5.5978	
26	1.183526	0.9376372	0	0.714834	2.819127	-10.97113	5.905182	
27	0.7146611	1.172073	0	0.4803981	1.123157	-9.558899	4.954997	
28	0.7146609	-1.172241	0	1.652563	-0.4162598	-8.398315	4.059608	
29	-1.160797	-0.2345276	0	0.2459695	-1.465973	-7.28479	5.277602	
30	0.0113682	-9.167376E-05	0	0.480398	-2.627441	-6.558075	5.711606	
31	-0.457489	-0.2345276	0	0.01153361	-3.582611	-5.588501	5.806221	
32	0.2457966	0.4687728	0	0.714834	-3.529694	-4.599426	4.382587	
33	-0.457489	-0.2345276	0	0.01153358	-2.994354	-3.698975	2.897868	
34	-0.691925	-1.172241	0	5.403471	-2.954071	-2.791077	1.385944	
35	-1.629669	0.4687727	0	6.106771	-2.497284	-1.525574	0.6350928	
36	-0.9263611	0.4687727	0	8.685521	-2.508789	-1.273254	-0.6894531	
37	0.2457967	0.4687727	0	10.79541	-2.437775	-1.124268	-1.372864	
38	-0.9263611	0.4687727	0	14.54632	-2.079285	-0.9822388	-1.942627	
39	-1.395233	-2.813263	0	17.12507	-1.398621	-0.8847046	-2.459534	
40	-4.208405	-0.7033997	0	15.71848	-1.274292	-0.9460754	-2.677917	
41	-2.332947	0.4687727	0	11.73314	-0.8366699	-0.671051	-1.15036	
42	-2.801819	1.172073	0	4.700178	-0.4487	-0.5843201	0.542657	
43	-2.801819	0.2343442	0	3.528013	-0.1518555	-0.5160828	0.7377764	
44	-3.036255	-7.501923	0	0.0115338	-0.07366943	-0.5960693	0.7924778	
45	-3.505127	-16.41034	0	4.465743	-0.2122803	-0.9548035	0.6768642	
46	-7.256012	-14.06601	0	0.01153383	-0.3591003	-1.441925	0.07709772	
47	-2.801819	-13.83157	0	-0.2229004	-0.7532959	-1.849426	-1.199768	
48	0.2457974	-12.65942	0	0.2459698	-0.8471375	-2.151001	-2.61676	
49	0.9490904	-13.3627	0	-0.2229004	-0.7875671	-2.339233	-2.609589	
50	1.183526	-12.89383	0	0.01153379	-0.7803955	-2.363312	-2.600769	
51	0.9490904	-15.00372	0	1.652563	-0.7705383	-2.617371	-1.831787	
52	-0.691925	-13.59714	0	-0.2229004	-0.8532715	-2.448181	-1.149841	
53	0.4802259	-13.3627	0	0.4803981	-0.9029236	-1.471405	-0.8671875	
54	-0.223053	-13.83157	0	-0.2229004	-0.925293	0.2091753	-0.8521423	
55	0.4802259	-13.83157	0	-0.2229004	-0.9373474	1.153592	-0.762207	
56	0.7146618	-15.23816	0	2.590292	-0.9263916	2.251472	-0.5603027	
57	-1.864075	-12.89386	0	1.418127	-0.9464722	2.944542	-0.5381165	
58	-0.691925	-10.78397	0	0.2459698	-0.9375	2.967873	-0.5460205	
59	1.417955	-10.78397	0	0.01153384	-0.8386841	3.009196	-0.3753357	
60	1.417955	-10.31509	0	0.01153384	-0.5269165	2.700334	-0.1536255	
61	1.417955	-9.142944	0	0.01153384	0.4560756	2.119441	0.01284522	
62	1.417955	-11.25284	0	1.418127	0.8092375	1.924578	0.06010978	
63	-0.691925	-8.674072	0	0.4803984	0.9743227	1.721117	0.1155593	
64	0.01136916	-8.439636	0	0.01153398	0.8911015	2.023227	0.1554025	
65	0.4802259	-8.674072	0	0.01153398	0.8588692	2.156234	0.2574542	
66	0.4802259	-5.626465	0	0.01153398	0.5302384	1.818183	0.3882162	
67	0.01136915	-7.736359	0	3.996878	0.01939242	2.055696	0.4736384	
68	-2.567383	-6.564178	0	2.355856	-0.1430359	2.283461	0.4727497	
69	-1.160797	-4.688721	0	0.01153418	-0.1659851	2.584129	0.4576539	
70	1.417955	-4.454285	0	0.4803986	-0.1651917	2.925951	0.4520457	
71	0.7146618	-4.454285	0	0.0115342	-0.1557312	3.210446	0.4400312	
72	1.417955	-4.454285	0	-0.2229004	-0.1557312	3.210446	0.4400312	
73	1.417955	-6.798615	0	1.418127	-0.1557312	3.210446	0.4400312	
74	-0.9263611	-4.688721	0	0.01153405	-0.1557312	3.210446	0.4400312	
75	1.417955	-4.454285	0	0.2459701	-0.1557312	3.210446	0.4400312	
76	0.7146618	-5.626465	0	-0.2229004	-0.1557312	3.210446	0.4400312	
77	1.183526	-5.392029	0	-0.2229004	-0.1557312	3.210446	0.4400312	
78	0.4802257	-8.908508	0	4.465743	-0.1806946	3.210585	0.4458602	
79	-3.036255	-5.157593	0	0.2459708	-0.1237183	3.072504	0.445277	
80	0.2457974	-5.157593	0	0.2459708	-0.1486206	2.510546	0.4440972	
81	0.01136894	-4.454285	0	-0.2229004	-0.2628479	1.989896	0.4433404	
82	1.183526	-3.751007	0	0.01153481	-0.2239685	1.502802	0.4631008	
83	1.183526	-3.985443	0	0.7148352	-0.2527466	0.3176333	0.5223103	
84	0.9490904	-5.860901	0	1.418128	-0.3670044	0.4148593	0.529029	
85	-0.9263611	-5.392029	0	-0.2229004	-0.2774048	0.5042188	0.5254225	
86	0.4802256	-4.923157	0	0.7148353	-0.1717834	0.5041014	0.5245576	
87	0.01136883	-4.923157	0	0.4803993	-0.155365	0.7961904	0.5207754	
88	0.2457972	-4.923157	0	0.2459709	-0.1464539	0.9426923	0.5109088	
89	0.01136883	-7.736359	0	4.70018	-0.1464539	0.9426923	0.5109088	
90	-3.505127	-4.688721	0	1.886993	-0.1464539	0.9426923	0.5109088	
91	-0.457489	-5.157593	0	0.01153523	-0.1446533	1.348861	0.4880813	
92	0.2457974	-4.923157	0	0.7148356	-0.1446533	1.348861	0.4880813	
93	-0.223053	-4.923157	0	0.0115352	-0.1441345	1.665781	0.4828751	
94	0.2457974	-4.923157	0	0.0115352	-0.1441345	1.665781	0.4828751	
95	-0.223053	-5.157593	0	1.886993	-0.1441345	1.665781	0.4828751	
96	0.4802259	-4.454285	0	-0.2229004	-0.1441345	1.665781	0.4828751	
97	1.417955	-3.985443	0	0.7148358	-0.1441345	1.665781	0.4828751	
98	-0.223053	-3.985443	0	-0.2229004	-0.1441345	1.665781	0.4828751	
99	1.183526	-3.985443	0	-0.2229004	-0.1441345	1.665781	0.4828751	
100	0.7146619	-5.157593	0	1.652565	-0.1441345	1.665781	0.4828751	
101	-0.223053	-3.985443	0	0.01153536	-0.144043	1.795004	0.4806527	
102	1.417955	-4.219879	0	0.01153536	-0.144043	1.795004	0.4806527	
103	1.417955	-4.219879	0	0.01153536	-0.1437988	1.860911	0.4796838	
104	1.183526	-3.985443	0	0.4803998	-0.1435242	2.079594	0.4760061	
105	0.7146617	-5.860901	0	2.121429	-0.1342773	2.283341	0.4653577	
106	-1.864075	-4.219879	0	-0.2229004	-0.1247864	2.608896	0.4527505	
107	1.183526	-4.923157	0	0.4803997	-0.1242981	2.852442	0.4487718	
108	-0.223053	-5.157593	0	-0.2229004	-0.1242981	2.852442	0.4487718	
109	0.4802259	-4.688721	0	0.01153522	-0.1242371	2.916998	0.4476739	
110	0.2457975	-7.970795	0	4.231315	-0.1236877	3.120913	0.444454	
111	-3.270691	-4.923157	0	0.7148357	-0.1236877	3.120913	0.444454	
112	0.01136896	-4.923157	0	0.7148357	-0.1236267	3.15319	0.4439053	


Angle MV instances
Rotate	21.08749	2.34433	2.109894	12.19049	5.860779	2.813171	3.750885	4.454193	3.047616	2.578752	3.51648	3.282052	3.516496	3.047638	3.516488	3.28206	
ChildRotate	105.9633	6.798523	16.64465	30.00729	9.611725	2.109894	26.72525	13.12817	2.578735	3.282036	2.109863	7.736267	8.908417	2.34433	2.109894	2.344299	2.109894	2.109894	2.578766	3.047607	2.109894	2.34433	2.109894	3.516479	3.750916	2.813202	3.047638	3.282074	3.047638	
RotateInverse	
ChildRotateInverse	148.8759	5.626373	14.30035	12.65933	25.78751	23.44321	2.578758	3.98534	32.35162	27.66298	3.516479	2.109886	5.391937	2.57875	2.109886	3.750916	2.57875	3.985342	7.03296	3.516479	4.454209	4.454209	2.813193	3.985344	2.344322	4.688643	4.219772	4.454209	2.813186	4.21978	3.516479	
Docking x	85.61135	4.449768	7.751007	7.753067	8.160561	7.098595	6.193245	6.551495	3.677479	4.538851	3.696579	3.113092	5.579988	6.562074	4.449911	
Docking y	93.53514	2.064171	7.835075	5.684769	12.86742	30.74041	22.00207	8.028287	3.220886	
Docking z	106.9786	2.024651	7.749084	5.614792	13.22412	35.97923	25.85178	6.261332	4.510165	3.7117	8.035794	3.222412	3.274698	3.038124	
Total MV Amount	1315.118


Angle TRE instances
Rotate	14	46	47	
ChildRotate	20	44	69	73	74	76	81	84	86	89	90	91	92	95	96	100	101	105	106	108	109	110	111	
RotateInverse	1	
ChildRotateInverse	22	34	42	
Docking x	27	
Docking y	14	16	32	
Docking z	16	19	20	25	27	29	32	
Total TRE Count	40


Correct Angles	Rotate	ChildRotate	RotateInverse	ChildRotateInverse	Docking x	Docking y	Docking z
	-2.512224E-31	-1.611493E-43	0	1.046043E-30	0	0	0

Angle Error	Rotate	ChildRotate	RotateInverse	ChildRotateInverse	Docking x	Docking y	Docking z
	0.223053	4.923157	0	0.01153525	0.1236267	3.15319	0.4439053

Time Taken	Hours	Minutes	Seconds	Milliseconds	Seconds float	Completion time
	0	0	6	675	6.675114	00h:00m:06s:675ms

Final Results	Tester Name	Time of Test	Dock Shape Style	Virtual Device Visible	Time Taken	Shape Precision %	Orientation Precision %	Overall Precision %	Efficiency %	Difficulty	Total MV	Total TRE	
	0	2018-11-02_12:29:58	ZEROING DATA	True	00h:00m:06s:675ms	99.28365	99.33387	99.29536	100	1.441406E-33	1315.118	40	
