
Angles Over Time
Frames	Rotate	ChildRotate	RotateInverse	ChildRotateInverse	Docking x	Docking y	Docking z	
0	-84.64603	-98.9303	0	91.17801	6.827547	-145.7206	-0.9362183	
1	-84.41159	-98.9303	0	91.17801	6.837202	-145.5638	-0.9282532	
2	-84.64603	-98.9303	0	90.94357	6.817555	-145.5337	-1.010406	
3	-84.64603	-98.69586	0	90.94357	6.828598	-145.5328	-0.9758301	
4	-84.64603	-98.69586	0	91.64687	6.821148	-145.5316	-0.9276428	
5	-84.64603	-98.69586	0	90.94357	6.927627	-145.5613	-0.823761	
6	-84.64603	-98.69586	0	90.70914	7.260706	-145.4643	-0.3196411	
7	-84.41159	-98.9303	0	90.94357	7.459011	-145.5187	-0.01531982	
8	-84.64603	-98.9303	0	90.94357	7.793515	-145.2891	0.5856903	
9	-84.64603	-100.1024	0	92.11575	7.808036	-145.1271	1.015347	
10	-81.83286	-101.509	0	90.94358	7.358362	-145.1728	0.01988616	
11	-74.56546	-101.509	0	81.80074	7.570461	-145.1187	0.08360112	
12	-68.00134	-101.7435	0	71.2513	7.905807	-145.0201	-0.2632446	
13	-64.01599	-101.7435	0	53.43447	8.133967	-144.409	-0.3511658	
14	-58.38965	-101.509	0	27.88138	8.47825	-144.8954	-0.8483276	
15	-57.4519	-101.509	0	23.89604	8.368278	-145.0472	-0.8985596	
16	-58.62408	-101.509	0	19.44183	8.457027	-145.0764	-0.5837097	
17	-54.87317	-97.52371	0	19.20739	8.589087	-145.0981	-0.9510193	
18	-54.16986	-75.25266	0	18.97296	8.391838	-144.0728	-0.6833191	
19	-51.12225	-63.29663	0	22.48944	8.168265	-135.3213	0.2935253	
20	-48.07462	-62.35889	0	25.06819	7.980103	-127.5687	1.146144	
21	-43.15155	-61.65561	0	24.59933	7.519045	-116.675	1.469153	
22	-28.38232	-61.18674	0	22.72387	6.755208	-103.1684	2.304449	
23	-19.2395	-60.9523	0	22.48944	6.038886	-90.51367	2.55814	
24	-4.704712	-54.38821	0	22.48944	5.181348	-78.26434	2.742472	
25	-0.7193604	-39.61899	0	21.55172	3.856562	-66.24121	2.980176	
26	-0.01605225	-33.28934	0	23.19274	2.687552	-53.04718	2.844059	
27	-2.360382	-21.56772	0	-0.01602173	1.615502	-39.53079	2.460804	
28	-1.188232	-1.875427	0	-3.532501	1.96118	-28.14291	1.705473	
29	-0.9537964	-1.640991	0	-3.298065	1.416267	-22.45801	1.46134	
30	-0.9537964	-1.406586	0	-3.298065	0.8126199	-15.14972	1.160049	
31	-0.7193604	-1.875427	0	0.6872674	0.3298247	-8.546234	0.8386884	
32	-4.704712	1.867887E-05	0	-1.422607	0.04658856	-4.47525	0.6458521	
33	-3.06369	1.406612	0	-3.532501	0.1790094	-0.5689392	0.3281996	
34	-0.9537964	1.875476	0	-3.766937	0.04365186	3.292195	0.1527537	
35	0.218362	2.578769	0	-3.532501	-0.08789063	5.866692	0.07851093	
36	0.218362	0.9377477	0	-3.532501	-0.4788208	5.85943	0.2463304	
37	-0.7193604	-3.282043	0	1.624996	-0.532959	5.859526	0.2759067	
38	-4.939148	1.406612	0	-2.594788	-0.5709534	5.859778	0.3039422	
39	-1.422668	0.7033116	0	-3.532501	-0.6179504	5.85239	0.3250462	
40	-0.9537964	1.406612	0	-3.298065	-0.6559448	5.852606	0.3530833	
41	-0.9537964	1.406612	0	-3.06366	-0.6866455	5.852674	0.3722896	
42	-1.657074	-2.578735	0	-1.422607	-0.7688599	5.591138	0.4152614	
43	-4.470276	-0.2344055	0	-1.891479	-0.7150269	3.206323	0.5642213	
44	-2.594818	2.109905	0	-3.766937	-0.6602783	0.2657512	0.7173679	
45	-0.9537964	2.344341	0	-2.829224	-0.6571045	-1.543945	0.8149154	
46	-0.7193604	2.813205	0	-3.766937	-0.6793518	-3.721405	0.9405239	
47	-0.01605225	2.109905	0	-3.298065	-0.6956177	-3.70578	0.9428018	
48	-0.7193604	-1.406586	0	0.9216956	-0.6512756	-3.456635	0.9411359	
49	-4.23584	1.406612	0	-2.125916	-0.6421204	-3.433716	0.9467617	
50	-1.188232	2.578769	0	-3.06366	-0.5783386	-3.432434	0.9353746	
51	-1.422668	1.875476	0	-3.532501	-0.6179199	-3.398285	0.9492976	
52	-0.9537964	2.578769	0	-3.298065	-0.7332764	-3.400055	0.9945292	
53	-1.188232	2.344341	0	-3.06366	-0.7398376	-3.399994	1.003923	
54	-1.422668	1.172176	0	-1.188202	-0.7557678	-3.40033	1.006765	
55	-1.422668	3.047634	0	-3.766937	-0.7883911	-3.375671	1.011529	
56	-1.188232	2.109905	0	-3.298065	-0.9163818	-2.580994	0.9751968	
57	-0.9537964	2.578769	0	-3.06366	-0.9568481	-1.793915	0.9150177	
58	-1.188232	2.109905	0	-3.532501	-0.9675598	-1.342529	0.8971487	
59	-0.9537964	-1.17215	0	2.328289	-0.936676	-1.185669	0.9018813	
60	-5.642426	2.578769	0	-3.532501	-0.936676	-1.185669	0.9018813	
61	-0.9537964	2.578769	0	-3.532501	-0.9821472	-1.186188	0.9254791	
62	-0.9537964	2.578769	0	-2.829224	-0.9888916	-1.186157	0.9347438	
63	-1.657074	2.578769	0	-3.06366	-0.995636	-1.186096	0.9440085	
64	-1.657074	-1.17215	0	0.687267	-0.995636	-1.186096	0.9440085	
65	-4.001404	2.344341	0	-3.532501	-0.995636	-1.186096	0.9440085	
66	-0.9537964	2.813205	0	-3.06366	-0.995636	-1.186096	0.9440085	


Angle MV instances
Rotate	84.64603	2.813171	7.267395	6.564117	3.985352	5.626343	3.750916	3.047607	3.047638	4.923065	14.76923	9.142822	14.53479	3.985352	2.34433	3.985352	2.109894	4.219788	3.516479	2.813202	3.516479	3.047607	4.688629	4.688629	2.34433	3.047607	
ChildRotate	98.9303	3.985321	22.27106	11.95602	6.564087	14.76923	6.329651	11.72162	19.69229	4.219791	2.34433	
RotateInverse	
ChildRotateInverse	91.17801	9.142845	10.54944	17.81683	25.55309	3.985342	4.45421	3.516478	2.578753	23.20876	3.516479	3.985332	2.109894	4.219761	2.578735	3.750927	4.219768	
Docking x	6.827547	
Docking y	145.7206	8.751526	7.752579	10.89372	13.50661	12.65469	12.24933	12.02313	13.19403	13.51639	11.38788	5.684906	7.308289	6.603485	4.070984	3.906311	3.861134	2.574497	2.384815	2.940572	2.17746	
Docking z	
Total MV Amount	937.5649


Angle TRE instances
Rotate	25	60	61	
ChildRotate	29	
RotateInverse	1	
ChildRotateInverse	28	
Docking x	26	
Docking y	33	35	43	
Docking z	1	
Total TRE Count	9


Correct Angles	Rotate	ChildRotate	RotateInverse	ChildRotateInverse	Docking x	Docking y	Docking z
	-1.017534E-17	-1.15941E-36	0	1.017534E-17	0	0	0

Angle Error	Rotate	ChildRotate	RotateInverse	ChildRotateInverse	Docking x	Docking y	Docking z
	1.188232	2.578769	0	2.594788	0.995636	1.186096	0.9440085

Time Taken	Hours	Minutes	Seconds	Milliseconds	Seconds float	Completion time
	0	0	3	959	3.95894	00h:00m:03s:959ms

Final Results	Tester Name	Time of Test	Dock Shape Style	Virtual Device Visible	Time Taken	Shape Precision %	Orientation Precision %	Overall Precision %	Efficiency %	Difficulty	Total MV	Total TRE	
	0	2018-11-02_12:36:18	ZEROING DATA	True	00h:00m:03s:959ms	99.11642	99.60554	99.24702	100	2.261187E-20	937.5649	9	
