
Angles Over Time
Frames	Rotate	ChildRotate	RotateInverse	ChildRotateInverse	Docking x	Docking y	Docking z	
0	-2.619385	-3.985352	0	1.834851	0	0	0	
1	-2.34433	3.047615	0	-2.34433	0	0	0	
2	0.4688644	3.047615	0	-1.641022	0	0	0	
3	0	3.047615	0	-2.109894	0	0	0	
4	0.4688644	2.813179	0	-2.34433	0	0	0	
5	0.234436	-0.234436	0	3.047615	0	0	0	
6	-3.047607	3.047615	0	-1.641022	0	0	0	
7	0	3.047615	0	-2.109894	0	0	0	
8	0	2.813179	0	-2.109894	0	0	0	
9	0.234436	2.578751	0	-2.109894	0	0	0	
10	0.234436	5.969683E-08	0	0.4688562	3.358621E-06	0.0005603842	0.01619612	
11	-2.578735	1.875458	0	-0.234436	0.1621261	-0.005859375	0.2596466	
12	-0.7032776	3.282043	0	-2.34433	0.2654799	0.1500201	0.943794	
13	0.2344361	4.219772	0	-2.109894	0.4084502	0.6687741	3.425814	
14	1.641029	4.454208	0	-1.406586	0.2981452	0.4886801	8.910715	
15	-1.875458	-2.813171	0	-2.109894	0.9909848	1.865075	15.07615	
16	-5.860779	-3.985352	0	2.109886	7.7023	3.422767	13.5881	
17	-8.439545	2.578751	0	9.611709	17.70971	3.57667	10.72675	
18	-6.564087	2.813179	0	11.48717	34.9185	6.937026	15.92079	
19	-25.5531	3.51648	0	-2.34433	48.2886	13.10957	38.59072	
20	-60.48346	-3.282043	0	-1.406586	49.41661	9.589571	49.11427	
21	-60.95233	-17.11353	0	-1.641022	52.20406	10.26948	50.80921	
22	-60.95233	-21.56775	0	0.2344279	54.32469	15.28909	54.63417	
23	-60.95233	-32.35162	0	-2.34433	55.03125	14.54868	50.5573	
24	-55.7948	-41.96332	0	8.439552	55.39306	15.30941	41.27154	
25	-36.10251	-49.93402	0	18.98899	58.21749	14.74029	24.49161	
26	-20.86444	-54.62265	0	28.83514	63.04782	12.5227	20.07895	
27	-19.92673	-68.45416	0	47.82413	71.39165	1.605944	2.790304	
28	-2.813171	-73.61166	0	48.76186	74.37615	-5.246246	-7.081268	
29	-0.7032776	-79.0036	0	65.64095	76.41509	1.906834	-3.511597	
30	0.2344386	-79.23804	0	94.71052	78.4435	19.48132	5.386608	
31	3.047618	-79.23804	0	122.8424	79.89977	56.80606	28.55883	
32	3.047618	-73.37723	0	132.4541	80.15212	85.80141	43.43145	
33	3.047618	-63.53107	0	131.5163	80.84534	83.57815	35.44443	
34	-5.626373	-62.82779	0	132.6885	82.07593	71.84736	21.79318	
35	-3.750916	-74.54938	0	132.2196	82.06259	64.42262	13.82427	
36	1.172168	-102.2124	0	127.531	80.0897	65.87096	20.24505	
37	1.406596	-125.1867	0	123.5457	76.78278	69.6587	30.46217	
38	1.406596	-123.3112	0	121.9046	75.13474	74.25015	39.53426	
39	-1.641022	-126.1244	0	123.3112	75.233	73.91836	38.79422	
40	0.4688672	-127.531	0	126.3588	75.04728	72.52889	35.85026	
41	1.172168	-128.4688	0	127.2966	76.58994	73.64955	36.07769	
42	2.344325	-128.4688	0	127.2966	77.44436	77.53667	37.69896	
43	2.578761	-127.7654	0	127.2966	78.41663	83.78232	41.70401	
44	2.109896	-127.531	0	128.4687	79.53022	83.96892	39.76458	
45	0.2344387	-135.5017	0	132.6885	78.09984	89.05686	42.45065	
46	1.172168	-136.9083	0	133.8607	76.04993	90.82189	42.29115	
47	1.406596	-138.5493	0	134.0951	76.10522	86.20713	35.00265	
48	1.172168	-140.4248	0	134.0951	76.91914	88.63473	33.39075	
49	1.172168	-138.5493	0	132.2196	77.9957	90.7418	32.8891	
50	-1.875458	-140.8936	0	133.3918	77.26582	85.43108	31.90695	
51	-1.641022	-142.7691	0	134.3295	77.49178	79.21432	31.95941	
52	-8.439545	-143.2379	0	134.0951	79.76895	73.20872	28.77316	
53	-12.4249	-144.4101	0	134.0951	81.16589	64.01418	21.53743	
54	-12.65933	-144.4101	0	134.0951	82.62624	63.33117	22.02724	
55	-12.65933	-140.8936	0	133.1574	82.53549	61.10759	21.82194	
56	-14.06592	-143.0035	0	134.0951	81.93385	59.27118	22.69651	
57	-13.59705	-143.0035	0	133.8607	80.90913	54.80545	18.92148	
58	-13.36261	-143.0035	0	134.3295	79.57527	54.90362	18.9544	
59	-13.12817	-143.0035	0	134.3295	77.44824	60.42458	23.67154	
60	-13.36261	-138.7838	0	131.7508	78.24271	64.79495	26.97452	
61	-15.23807	-141.3625	0	132.9229	79.65746	69.94073	30.83125	
62	-14.30035	-142.5347	0	134.3295	78.81815	74.34476	34.66992	
63	-13.12817	-144.4101	0	134.0951	78.49215	72.04641	32.1392	
64	-12.19046	-144.1757	0	134.0951	79.49111	71.02666	30.39912	
65	-12.4249	-144.4101	0	134.0951	80.01157	69.62428	28.04768	
66	-12.19046	-141.1281	0	133.1574	79.95459	65.36607	23.1263	
67	-14.06592	-142.7691	0	134.3295	80.1115	61.16981	19.02415	
68	-13.12817	-142.5346	0	134.0951	80.14355	58.23696	16.14414	
69	-12.89377	-143.2379	0	134.0951	80.16689	56.31528	14.19142	
70	-13.12817	-142.5346	0	134.3295	80.14769	52.72491	10.71507	
71	-13.12817	-138.0804	0	131.9852	80.44222	51.99573	10.13863	
72	-15.23807	-143.0035	0	133.1574	81.00636	52.54917	10.79518	
73	-13.36261	-142.0658	0	134.3295	80.69604	51.16214	9.798321	
74	-12.89377	-142.7691	0	134.0951	80.1992	48.86363	7.774508	


Angle MV instances
Rotate	2.619385	3.282043	3.047607	2.813171	3.985321	2.578766	18.98901	34.93036	5.157532	19.69229	15.23807	17.11356	2.109894	2.813179	8.673991	4.923083	6.798523	3.985352	2.109894	
ChildRotate	3.985352	3.047615	3.282051	2.578751	13.83148	4.454224	10.78387	9.611694	7.970703	4.688629	13.83151	5.157501	5.391937	5.860809	9.846161	11.72159	27.66299	22.97433	2.813171	7.970703	2.344315	3.516479	2.109894	4.219772	2.578751	3.282043	4.454193	4.923065	
RotateInverse	
ChildRotateInverse	2.109894	7.501823	13.8315	2.578758	10.78388	10.54944	9.846146	18.98899	16.8791	29.06956	28.13184	9.61171	4.688637	3.985344	3.047615	4.219772	2.578751	2.34433	
Docking x	6.711315	10.00741	17.2088	13.37009	2.787441	2.120632	2.824432	4.83033	8.34383	2.984497	2.03894	2.028412	3.306923	2.049904	2.277168	2.127029	
Docking y	3.360355	6.172542	3.519997	5.019614	2.217592	10.91676	6.85219	7.15308	17.57449	37.32475	28.99535	2.223267	11.73079	7.424744	3.787743	4.591454	3.887123	6.245644	5.087944	4.614761	2.427597	2.107071	5.310715	6.216759	6.005608	9.194542	2.223576	4.465729	5.520958	4.370373	5.145782	4.40403	2.298355	4.258209	4.196266	2.932846	3.590363	2.298512	
Docking z	2.48202	5.484901	6.165437	2.861351	5.194044	22.66993	10.52355	3.824955	4.07687	9.285755	16.77993	4.412657	17.28865	9.871572	3.569672	23.17222	14.87262	7.987019	13.65125	7.968909	6.420779	10.21712	9.072094	2.943966	4.005051	2.686062	7.288498	3.186253	7.235722	3.775026	4.717146	3.30298	3.856731	3.838663	2.530716	2.351448	4.921375	4.102154	2.880009	3.476351	2.023813	
Total MV Amount	1174.161


Angle TRE instances
Rotate	1	16	28	34	35	52	
ChildRotate	
RotateInverse	1	
ChildRotateInverse	
Docking x	
Docking y	33	34	43	45	47	49	50	52	
Docking z	24	25	33	34	38	43	44	45	47	52	62	64	
Total TRE Count	25


Correct Angles	Rotate	ChildRotate	RotateInverse	ChildRotateInverse	Docking x	Docking y	Docking z
	-1.611493E-43	-150	0	150	68.51711	83.86154	36.28172

Angle Error	Rotate	ChildRotate	RotateInverse	ChildRotateInverse	Docking x	Docking y	Docking z
	13.12817	7.465363	0	15.90491	11.51221	35.79249	29.13103

Time Taken	Hours	Minutes	Seconds	Milliseconds	Seconds float	Completion time
	0	0	4	442	4.44215	00h:00m:04s:442ms

Final Results	Tester Name	Time of Test	Dock Shape Style	Virtual Device Visible	Time Taken	Shape Precision %	Orientation Precision %	Overall Precision %	Efficiency %	Difficulty	Total MV	Total TRE	
	1	2018-11-11_13:49:33	Presets_dockPreset_1	False	00h:00m:04s:442ms	94.93077	87.97713	91.03697	84.69746	0.542956	1174.161	25	
