
Angles Over Time
Frames	Rotate	ChildRotate	RotateInverse	ChildRotateInverse	Docking x	Docking y	Docking z	
0	-2.250671	-142.0658	0	138.643	67.79826	82.88345	84.4817	
1	-7.408173	-143.9413	0	139.1118	67.76482	83.55573	84.77886	
2	-4.360565	-145.5823	0	139.3463	67.98082	84.45595	84.83744	
3	-2.485107	-144.879	0	139.5807	67.90278	84.18155	84.3626	
4	-2.485107	-145.3478	0	139.3463	67.8165	82.15303	81.93707	
5	-2.719543	-145.1134	0	139.5807	67.64753	76.44538	75.98945	
6	-2.250671	-142.3002	0	138.4085	67.86384	67.20867	66.16122	
7	-8.111481	-144.879	0	139.3463	65.85962	46.2277	44.65522	
8	-2.719543	-145.1134	0	139.3463	59.13195	28.08629	25.28567	
9	-2.485107	-145.5823	0	139.5807	49.09297	18.35092	14.21977	
10	-0.3752136	-143.4724	0	139.3463	38.47561	9.883234	5.963789	
11	-0.1407776	-132.6885	0	139.3463	31.20165	4.152308	0.6216067	
12	0.3280762	-116.7471	0	138.8774	22.4483	1.43696	-3.090485	
13	-4.126129	-91.42847	0	139.3463	11.86906	3.677813	-7.350677	
14	-0.6096497	-53.21606	0	139.1118	5.280715	7.677564	-18.93356	
15	-1.547363	-1.17215	0	139.1118	2.694624	12.86271	-27.88394	
16	0.09364726	-0.7033081	0	133.0166	7.538283	13.47829	-28.35382	
17	-0.3752136	-6.095245	0	103.0093	9.00878	12.00789	-23.13327	
18	-4.829437	-3.047607	0	62.92142	9.072839	9.232317	-16.03784	
19	-1.781799	-0.7033081	0	41.11926	8.895223	8.141469	-3.336029	
20	-1.781799	-7.032959	0	24.47458	9.129009	6.321586	-2.097961	
21	0.5625117	-7.032959	0	20.72367	10.29794	5.300006	-0.03262329	
22	0.09364739	-6.564087	0	17.91048	9.19361	5.037285	0.7008259	
23	-0.1407776	-6.329651	0	19.55151	8.306236	4.84151	0.02782267	
24	-3.422821	-3.047607	0	17.20719	5.097487	4.274346	-0.2898254	
25	-1.312958	-2.578766	0	5.485585	2.237988	3.647312	-0.8235168	
26	-1.078522	-2.34433	0	-0.3752136	1.676358	3.60251	-0.8127747	
27	-0.3752136	-1.875458	0	0.5625125	1.334378	3.469893	-0.9675903	
28	-0.8440857	-7.267395	0	1.969106	1.387001	2.30256	-0.9354553	
29	-5.298279	-4.688629	0	2.43797	1.28726	2.043705	-0.9364929	
30	-2.485107	-2.109894	0	-1.312927	1.206345	2.044359	-0.9397583	
31	-0.1407776	-0.7033081	0	-0.3752136	1.182393	2.044284	-0.9488525	
32	1.969105	-1.641022	0	0.3280843	1.150026	2.04455	-0.9501343	
33	-0.8440857	-1.641022	0	-0.3752136	1.109243	2.045151	-0.9436951	
34	-0.3752136	-7.736267	0	7.126615	0.9475235	2.051651	-0.7635498	
35	-6.001587	-3.516479	0	1.734678	0.7882512	2.056834	-0.6321411	
36	-0.3752136	-1.641022	0	0.7969487	0.5399867	2.053414	-0.5122375	
37	-0.6096497	-2.578766	0	-0.1407776	0.5076137	2.053564	-0.5135498	
38	-0.1407776	-1.875458	0	-0.1407776	0.5076137	2.053564	-0.5135498	
39	-0.1407776	-1.641022	0	0.5625127	0.5076137	2.053564	-0.5135498	
40	-1.078522	-2.578766	0	3.610128	0.5212802	2.798763	-0.551239	
41	-1.312958	-0.7033081	0	-0.1407776	0.5212802	2.798763	-0.551239	
42	1.50024	6.93678E-07	0	0.3280845	0.5135671	2.79858	-0.5597229	


Angle MV instances
Rotate	2.250671	5.157501	3.047607	5.860809	5.391937	2.109894	4.454206	3.516479	4.454224	3.047638	3.282043	2.109863	4.454193	2.813171	2.34433	5.626373	5.626373	
ChildRotate	142.0658	2.813171	2.578751	2.109894	10.78386	15.94139	25.31866	38.2124	52.04391	5.391937	3.047638	2.344299	6.329651	3.282043	5.391937	2.578766	2.578735	6.095245	4.219788	
RotateInverse	
ChildRotateInverse	138.643	6.09523	30.0073	40.08788	21.80217	16.64468	3.75091	2.813189	2.344322	11.7216	5.860798	7.501828	5.391937	3.047615	3.750905	
Docking x	67.79826	2.004219	6.727665	10.03899	10.61736	7.273962	8.753355	10.57924	6.588341	2.586092	4.843659	3.208749	2.8595	
Docking y	82.88345	2.028519	5.707649	9.23671	20.98097	18.14141	9.735376	8.467682	5.730926	2.715348	2.240853	3.999751	5.185143	2.775574	
Docking z	84.4817	2.425529	5.947624	9.828224	21.50601	19.36955	11.0659	8.255985	5.342182	3.712091	4.260193	11.58289	8.950378	5.220551	7.095428	12.70181	2.065338	
Total MV Amount	1245.658


Angle TRE instances
Rotate	2	7	8	29	30	35	36	
ChildRotate	16	17	18	20	24	28	29	34	35	
RotateInverse	1	
ChildRotateInverse	27	34	35	
Docking x	25	
Docking y	12	14	23	
Docking z	12	13	19	
Total TRE Count	26


Correct Angles	Rotate	ChildRotate	RotateInverse	ChildRotateInverse	Docking x	Docking y	Docking z
	-5.515576E-31	-4.724004E-23	0	8.360243E-11	0	0	0

Angle Error	Rotate	ChildRotate	RotateInverse	ChildRotateInverse	Docking x	Docking y	Docking z
	0.7969396	0.7033081	0	0.1407776	0.5135671	2.79858	0.5597229

Time Taken	Hours	Minutes	Seconds	Milliseconds	Seconds float	Completion time
	0	0	2	535	2.534729	00h:00m:02s:535ms

Final Results	Tester Name	Time of Test	Dock Shape Style	Virtual Device Visible	Time Taken	Shape Precision %	Orientation Precision %	Overall Precision %	Efficiency %	Difficulty	Total MV	Total TRE	
	1	2018-11-11_13:45:36	ZEROING DATA	True	00h:00m:02s:535ms	99.77208	99.37809	99.56247	100	9.289159E-14	1245.658	26	
