
Angles Over Time
Frames	Rotate	ChildRotate	RotateInverse	ChildRotateInverse	Docking x	Docking y	Docking z	
0	1.873153	1.172153	0	-0.002298767	0	0	0	
1	3.047615	0.234436	0	-0.234436	0.0005263847	-0.05718994	0.000958797	
2	3.282051	0.7033004	0	0.234436	0.0005263847	-0.05718994	0.000958797	
3	2.813187	0.4688644	0	0.4688644	0.004149952	-0.4861755	0.008304678	
4	2.578751	-2.578766	0	2.109886	0.004149952	-0.4861755	0.008304678	
5	0.2344359	0.4688644	0	-0.234436	0.004149952	-0.4861755	0.008304678	
6	3.047615	0.4688644	0	-1.867626E-07	0.004308456	-0.5115662	0.008766954	
7	3.282051	0.4688644	0	0.4688643	0.4217314	-0.5087585	0.2806392	
8	2.813186	0.4688644	0	0.2344358	0.3498025	-0.7418823	0.5829726	
9	2.813186	0.2344359	0	9.377281	1.372714	-1.958557	0.6855462	
10	2.344322	-0.9377136	0	10.54944	3.170491	-2.889923	8.184405	
11	-1.17215	0.234436	0	0.2344367	8.161937	-3.144257	12.12914	
12	-3.047607	0.4688644	0	0.4688651	14.85669	-2.26532	10.82971	
13	-2.109894	0.4688644	0	4.21978	23.85923	0.3134086	6.522619	
14	-2.813171	0.4688644	0	11.0183	30.63898	3.573174	0.2751636	
15	-2.813171	-3.282043	0	14.53478	34.11958	5.41006	-1.515625	
16	-3.750916	-0.4688721	0	12.19047	36.66136	6.498276	-0.7357178	
17	-1.17215	0.2344362	0	10.78388	39.32948	6.620164	-0.06137085	
18	-1.17215	-10.54944	0	10.54944	43.97689	6.411837	0.7713673	
19	0.4688639	-21.56775	0	10.54944	47.45328	3.686998	0.2749536	
20	1.406593	-23.67761	0	10.54944	46.31258	-3.458771	-6.463745	
21	1.172164	-38.91571	0	12.19047	46.28649	-8.226166	-8.967896	
22	-0.7033081	-43.1355	0	10.54944	49.26822	-6.479645	-5.067657	
23	0.4688639	-44.30765	0	10.54944	50.65874	-6.007233	-2.609772	
24	0.4688639	-45.01096	0	11.95603	52.22579	-5.932556	-1.687134	
25	0.2344355	-48.76184	0	13.59706	55.50814	-5.224213	0.02992977	
26	-5.069271E-07	-48.76184	0	14.53478	58.82493	-4.035797	6.031215	
27	-17.34796	-48.99628	0	1.875459	60.92081	-0.4024048	24.93069	
28	-50.40289	-48.05856	0	-0.234436	62.4424	4.998253	42.3271	
29	-63.99994	-47.58969	0	0.7033014	62.78243	7.119616	45.6661	
30	-64.93765	-47.82413	0	-0.234436	62.28415	5.702631	42.70499	
31	-64.70325	-49.23071	0	0.234437	61.74404	3.663793	38.28842	
32	-63.29663	-61.89005	0	4.923074	61.12775	1.733447	33.27338	
33	-50.16846	-82.75449	0	-0.234436	59.46968	0.8311248	27.72222	
34	-22.27106	-96.11713	0	-0.234436	55.68655	-2.090149	17.41099	
35	-2.109894	-96.35156	0	0.2344374	54.05949	-3.950195	16.18254	
36	-1.17215	-97.05484	0	0.4688659	56.18624	-5.752991	13.59296	
37	-1.406586	-97.05484	0	-0.234436	57.83443	-6.46521	12.35011	
38	-0.9377441	-95.17938	0	1.641031	58.80128	-6.792999	11.11165	
39	-3.282043	-96.58597	0	11.25274	59.41182	-6.033173	10.21239	
40	-2.34433	-95.88269	0	27.19411	60.83284	-4.28302	8.028003	
41	-1.875458	-95.88269	0	44.77652	62.45537	0.2255542	7.19025	
42	-2.109894	-90.02188	0	61.42119	63.26205	5.348103	7.911862	
43	-2.109894	-78.06586	0	69.39188	63.07875	12.50371	8.571913	
44	-5.157501	-67.75085	0	69.39188	62.91023	11.78751	8.637642	
45	-12.65933	-59.54575	0	66.34426	62.20082	10.80779	12.34059	
46	-33.75821	-57.43585	0	46.88641	61.31364	12.96127	25.56618	
47	-53.91937	-55.79483	0	26.72526	60.27677	13.16299	39.42533	
48	-68.923	-55.56039	0	22.03662	58.73417	12.94772	47.20556	
49	-72.90836	-55.56039	0	23.67764	58.50879	12.52745	47.45072	
50	-72.20508	-55.56039	0	22.03662	59.45168	12.16094	47.2076	
51	-72.67392	-55.79483	0	22.50549	60.96096	13.0403	46.74065	
52	-72.67392	-58.84244	0	22.73992	62.00261	14.16132	45.87014	
53	-70.32962	-71.0329	0	29.53844	63.15056	15.2138	43.73853	
54	-58.13916	-78.76917	0	39.15015	63.7757	15.90467	39.1571	
55	-45.24539	-82.28564	0	40.79118	64.6368	15.93805	34.92771	
56	-39.38458	-82.98892	0	40.08789	65.20683	15.25143	32.56997	
57	-33.75821	-83.22336	0	39.85345	66.79916	14.43081	29.28407	
58	-27.19412	-83.22336	0	37.2747	70.447	14.6584	29.20214	
59	-26.25641	-81.3479	0	30.00731	73.98506	13.88846	28.7362	
60	-26.72525	-72.43948	0	27.19412	76.98564	14.16147	27.69707	
61	-27.66299	-65.40652	0	22.50549	78.16193	14.56158	28.03074	
62	-27.19412	-64.46878	0	12.19048	77.39189	15.13795	30.60974	
63	-33.5238	-64.46878	0	0.70331	75.35138	15.24063	36.28409	
64	-37.04028	-72.67392	0	0.468874	73.11378	14.76651	40.24788	
65	-36.80585	-76.65924	0	2.813196	72.24943	18.27455	45.61583	
66	-37.04028	-86.03653	0	2.109896	71.44714	24.83896	52.00683	
67	-29.06958	-93.7728	0	0.2344455	70.38169	29.94057	54.36729	
68	-17.34799	-94.24167	0	0.2344455	68.34464	26.84024	48.90788	
69	-11.25275	-94.00723	0	9.510918E-06	68.17765	24.70663	45.06269	
70	-6.095245	-93.53836	0	9.510918E-06	66.96169	22.41237	40.38635	
71	-2.813202	-90.25632	0	5.157518	62.55451	16.65816	34.74609	
72	-4.68866	-90.49075	0	-0.2344055	58.28151	13.98002	29.71658	
73	-0.7033081	-84.62994	0	0.2344452	55.82756	14.63034	26.99722	
74	-1.356484E-05	-76.42484	0	9.204728E-06	56.64465	16.42606	25.49495	
75	0.2344225	-70.56403	0	0.7033097	58.76523	18.86723	26.97691	
76	-0.234436	-70.09515	0	0.2344453	62.13565	20.59361	28.00155	
77	-3.750916	-69.62628	0	2.344332	65.77569	20.03881	31.75017	
78	-14.76923	-76.42484	0	9.176146E-06	68.60088	18.09649	36.187	
79	-14.53479	-79.94131	0	-0.2344055	71.8679	18.6048	38.66131	
80	-14.76923	-80.17575	0	-0.2344055	74.73393	17.46435	38.07683	
81	-14.53479	-79.94131	0	0.7033097	75.58086	16.79303	37.25813	
82	-14.76923	-76.65924	0	4.219789	74.83599	20.09109	41.52642	
83	-16.64468	-67.98529	0	2.344332	73.51763	22.64457	45.42349	
84	-21.80219	-58.13913	0	0.4688736	74.2602	26.55615	50.61777	
85	-32.8205	-56.26367	0	-0.4688416	74.05884	28.54675	52.34403	
86	-32.8205	-56.26367	0	9.017909E-06	74.34631	29.38788	52.91536	
87	-33.05493	-70.56403	0	0.4688734	75.02533	28.60323	51.90433	
88	-33.28937	-84.62994	0	5.86081	74.85987	22.4578	43.02759	
89	-22.73993	-95.41382	0	-0.2344055	75.01392	15.58868	35.05677	
90	-12.4249	-98.69586	0	-0.2344055	76.66695	6.868363	25.3018	
91	-9.377289	-99.63361	0	8.857883E-06	78.81396	3.595064	21.23432	
92	-7.501831	-99.39917	0	-0.2344055	80.80983	5.761246	21.10389	
93	-5.860809	-99.39917	0	-0.2344055	83.75816	6.606977	19.41357	
94	-4.68866	-97.52368	0	1.641038	87.26298	-2.703522	6.634798	
95	-5.860809	-98.9303	0	3.516488	89.04366	-75.21045	-73.15146	
96	-3.516479	-95.88266	0	15.23809	88.14967	-114.2119	-119.7454	
97	-3.750916	-95.88266	0	14.53479	89.281	-131.274	-136.1285	
98	-3.516479	-95.41382	0	11.25275	89.75451	123.9128	121.6084	
99	-3.516479	-89.78745	0	10.54945	87.80055	57.06475	57.6786	
100	-6.564117	-80.64459	0	5.860809	85.9234	64.04543	67.77171	
101	-15.2381	-71.73618	0	-0.2344055	85.1201	64.49398	70.23823	
102	-23.20877	-67.51642	0	8.004111E-06	84.37273	58.80473	65.54253	
103	-24.38095	-66.81311	0	8.004111E-06	84.10419	52.68983	59.21304	
104	-24.38095	-66.57867	0	8.004111E-06	84.77161	54.8375	60.28508	
105	-24.84979	-64.70322	0	4.688653	84.86454	55.66402	59.01447	
106	-26.02197	-66.34424	0	0.2344442	84.98859	55.67975	55.23573	
107	-25.08423	-66.1098	0	17.11355	85.82979	46.42856	36.3935	
108	-17.81683	-68.68857	0	26.49083	86.84608	34.07935	15.52359	
109	-6.095245	-73.3772	0	28.83514	88.04425	14.81948	-8.479889	
110	-1.406616	-74.54938	0	28.60071	88.98163	10.27356	-13.59186	
111	-0.9377441	-74.78381	0	30.00731	88.63527	15.39983	-8.469177	
112	-2.813202	-75.72153	0	28.83514	88.46762	22.97707	-0.9131775	
113	-1.641022	-75.48709	0	28.83514	88.30662	24.9586	1.21624	
114	-1.875458	-75.72153	0	29.06958	88.30062	24.40936	0.4055279	
115	-1.875458	-75.72153	0	28.60071	88.24187	23.1545	-0.925354	


Angle MV instances
Rotate	2.344315	2.813179	2.578766	17.34796	33.05493	13.59705	13.12817	27.8974	20.16116	2.344299	3.047607	7.501831	21.09888	20.16116	15.00363	3.985352	2.344299	12.19046	12.89377	5.860809	5.626373	6.564087	6.329681	3.516479	7.970703	11.72159	6.095245	5.157501	3.282043	3.985352	3.516479	11.01831	5.157501	11.01831	10.54944	10.31503	3.047607	2.34433	3.047638	8.673981	7.970673	7.267395	11.72159	4.688629	
ChildRotate	3.04763	3.04763	3.750908	2.813171	10.78387	11.01831	2.109863	15.2381	4.219788	3.750885	12.65933	20.86444	13.36264	5.860809	11.95602	10.315	8.205109	2.109894	3.047607	12.19046	7.736267	3.516479	8.908417	7.032959	8.205139	3.985321	9.377289	7.736267	3.282043	5.860809	8.205109	5.860809	6.798553	3.516479	3.282074	8.67395	9.846161	14.30035	14.06592	10.78387	3.282043	3.047638	5.626373	9.142853	8.908417	4.219757	2.578766	4.688629	
RotateInverse	
ChildRotateInverse	9.142845	10.315	3.750915	6.798523	3.516479	2.344315	12.65933	4.688637	5.15751	9.61171	15.94137	17.5824	16.64467	7.970695	3.047623	19.45785	20.16116	4.688635	6.798529	9.611706	2.578751	7.267391	2.813185	4.688635	10.31501	11.48717	2.344322	5.157509	5.391924	2.109886	2.344322	3.516479	5.391937	6.095216	11.7216	3.282043	4.688638	6.095215	4.688645	4.454209	16.8791	9.377281	2.344315	
Docking x	4.991446	6.694757	9.002535	6.779755	3.480597	2.541782	2.668118	4.647411	3.476387	2.981728	3.282352	3.316788	2.095879	3.783134	2.126751	3.647842	3.538063	3.00058	2.040512	2.237595	2.037056	4.407173	4.272999	2.453949	2.120586	3.370419	3.640038	2.825195	3.267021	2.866028	2.147018	2.948334	3.504814	
Docking y	3.259766	2.724838	4.767395	3.633392	5.400658	2.121363	2.038838	4.508574	5.122549	7.155602	2.153472	3.508046	6.564405	5.101608	3.100327	2.133604	2.294266	5.754213	2.678136	2.44117	3.298065	2.553474	3.911583	6.145433	6.869117	8.720318	3.273299	2.166183	9.310499	72.50693	39.0014	17.06215	255.1868	66.84808	6.980679	5.689247	6.114899	2.147663	9.25119	12.34922	19.25987	4.545918	5.126271	7.577239	
Docking z	7.498859	3.944736	4.307093	6.247456	6.738698	2.50415	3.900238	2.457886	6.001286	18.89948	17.39641	3.338997	2.961105	4.416576	5.015034	5.551167	10.31123	2.589581	2.184383	3.70295	13.22559	13.85915	7.780235	2.131607	4.581432	4.229389	2.357738	3.285898	2.578997	5.674353	3.963783	5.367954	6.390999	2.360462	5.459415	3.845181	4.676346	5.640259	5.029514	2.71936	3.748621	4.436829	2.474312	4.268284	3.897076	5.194279	8.87674	7.970825	9.754969	4.067478	12.77877	79.78625	46.59396	16.38306	257.7369	63.92979	10.09311	2.466515	4.695702	6.329491	3.778744	18.84222	20.86992	24.00348	5.111969	5.122681	7.556	
Total MV Amount	2712.129


Angle TRE instances
Rotate	57	64	67	68	85	89	106	108	
ChildRotate	
RotateInverse	1	
ChildRotateInverse	47	48	53	54	59	61	108	
Docking x	95	102	107	
Docking y	1	15	19	21	26	29	31	36	40	42	91	92	94	95	
Docking z	1	10	14	20	23	26	112	
Total TRE Count	37


Correct Angles	Rotate	ChildRotate	RotateInverse	ChildRotateInverse	Docking x	Docking y	Docking z
	-30	-30	0	30	90	0	0

Angle Error	Rotate	ChildRotate	RotateInverse	ChildRotateInverse	Docking x	Docking y	Docking z
	28.35898	43.84607	0	2.117189	1.703072	18.77065	5.309692

Time Taken	Hours	Minutes	Seconds	Milliseconds	Seconds float	Completion time
	0	0	6	844	6.844229	00h:00m:06s:844ms

Final Results	Tester Name	Time of Test	Dock Shape Style	Virtual Device Visible	Time Taken	Shape Precision %	Orientation Precision %	Overall Precision %	Efficiency %	Difficulty	Total MV	Total TRE	
	1	2018-11-11_13:52:14	Ltd Random	False	00h:00m:06s:844ms	89.67747	95.54068	92.05511	89.6069	0.2	2712.129	37	
