
Angles Over Time
Frames	Rotate	ChildRotate	RotateInverse	ChildRotateInverse	Docking x	Docking y	Docking z	
0	-4.470947	-0.234436	0	-0.250946	0.02379347	0.009869317	0.04037201	
1	3.007247	-7.266931E-11	0	0.8973609	0.008041753	0.000980282	0.02430853	
2	2.538383	-7.266931E-11	0	-0.04037476	0.008004609	0.001556639	0.04050228	
3	3.007247	0.2344284	0	-0.04037476	0.0079673	0.002132989	0.05669608	
4	3.241683	-3.047607	0	3.71054	0.02412327	0.002951088	0.07292654	
5	-0.7436523	-1.641022	0	2.538383	0.06674623	-0.1187439	0.05285934	
6	1.600654	-1.067108E-07	0	0.4284967	0.1566209	-0.7173157	0.05722112	
7	2.538383	0.9377288	0	-0.2748108	0.1322989	-0.7179565	0.04922099	
8	3.944976	0.2344283	0	0.4284967	0.1160407	-0.7187805	0.03309101	
9	3.710547	-6.733375E-08	0	-0.2748108	0.09167626	-0.7263489	0.05787408	
10	3.241683	-3.516479	0	4.179405	0.1328121	-0.7132263	0.1787803	
11	-0.5092468	0	0	1.600654	0.2036478	-0.453949	1.232055	
12	3.007247	0	0	3.944976	0.1093437	1.227768	6.406118	
13	3.007247	0.9377288	0	40.0475	0.1631998	2.975426	5.893792	
14	3.710548	-0.234436	0	39.81307	0.823791	2.775067	5.351218	
15	4.179412	0.9377289	0	40.0475	0.7764758	2.609144	5.711466	
16	3.944976	-1.641022	0	41.21967	1.55876	0.5219169	5.858216	
17	1.13179	-0.234436	0	36.76546	5.610599	-0.8921814	7.620763	
18	3.241684	-46.18311	0	0.6629283	10.17548	-1.727997	16.36226	
19	1.366226	-82.28564	0	-0.2748108	10.4617	-4.570068	20.20413	
20	4.64827	-87.91199	0	-0.2748108	13.42578	-9.99408	16.81184	
21	4.64827	-87.44312	0	3.007251	15.0231	-15.2608	13.50771	
22	1.366227	-87.67755	0	1.835093	16.92839	-17.29242	11.88657	
23	3.476113	-87.91199	0	-0.04037476	16.85152	-17.07916	11.51677	
24	4.64827	-83.22336	0	0.4285	15.11587	-16.42889	9.561675	
25	5.351571	-20.86444	0	0.194064	14.09028	-15.56369	6.047888	
26	5.351571	-12.19046	0	-0.2748108	11.49337	-14.66248	0.796934	
27	5.820435	-4.454193	0	6.054866	14.2756	-15.7135	-3.217712	
28	2.303956	-0.9377136	0	-0.04037476	14.22392	-16.18637	-4.523926	
29	4.882706	-1.17215	0	-0.2748108	11.0191	-17.25192	-6.257019	
30	4.64827	0.4688735	0	0.4285002	7.367975	-20.79449	-8.369873	
31	5.585999	0.4688735	0	0.1940642	3.230005	-24.00961	-6.877533	
32	5.585999	0.2344374	0	10.97794	4.977613	-26.6012	-5.789307	
33	5.820435	-2.344299	0	13.79112	8.648626	-29.36798	-3.083069	
34	3.241684	-0.4688416	0	4.179407	12.83237	-33.69925	2.868203	
35	4.882706	-0.4688416	0	0.4284992	17.25289	-37.09305	5.150556	
36	4.64827	-0.7032776	0	-0.04037476	20.05587	-40.56027	3.620595	
37	4.64827	-0.4688416	0	0.1940632	21.03797	-42.80844	2.546107	
38	4.64827	-4.219757	0	5.117136	20.6799	-44.45474	4.374711	
39	-4.96344	-2.109863	0	2.772814	19.50976	-44.0394	7.890073	
40	-16.68503	-0.7032776	0	0.4284993	16.72684	-42.86176	11.36057	
41	-16.68503	0.4688736	0	0.6629277	15.7334	-42.62762	11.11364	
42	-15.98175	-0.7032776	0	-0.2748108	15.51111	-42.81848	11.06919	
43	-13.16855	-0.9377136	0	-0.2748108	15.52597	-42.67731	13.12705	
44	-14.10629	-4.454193	0	3.944978	15.33266	-42.27219	14.75358	
45	-14.57513	-0.7032776	0	0.1940637	14.9638	-42.65875	15.78688	
46	-8.948792	-1.406586	0	-0.04037476	14.9761	-42.42474	16.97111	
47	-9.183197	-0.234436	0	-0.04037476	15.00076	-41.94476	17.42936	
48	-8.245483	0.2344371	0	0.6629282	14.9577	-40.87488	17.25319	
49	-5.197876	-0.9377136	0	-0.04037476	14.28874	-39.02457	15.03634	
50	1.131792	-4.454193	0	2.069521	12.86124	-37.50073	13.39878	
51	2.303957	-3.985321	0	-0.04037476	12.9604	-37.7482	17.7278	
52	3.944978	-4.219757	0	-0.04037476	14.00834	-37.271	19.43938	
53	4.179415	-3.985321	0	0.4284997	15.1094	-37.62704	21.80026	
54	3.476114	-4.454193	0	-0.04037476	16.81249	-39.67841	25.52995	
55	3.944978	-3.985321	0	0.1940637	18.09912	-42.8689	26.11585	
56	3.241686	-5.391937	0	2.538386	17.84811	-46.07544	24.78003	
57	2.069521	-3.516479	0	9.571345	17.46698	-48.04138	22.6118	
58	3.476115	-3.750916	0	41.68854	17.55756	-48.8273	16.75142	
59	4.648272	-4.219757	0	70.7581	16.55539	-49.10611	9.504659	
60	4.179415	-9.377258	0	91.62255	16.22415	-49.00372	5.45269	
61	3.944979	-40.3223	0	95.84233	16.26408	-47.88055	4.844868	
62	0.4284997	-61.18674	0	95.60789	16.56792	-48.17548	6.633345	
63	3.476115	-78.30029	0	95.37345	18.39864	-48.99707	9.940525	
64	-2.853546	-86.27097	0	95.37345	21.02864	-49.2265	13.59093	
65	-15.04401	-86.27097	0	95.37345	20.594	-48.54181	14.02479	
66	-15.27844	-86.27097	0	95.37345	19.6809	-46.78116	16.60858	
67	-32.86084	-85.80209	0	95.60789	19.64641	-44.6134	23.67039	
68	-58.88281	-86.27097	0	95.37345	19.26605	-43.44098	29.36911	
69	-67.08792	-86.27097	0	95.13902	18.57432	-40.85498	28.52788	
70	-67.32236	-86.03653	0	95.37345	17.7515	-39.44849	28.08043	
71	-67.32236	-86.03653	0	95.13902	17.04636	-38.04181	28.51558	
72	-67.32236	-87.67755	0	95.60788	16.93926	-37.79462	29.27792	
73	-68.96338	-94.94495	0	95.37345	18.16203	-37.80542	30.62817	
74	-72.47986	-95.17938	0	95.37345	18.53269	-37.19437	32.4712	
75	-72.47986	-95.41382	0	95.37345	17.38068	-35.12	34.00988	
76	-72.47986	-95.41382	0	95.37345	17.2251	-33.8241	34.7134	
77	-72.71429	-95.17938	0	95.37345	16.80685	-33.03766	35.77228	
78	-72.71429	-94.24164	0	95.84232	16.45467	-32.19751	36.89074	
79	-72.71429	-95.17938	0	95.60788	17.36201	-33.13028	39.06957	
80	-72.71429	-95.41382	0	95.37344	20.29443	-35.29401	41.20571	
81	-72.47986	-95.17938	0	95.37344	21.1051	-36.68146	43.80696	
82	-72.47986	-95.41382	0	95.37344	20.66244	-37.55139	46.05329	
83	-72.71429	-95.17938	0	95.37344	19.79678	-38.86636	44.49019	
84	-72.71429	-94.94495	0	95.37344	19.23953	-39.67584	42.35362	
85	-72.47986	-95.17938	0	95.37344	19.20978	-37.85587	42.95828	
86	-72.71429	-95.41382	0	95.37344	19.78729	-36.26035	45.05003	
87	-72.71429	-95.17938	0	95.37344	21.50028	-34.97595	45.85124	
88	-72.71429	-95.17938	0	95.37344	24.35165	-35.54907	47.20532	
89	-72.47986	-94.24164	0	95.60788	27.72279	-36.069	48.6443	
90	-72.47986	-94.71051	0	95.60788	30.59328	-36.91299	49.27442	
91	-72.47986	-95.17938	0	95.37344	33.06933	-38.76181	48.03204	
92	-72.71429	-95.41382	0	95.37344	34.73541	-40.61606	45.70992	
93	-72.47986	-95.17938	0	95.37344	33.07205	-41.4967	44.1665	
94	-72.71429	-95.41379	0	95.37344	31.06842	-42.19089	46.22512	
95	-72.94873	-94.0072	0	95.84231	30.68077	-42.03546	47.73714	
96	-73.88647	-94.94495	0	94.67014	29.58091	-43.5231	50.9971	
97	-79.51282	-94.94495	0	93.73241	25.62706	-46.02319	53.90309	
98	-81.15387	-95.17938	0	93.49799	21.19477	-46.95905	53.19252	
99	-81.15387	-95.17938	0	93.73241	16.94434	-47.42126	52.23028	
100	-81.15387	-95.17938	0	93.73241	14.44915	-48.36029	50.48853	
101	-81.38831	-94.71051	0	93.73241	14.47571	-50.23792	50.53423	
102	-80.91943	-94.94495	0	93.73241	16.16056	-52.53354	53.21296	
103	-80.91943	-94.94495	0	93.73241	19.53549	-55.40646	57.11326	
104	-80.91943	-94.94495	0	93.73241	22.96645	-57.48489	60.89495	
105	-80.91943	-94.94495	0	93.49799	24.60351	-57.91415	63.93013	
106	-80.91943	-94.0072	0	93.96685	25.86006	-57.3826	66.24267	
107	-80.45056	-94.71051	0	93.73241	24.83699	-55.80023	67.4095	
108	-80.91943	-94.94495	0	93.73241	23.46262	-54.45212	68.18533	
109	-80.91943	-95.17938	0	93.49799	22.402	-53.44223	68.72401	
110	-81.15387	-95.41382	0	93.73241	21.84482	-52.85834	69.23526	


Angle MV instances
Rotate	4.470947	3.985336	3.75093	3.516494	2.813186	2.109894	3.282044	3.282043	2.109886	3.516479	2.57875	2.578751	11.72159	2.813202	5.626343	3.047607	6.329668	3.516479	3.047615	12.19046	17.5824	26.02197	8.205109	3.516479	5.626343	
ChildRotate	3.282036	3.516479	3.516479	45.94867	36.10254	5.626343	4.688629	62.35892	8.673981	7.736267	3.516479	2.578737	3.750916	2.109894	3.516479	3.750916	3.516479	5.157501	30.94504	20.86444	17.11356	7.970673	7.267395	
RotateInverse	
ChildRotateInverse	3.750914	2.109886	4.454216	2.578751	2.344322	36.10252	4.454208	36.10253	3.282061	6.329677	6.095241	10.78387	2.813186	9.611717	3.750908	4.923073	2.344322	2.344315	4.21979	3.750915	2.109896	2.109896	2.344323	7.032959	32.11719	29.06956	20.86445	4.21978	
Docking x	4.051839	4.564879	2.96408	2.596914	2.782233	3.204817	3.651125	4.13797	3.671013	4.183744	4.420521	2.802979	2.782917	2.630003	2.932425	2.85137	3.371136	2.870491	2.476053	2.003635	3.95385	4.432295	4.250425	2.495194	3.374933	3.43096	
Docking y	2.087227	2.842072	5.424011	5.266724	2.031616	3.542572	3.215118	2.591583	2.766785	4.331268	3.393799	3.467224	2.248169	2.051361	3.190491	3.206543	2.167755	2.585999	2.074371	2.163727	2.500092	2.295624	2.872925	2.07843	
Docking z	5.174064	8.741493	3.841869	3.392288	3.304131	3.513787	5.250954	4.014647	2.112854	2.706238	2.282353	3.515362	3.470501	2.05786	2.216852	4.329015	2.360882	3.729687	2.168232	5.860373	7.246766	4.051969	3.30718	3.650401	2.583783	7.06181	5.698725	2.178833	2.136143	2.601246	2.24633	2.13657	2.091751	2.322121	2.058628	3.259956	2.905987	2.67873	3.900295	3.781689	3.035187	2.312534	
Total MV Amount	997.3369


Angle TRE instances
Rotate	
ChildRotate	
RotateInverse	1	
ChildRotateInverse	
Docking x	89	92	93	98	105	108	
Docking y	
Docking z	103	105	
Total TRE Count	8


Correct Angles	Rotate	ChildRotate	RotateInverse	ChildRotateInverse	Docking x	Docking y	Docking z
	-110	-113.2495	0	135	29.08674	-67.23209	58.27613

Angle Error	Rotate	ChildRotate	RotateInverse	ChildRotateInverse	Docking x	Docking y	Docking z
	28.84613	18.30453	0	41.26759	7.382959	14.54825	11.40103

Time Taken	Hours	Minutes	Seconds	Milliseconds	Seconds float	Completion time
	0	0	6	539	6.539383	00h:00m:06s:539ms

Final Results	Tester Name	Time of Test	Dock Shape Style	Virtual Device Visible	Time Taken	Shape Precision %	Orientation Precision %	Overall Precision %	Efficiency %	Difficulty	Total MV	Total TRE	
	1	2018-11-11_13:48:13	Presets_dockPreset_3	False	00h:00m:06s:539ms	87.71969	95.19458	90.33727	88.31128	0.5698271	997.3369	8	
