
Angles Over Time
Frames	Rotate	ChildRotate	RotateInverse	ChildRotateInverse	Docking x	Docking y	Docking z	
0	-20.40894	-84.86438	0	134.0818	84.03484	-11.71014	125.854	
1	-23.22211	-86.5054	0	137.3639	84.02204	-11.35794	125.7588	
2	-20.40894	-86.5054	0	137.1295	84.04076	-11.50894	125.2852	
3	-20.64337	-86.73984	0	137.3639	84.101	-12.22122	124.4006	
4	-20.1745	-86.73984	0	137.3639	84.15464	-14.09824	122.3871	
5	-20.1745	-86.73984	0	137.3639	83.97874	-10.08356	125.9814	
6	-19.70563	-86.03653	0	135.9573	83.19686	9.995116	136.0855	
7	-7.749603	-78.53473	0	137.1295	83.27856	24.59059	128.7838	
8	-0.7166443	-63.06219	0	136.895	84.75821	13.07289	100.9727	
9	0.2210853	-59.31128	0	137.1295	85.27773	17.02075	92.93693	
10	-0.9510803	-59.31128	0	133.1441	85.34638	19.2286	88.01775	
11	-1.654358	-59.31128	0	126.1111	85.17188	33.39229	98.04258	
12	-5.874146	-58.608	0	114.624	85.19821	36.04369	98.42432	
13	-1.654358	-58.37357	0	100.5581	83.72796	14.48664	81.16068	
14	-3.764252	-58.13913	0	74.06725	81.24905	0.2001386	66.18699	
15	-1.888794	-58.13913	0	52.4995	80.83681	7.792493	69.15925	
16	-8.921753	-58.13913	0	52.73393	83.65981	40.40629	93.89741	
17	-16.89246	-58.608	0	59.53246	85.0167	31.67242	81.5154	
18	-19.70563	-53.21606	0	64.2211	85.3287	29.09027	69.27388	
19	-17.59576	-52.98163	0	64.68997	85.38471	44.1804	77.83936	
20	-18.06461	-52.74719	0	69.61305	84.57523	34.53966	68.51029	
21	-15.017	-37.04025	0	77.58374	84.28176	26.04887	48.25898	
22	-9.156189	-27.42853	0	85.78886	80.16714	1.002409	11.46111	
23	-7.984039	-14.76923	0	92.11852	71.82153	-10.12061	-11.49869	
24	-3.29538	0.2344414	0	93.99398	65.13085	-11.75067	-21.05557	
25	-0.01333618	0.9377342	0	93.29068	62.23007	-3.70932	-19.48987	
26	1.62768	1.172163	0	87.66431	60.95171	7.258895	-13.91541	
27	1.158815	0.7032982	0	83.21011	55.30451	15.24874	-12.41412	
28	1.158815	-7.032959	0	80.86578	46.20173	18.97326	-14.70782	
29	-7.515167	-3.985352	0	68.4409	33.88528	19.81118	-13.2955	
30	-3.529816	-6.329651	0	60.00134	24.63329	21.0179	-5.136597	
31	-7.749603	-3.282043	0	53.43725	18.31441	20.97589	-2.203339	
32	-6.108582	-3.516479	0	52.49952	14.12052	18.60986	-2.164246	
33	-5.405273	-9.84613	0	54.14055	12.42652	15.69975	-2.167175	
34	-8.687317	-8.205109	0	53.43725	8.895712	11.98859	-2.042725	
35	-6.343018	-5.626373	0	50.85851	5.746762	9.889158	-2.378723	
36	-4.936401	-2.34433	0	46.40429	5.09397	8.342783	-2.334869	
37	-0.7166443	-5.626373	0	40.5435	4.507637	6.59165	-2.157745	
38	-0.2477722	-5.391937	0	22.2578	4.254449	6.059025	-1.711792	
39	-0.4822083	-7.970673	0	9.1296	3.837532	5.66339	-1.097595	
40	-2.826538	-6.329651	0	3.03437	3.935631	5.429458	-1.224976	
41	-1.654358	-6.564087	0	-1.185394	3.460571	4.979043	-1.514252	
42	-0.9510803	0.4688707	0	-1.185394	3.380148	4.285972	-1.438538	
43	0.689951	0.7032991	0	-1.185394	1.718787	2.867461	-1.241608	
44	0.924387	-2.813171	0	1.158912	1.353143	1.29794	-1.080109	
45	-3.529816	0.9377348	0	-0.7165527	1.317293	0.8669717	-1.042114	
46	0.4555223	0.7032989	0	-0.7165527	1.588202	0.961712	-0.9154053	
47	0.4555223	1.4066	0	-0.9509888	1.829778	0.9849647	-0.7696533	
48	2.096544	1.641028	0	-0.7165527	1.810412	0.9855004	-0.7574158	
49	1.862108	1.641028	0	-0.7165527	1.784611	0.9918271	-0.7548218	
50	2.096544	-0.7032776	0	1.393349	1.748582	0.1795422	-0.7164001	
51	-0.9510803	2.109892	0	-0.4821167	1.739362	-1.359619	-0.6510925	
52	1.627679	0.9377348	0	-0.7165527	1.713942	-1.359436	-0.6480103	
53	0.4555219	0.4688705	0	-0.7165527	1.68852	-1.359253	-0.6449585	
54	0.6899503	0.4688705	0	-0.9509888	1.67428	-2.051117	-0.6188354	
55	0.6899503	-3.516479	0	5.144257	1.65698	-2.907745	-0.575592	
56	-3.529816	0.4688705	0	1.158912	1.637309	-3.434814	-0.5595398	
57	0.4555219	0.7032988	0	-0.7165527	1.620968	-4.545776	-0.5143127	
58	0.4555219	0.9377348	0	-0.4821167	1.608658	-5.06308	-0.4885864	
59	0.2210859	1.875464	0	-0.01324463	1.606054	-5.6539	-0.4689636	
60	0.2210859	2.109892	0	-0.4821167	1.580762	-5.653778	-0.4649658	
61	0.6899503	-0.7032776	0	1.862213	1.564783	-5.65387	-0.4676208	
62	-0.9510803	1.641028	0	-0.7165527	1.576036	-6.720795	-0.4261169	
63	1.862108	0.9377347	0	-0.01324463	1.574257	-7.302277	-0.4064026	
64	1.627679	1.406599	0	-0.7165527	1.574257	-7.302277	-0.4064026	
65	2.096544	1.875464	0	-0.9509888	1.80469	-8.061279	-0.1720886	
66	1.862107	-0.7032776	0	1.862213	1.715439	-8.716583	-0.1574707	
67	-1.185516	0.7032988	0	-0.01324463	1.704956	-8.375854	0.01975151	
68	0.2210856	0.2344421	0	-0.9509888	1.717401	-7.292633	0.05790391	
69	0.68995	0.2344421	0	-0.7165527	1.668081	-4.792633	-0.02728271	
70	0.68995	0.7032988	0	-0.4821167	1.617657	-2.146301	-0.2492371	
71	0.4555216	0.7032988	0	-0.01324463	1.473527	-1.040253	-0.2445068	
72	-0.4822083	-0.9377136	0	2.331077	1.45153	-0.9484863	-0.2581482	
73	-1.419922	1.4066	0	-0.9509888	1.432317	-1.38028	-0.2420959	
74	1.862107	1.875464	0	-0.4821167	1.385103	-1.836334	-0.2893982	
75	1.393251	0.2344422	0	-0.9509888	1.375875	-2.182465	-0.2801514	
76	1.862107	0.703299	0	-0.9509888	1.363733	-2.544006	-0.2548218	


Angle MV instances
Rotate	20.40894	2.813171	2.813171	11.95602	7.032959	4.219788	4.219788	2.109894	7.032959	7.970703	2.813171	2.109863	3.047607	5.860809	4.68866	3.282043	8.673983	3.985352	4.219788	3.282043	2.344299	4.219757	2.34433	4.454203	3.985338	4.219766	3.985337	
ChildRotate	84.86438	7.501801	15.47253	3.750916	5.391937	15.70694	9.611725	12.6593	15.00367	7.736257	3.047607	2.344299	3.047607	6.329651	2.578735	3.282043	3.282043	2.578735	7.032958	3.51647	3.98535	3.98535	
RotateInverse	
ChildRotateInverse	134.0818	3.282043	3.985352	7.032967	11.48716	14.06592	26.49081	21.56775	6.798531	4.688637	4.92308	7.970688	8.205116	6.329666	5.626366	4.454208	2.344322	12.42488	8.43956	6.564095	2.578743	4.454216	5.860794	18.2857	13.1282	6.095229	6.095246	3.985345	2.344322	
Docking x	84.03484	2.478912	2.822998	4.114616	8.345612	6.690681	2.90078	5.647194	9.102779	12.31646	9.251987	6.318882	4.193887	3.530811	3.14895	
Docking y	11.71014	4.014679	14.59547	11.5177	3.947857	2.20785	14.16369	2.651402	21.55705	14.2865	7.592354	32.6138	8.733868	2.58215	15.09013	9.640739	8.490791	25.04646	11.12301	8.041351	10.96822	7.989847	3.724517	2.366028	2.910116	3.711159	2.099428	2.5	2.646332	
Docking z	125.854	2.01358	3.594315	10.10415	7.301758	27.81108	8.035759	4.919174	10.02483	17.26364	14.97369	2.97226	24.73816	12.38201	12.24152	8.565475	9.329063	20.25131	36.79787	9.556885	5.574463	2.293701	8.158905	2.933258	
Total MV Amount	1545.508


Angle TRE instances
Rotate	9	12	13	16	24	29	30	31	36	
ChildRotate	25	28	29	30	31	33	36	37	42	
RotateInverse	1	
ChildRotateInverse	41	55	56	
Docking x	38	
Docking y	22	23	25	26	41	58	69	
Docking z	32	
Total TRE Count	30


Correct Angles	Rotate	ChildRotate	RotateInverse	ChildRotateInverse	Docking x	Docking y	Docking z
	-5.216098E-21	-2.087935E-42	0	2.544184E-20	0	0	0

Angle Error	Rotate	ChildRotate	RotateInverse	ChildRotateInverse	Docking x	Docking y	Docking z
	0.68995	3.516479	0	6.31642	1.354236	2.759857	0.246521

Time Taken	Hours	Minutes	Seconds	Milliseconds	Seconds float	Completion time
	0	0	4	553	4.552783	00h:00m:04s:553ms

Final Results	Tester Name	Time of Test	Dock Shape Style	Virtual Device Visible	Time Taken	Shape Precision %	Orientation Precision %	Overall Precision %	Efficiency %	Difficulty	Total MV	Total TRE	
	1	2018-11-11_13:50:12	ZEROING DATA	True	00h:00m:04s:553ms	98.53849	99.44326	98.81877	100	3.406438E-23	1545.508	30	
