
Angles Over Time
Frames	Rotate	ChildRotate	RotateInverse	ChildRotateInverse	Docking x	Docking y	Docking z	
0	-33.99271	-120.4981	0	91.89748	2.107601	-2.529175	-85.12787	
1	-33.75827	-119.7948	0	92.36634	2.10452	-2.525238	-84.97675	
2	-34.93045	-120.0292	0	91.89748	2.111331	-2.531128	-84.83899	
3	-34.22714	-120.0292	0	91.89748	2.111346	-2.526215	-84.87967	
4	-34.22714	-120.0292	0	92.13191	2.127984	-2.5271	-84.71356	
5	-34.46158	-120.0292	0	91.66306	2.16408	-2.517822	-84.30737	
6	-34.22714	-119.3259	0	90.72532	2.239946	-2.436401	-82.78311	
7	-36.1026	-119.7948	0	84.63009	2.405078	-2.36438	-79.01697	
8	-35.16489	-120.0292	0	73.14293	2.662024	-1.811493	-70.0426	
9	-34.46158	-120.4981	0	56.02938	2.839592	-0.671875	-54.67215	
10	-33.99271	-120.4981	0	30.71074	2.544082	0.828142	-35.24335	
11	-33.75827	-120.2636	0	0.0001407706	1.391319	2.322726	-12.91815	
12	-33.75827	-119.7948	0	2.578891	0.9427084	2.310828	-8.306335	
13	-22.9744	-120.0292	0	0.0001406236	0.9520751	2.448982	-8.50473	
14	-20.6301	-120.2636	0	0.0001406236	0.9239907	2.505651	-8.110443	
15	-20.6301	-120.0292	0	0.0001406236	0.8782511	2.558105	-6.85907	
16	-20.6301	-120.0292	0	0.7034335	0.5773218	2.70554	-5.19635	
17	-21.09897	-119.3259	0	4.923213	0.5628167	2.698298	-5.463928	
18	-23.6777	-119.7948	0	1.875598	0.6073934	2.767693	-5.549561	
19	-21.33337	-120.2636	0	0.000140427	0.5752515	2.203999	-5.354034	
20	-20.39566	-120.0292	0	0.7034333	0.5826831	2.271127	-3.539154	
21	-21.09894	-120.2636	0	0.2345689	0.5874664	2.013622	-3.137451	
22	-16.87918	-111.3552	0	0.469005	0.598908	1.790292	-2.956696	
23	-14.06598	-98.22705	0	5.157642	0.5227342	1.87191	-2.738647	
24	-8.439636	-92.83508	0	0.2345691	0.4684193	1.847592	-2.440338	
25	-2.813263	-85.56769	0	-0.2342834	0.4513369	1.762555	-2.258545	
26	-1.875519	-71.50177	0	0.2345691	0.3525389	1.768664	-2.44458	
27	-0.9378052	-63.99997	0	0.000140725	0.3026437	1.769217	-2.456207	
28	-0.7033691	-54.15381	0	0.7034336	0.3179054	1.769124	-2.115662	
29	-1.641113	-48.99631	0	6.095371	0.4064379	1.729348	-1.683777	
30	-5.391998	-37.04028	0	0.4690049	0.5014734	1.590325	-1.006866	
31	-1.172241	-29.06958	0	0.2345688	0.4900483	1.336139	-0.7740173	
32	-0.9378052	-18.28571	0	0.0001404188	0.6290402	1.362555	-0.3481445	
33	0.2343599	-12.4249	0	0.0001404188	0.5959916	1.290994	-0.2706604	
34	0.2343599	-6.798553	0	0.0001404188	0.5601788	1.2941	-0.1369324	
35	0.2343599	0.4688419	0	2.344463	0.6776004	1.412214	-0.01150513	
36	-1.875519	1.875435	0	0.2345689	0.6348305	1.459871	-0.03250122	
37	-0.2344971	1.172143	0	0.0001404722	0.6420388	1.49194	-0.04180908	
38	-0.2344971	1.875435	0	0.2345689	0.6407215	1.776513	-0.04568481	
39	-0.7033691	1.875435	0	0.2345689	0.6367638	2.924007	-0.04516602	
40	-0.4689331	-2.109894	0	5.860942	0.6420475	3.102356	-0.07250977	
41	-4.688721	0.9377065	0	2.578891	0.6325254	2.931527	-0.09368896	
42	-1.875519	2.3443	0	0.0001406236	0.6231571	2.75197	-0.1147766	
43	-7.629072E-05	2.109871	0	0.0001406236	0.8514778	2.54892	-0.1153564	
44	0.7032242	2.813164	0	0.0001406236	0.8918359	2.369823	-0.1248474	
45	0.4687882	2.813164	0	0.7034335	0.9574177	2.117634	-0.1278076	
46	0.2343597	0.234414	0	1.875598	0.9815437	1.970762	-0.1365051	
47	-1.406647	1.875435	0	0.0001406404	0.9883939	1.701665	-0.1585999	
48	-0.2344971	1.875435	0	0.7034335	0.9970235	1.343553	-0.1636658	
49	-0.7033691	1.641007	0	0.0001406566	0.9552776	1.122784	-0.1816101	
50	-0.2344971	1.172143	0	0.0001406566	0.8001441	0.9518746	-0.1885376	
51	-0.2344971	-1.641052	0	4.454349	0.6373368	0.9512563	-0.1885071	
52	-3.047699	-0.234436	0	1.641163	0.6376576	0.8617852	-0.1872864	
53	-0.4689331	2.578736	0	0.7034338	0.6531592	1.024627	-0.1911011	
54	0.2343596	2.3443	0	0.0001409767	0.9198751	1.089615	-0.2102966	
55	0.703224	2.813164	0	0.9378699	1.019022	0.374322	-0.1392517	
56	0.2343596	2.813164	0	0.2345694	0.9185395	-0.3985596	-0.1115723	
57	0.7032241	-1.472316E-05	0	1.641163	0.9305976	-0.5947266	-0.08624268	
58	-1.406677	1.406571	0	0.0001411783	0.9049591	-0.5287781	-0.09222412	
59	-0.2344971	1.875435	0	0.4690056	0.9468288	-0.6590881	-0.08734131	
60	-0.4689331	1.875435	0	0.0001411916	0.921393	-0.5859985	-0.09344482	
61	-7.649088E-05	1.875435	0	0.2345696	0.8486884	-0.6847839	-0.09213257	
62	-0.4689331	-2.34433	0	1.641163	0.742615	-0.6351013	-0.08874512	
63	-3.750977	1.875435	0	2.110027	0.7429911	-0.7084656	-0.08782959	
64	-0.7033691	1.172143	0	0.2345695	0.7433312	-0.7657166	-0.08712769	
65	-0.2344971	1.641007	0	0.93787	0.744127	-0.9285278	-0.08508301	
66	-0.7033691	1.875435	0	0.0001411322	0.7439755	-0.8641357	-0.0859375	
67	-0.2344971	1.875435	0	0.4690056	0.744089	-0.9124146	-0.08529663	
68	-1.172241	1.875435	0	2.110027	0.7444696	-0.9857788	-0.0843811	
69	-0.4689331	2.3443	0	0.2345693	0.7431029	-0.7567444	-0.08718872	
70	0.7032239	2.813164	0	0.9378698	0.7432564	-0.7335205	-0.08755493	
71	0.2343595	2.578736	0	0.0001409188	0.7432564	-0.7335205	-0.08755493	
72	0.9376523	2.578736	0	0.2345693	0.7429168	-0.6762695	-0.08825684	
73	0.468788	0.7032781	0	1.875599	0.7428797	-0.6601563	-0.08847046	
74	-1.641113	3.0476	0	1.172298	0.7429911	-0.7084656	-0.08782959	
75	0.2343596	1.875435	0	0.000140972	0.742652	-0.6511841	-0.08853149	
76	-0.2344971	1.406571	0	0.000140972	0.7436718	-0.8229675	-0.08642578	
77	-0.4689331	1.875435	0	0.4690054	0.7434437	-0.8139954	-0.08648682	
78	-0.4689331	-1.406616	0	4.45435	0.7443174	-0.9214172	-0.0852356	
79	-3.516541	1.641007	0	0.4690055	0.7441649	-0.9446106	-0.08486938	
80	-0.2344971	1.406571	0	0.0001410062	0.7440512	-0.8963318	-0.08551025	
81	-0.2344971	1.875435	0	0.0001410062	0.7429911	-0.7084656	-0.08782959	
82	-0.2344971	1.406571	0	0.0001410062	0.7428797	-0.6601563	-0.08847046	
83	-0.2344971	-2.34433	0	1.875599	0.7432564	-0.7335205	-0.08755493	
84	-3.750977	1.641007	0	2.344464	0.7437095	-0.8390808	-0.08621216	
85	-0.2344971	2.578736	0	0.2345695	0.7440132	-0.880249	-0.08572388	
86	0.7032241	3.047601	0	0.4690056	0.7437472	-0.8551636	-0.08599854	
87	-0.2344971	2.578736	0	0.0001411383	0.7437095	-0.8390808	-0.08621216	
88	0.7032241	2.813164	0	0.2345695	0.7437095	-0.8390808	-0.08621216	
89	-0.2344971	0.4688422	0	1.875599	0.7442416	-0.8892212	-0.08566284	
90	-1.641113	2.813164	0	0.7034339	0.7440512	-0.8963318	-0.08551025	
91	0.2343596	2.578736	0	0.4690056	0.7443934	-0.9536133	-0.08480835	
92	0.4687881	2.813164	0	0.7034339	0.7434437	-0.8139954	-0.08648682	
93	0.2343596	2.109871	0	0.0001410949	0.7434437	-0.8139954	-0.08648682	
94	0.2343596	-2.34433	0	5.157642	0.7444316	-0.969696	-0.08459473	
95	-1.641113	1.875435	0	0.2345691	0.7444316	-0.969696	-0.08459473	
96	-0.4689331	1.641007	0	0.0001407123	0.7437849	-0.8712463	-0.08578491	
97	-0.2344971	1.641007	0	0.2345691	0.7429911	-0.7084656	-0.08782959	
98	-0.2344971	1.875435	0	1.172298	0.7429911	-0.7084656	-0.08782959	
99	-0.7033691	-1.875458	0	3.985485	0.7429911	-0.7084656	-0.08782959	
100	-3.047699	1.641007	0	2.110027	0.7429911	-0.7084656	-0.08782959	
101	-0.9378052	1.172143	0	0.0001406354	0.7429911	-0.7084656	-0.08782959	
102	-0.2344971	1.875435	0	0.7034335	0.7436341	-0.8068848	-0.0866394	
103	-0.9378052	1.875435	0	0.0001406566	0.7436341	-0.8068848	-0.0866394	
104	-0.4689331	1.641007	0	0.0001406566	0.7435968	-0.790802	-0.08685303	
105	-0.7033691	1.406571	0	1.875598	0.7435968	-0.790802	-0.08685303	
106	-0.2344971	2.813164	0	0.0001406404	0.7435968	-0.790802	-0.08685303	


Angle MV instances
Rotate	33.99271	10.78387	2.344299	2.578735	2.34433	4.219757	2.813202	5.626343	5.626373	3.750885	4.219757	4.219788	2.813202	2.813202	2.578766	3.282043	3.047607	3.047607	3.282043	3.516479	3.516479	2.34433	2.109894	
ChildRotate	120.4981	8.908417	13.12817	5.391968	7.267395	14.06592	7.501801	9.846161	5.157501	11.95602	7.970703	10.78387	5.860809	5.626343	7.267395	2.57875	2.813172	2.813179	2.344322	2.344322	2.344322	
RotateInverse	
ChildRotateInverse	91.89748	6.09523	11.48716	17.11354	25.31865	30.7106	2.578751	2.578751	4.219779	3.047615	4.688637	4.923073	5.391937	5.626366	2.344322	2.109894	5.626373	3.282051	2.578751	4.454208	2.813186	3.985344	3.985344	2.109894	5.157501	4.923073	2.813187	2.109886	
Docking x	2.107601	
Docking y	2.529175	
Docking z	85.12787	3.766144	8.974365	15.37045	19.4288	22.3252	4.611816	
Total MV Amount	799.5522


Angle TRE instances
Rotate	26	30	31	
ChildRotate	36	
RotateInverse	1	
ChildRotateInverse	12	23	24	29	30	40	41	94	95	
Docking x	1	
Docking y	1	
Docking z	21	
Total TRE Count	14


Correct Angles	Rotate	ChildRotate	RotateInverse	ChildRotateInverse	Docking x	Docking y	Docking z
	-1.652091E-29	0	0	4.778057E-29	0	0	0

Angle Error	Rotate	ChildRotate	RotateInverse	ChildRotateInverse	Docking x	Docking y	Docking z
	0.7032239	2.578736	0	0.234569	0.7435968	0.790802	0.08685303

Time Taken	Hours	Minutes	Seconds	Milliseconds	Seconds float	Completion time
	0	0	6	325	6.324537	00h:00m:06s:325ms

Final Results	Tester Name	Time of Test	Dock Shape Style	Virtual Device Visible	Time Taken	Shape Precision %	Orientation Precision %	Overall Precision %	Efficiency %	Difficulty	Total MV	Total TRE	
	0	2018-11-12_11:13:02	ZEROING DATA	True	00h:00m:06s:325ms	99.5116	99.83747	99.59224	100	7.144609E-32	799.5522	14	
