
Angles Over Time
Frames	Rotate	ChildRotate	RotateInverse	ChildRotateInverse	Docking x	Docking y	Docking z	
0	-0.2450867	-0.9377747	0	-0.2449951	-0.0003837749	0.1379168	-0.003945947	
1	-0.4649048	-2.109894	0	1.176102	0	0	0	
2	-2.574799	0.2344361	0	1.410538	0.0004324364	-0.1702271	0.004875447	
3	-0.4649048	2.668037E-08	0	-0.2304993	0.0008583024	-0.3243103	0.009284178	
4	-0.2304688	2.668037E-08	0	-0.2304993	0.0004721118	-0.2025452	0.005805545	
5	0.003944976	-0.234436	0	-0.2304993	0.0004721118	-0.2025452	0.005805545	
6	-0.2304688	0.234436	0	0.4728094	0.0008583024	-0.3243103	0.009284178	
7	-0.9337769	-0.7033081	0	1.644967	0.0004921517	-0.218689	0.006270709	
8	-1.637085	0.7033005	0	-0.2304993	0.0004921517	-0.218689	0.006270709	
9	0.7072456	0.9377289	0	-0.2304993	0.001101559	-0.3329773	0.009507524	
10	0.7072456	0.7033007	0	-0.2304993	0.001101559	-0.3329773	0.009507524	
11	0.9416741	0.9377289	0	0.2383733	0.001208137	-0.4137573	0.01183216	
12	0.2383812	-0.9377136	0	1.410538	0.001186674	-0.3976135	0.01136732	
13	-1.402649	0.9377289	0	0.003944855	0.001539777	-0.4870605	0.0139149	
14	0.4728098	0.2344362	0	-0.4649048	0.001165196	-0.3814392	0.01090232	
15	0.003945443	-0.234436	0	-0.2304993	0.001165196	-0.3814392	0.01090232	
16	0.003945443	0.2344362	0	0.003944883	0.001143717	-0.3652954	0.01043746	
17	-0.2304688	-2.109894	0	3.754853	0.001143717	-0.3652954	0.01043746	
18	-2.809235	1.257519E-07	0	-0.4649048	0.001143717	-0.3652954	0.01043746	
19	-0.2304688	-0.234436	0	-0.6993408	0.001143717	-0.3652954	0.01043746	
20	0.003945616	1.334019E-07	0	-0.4649048	0.0007349497	-0.2273865	0.006494111	
21	0.003945616	0.2344362	0	-0.2304993	0.0007349497	-0.2273865	0.006494111	
22	0.003945616	-1.875458	0	3.051559	0.0004523474	-0.1864014	0.005340498	
23	-2.340363	0.2344361	0	-0.2304993	0.0004523474	-0.1864014	0.005340498	
24	-0.2304688	-0.234436	0	-0.2304993	0.0004523474	-0.1864014	0.005340498	
25	0.003945643	-0.234436	0	-0.4649048	0.0007960381	-0.2758484	0.007889215	
26	0.003945643	-0.234436	0	-0.4649048	0.0007960381	-0.2758484	0.007889215	
27	0.003945643	-1.875458	0	3.051559	0.0007960381	-0.2758484	0.007889215	
28	-2.574799	0.2344362	0	0.7072374	0.0007960381	-0.2758484	0.007889215	
29	0.003945679	0.2344362	0	-0.4649048	0.0008166663	-0.2919922	0.00835431	
30	-0.2304688	0.2344362	0	-0.4649048	0.0008372804	-0.308136	0.008819257	
31	0.00394567	0.4688646	0	0.2383729	0.02566618	-0.3078918	0.01510562	
32	-0.4649048	0.9377289	0	0.003944511	0.130322	-0.3166809	-0.0005194612	
33	-0.4649048	-0.4688721	0	1.176102	0.2114508	-0.4221802	-0.003676136	
34	-0.2304688	0.7033005	0	0.2383729	0.2118498	-0.5600891	1.311623E-05	
35	0.2383817	0.4688645	0	-0.2304993	0.07522043	-0.5923157	0.01944891	
36	0.9416746	0.9377288	0	-0.4649048	-0.0614624	-0.5922852	0.03801569	
37	0.7072462	0.9377288	0	0.238373	-0.1908875	-0.5999756	0.04814211	
38	0.2383817	-0.7032776	0	1.410538	-0.2160645	-0.526947	0.03969773	
39	-1.402649	0.4688646	0	-0.2304993	-0.1980286	-0.6569214	0.05855357	
40	0.7072464	0.2344362	0	-0.4649048	-0.1980286	-0.6569214	0.05855357	
41	0.7072464	-0.234436	0	-0.2304993	-0.1905518	-0.657135	0.04985642	
42	-0.2304688	0.2344362	0	-0.2304993	-0.1818542	-0.6568909	0.0573101	
43	-0.2304688	-2.813171	0	3.05156	-0.1818542	-0.6568909	0.0573101	
44	-2.340363	0.2344361	0	0.003944699	-0.1818542	-0.6568909	0.0573101	
45	-0.4649048	1.067215E-07	0	-0.4649048	-0.190033	-0.8273315	0.05500993	
46	0.003945839	-0.234436	0	-0.2304993	-0.1974487	-0.8271484	0.06371776	
47	-0.2304688	0.2344361	0	-0.4649048	-0.287262	-0.7703857	0.0608524	
48	0.00394583	-2.813171	0	-0.2304993	-0.4251709	-0.770874	0.06348416	
49	-2.574799	-1.17215	0	1.176102	-0.4017334	-0.6902771	0.05091459	
50	-1.168213	0.234436	0	0.4728093	-0.3452454	-0.5594788	0.0505251	
51	0.2383821	0.4688644	0	-0.4649048	-0.3295898	-0.405365	0.04444509	
52	0.941675	0.9377288	0	-0.4649048	-0.3295898	-0.405365	0.04444509	
53	0.7072466	0.7033004	0	-0.2304993	-0.3295898	-0.405365	0.04444509	
54	0.7072466	-0.9377136	0	0.9416738	-0.3295898	-0.405365	0.04444509	
55	-1.168213	0.234436	0	0.4728094	-0.4681396	-0.2915344	0.04293063	
56	-0.4649048	-2.668037E-08	0	-0.2304993	-0.4752197	-0.3969727	0.05505528	
57	0.2383821	-2.668037E-08	0	0.2383733	-0.4752197	-0.3969727	0.05505528	
58	-0.2304688	-2.668037E-08	0	0.2383733	-0.4752197	-0.3969727	0.05505528	
59	-0.2304688	-2.109894	0	3.989289	-0.5000305	-0.3972168	0.04878971	
60	-3.278107	-8.765532E-08	0	-0.4649048	-0.5162048	-0.3972473	0.0499966	
61	0.003946098	-0.234436	0	-0.2304993	-0.5236816	-0.3970642	0.05867609	
62	0.003946098	-0.234436	0	-0.4649048	-0.5236816	-0.3970642	0.05867609	
63	0.003946098	0.2344359	0	-0.2304993	-0.4988403	-0.3968201	0.06494176	
64	-0.4649048	-2.109894	0	3.051559	-0.4913635	-0.3970032	0.0562623	
65	-3.043671	0.2344358	0	0.2383729	-0.4819336	-0.5595703	0.06905375	
66	-0.6993408	0.2344358	0	0.003944497	-0.4819336	-0.5595703	0.06905375	
67	-0.4649048	-1.867626E-07	0	0.2383729	-0.4819336	-0.5595703	0.06905375	
68	-0.4649048	0.2344358	0	0.00394447	-0.4819336	-0.5595703	0.06905375	
69	-0.4649048	-0.4688721	0	-0.2304993	-0.5966492	-0.5167542	0.1657361	
70	-0.4649048	-0.9377441	0	0.9416734	-0.6074829	-0.3607788	0.2424962	
71	-1.168213	0.9377286	0	-0.2304993	-0.6372681	-0.3700562	0.1718831	
72	0.7072465	0.7033003	0	-0.2304993	-0.6570435	-0.3712463	0.1246316	
73	0.941675	0.7033003	0	-0.2304993	-0.674408	-0.04690552	0.1146501	
74	0.7072466	-1.486394E-07	0	-0.4649048	-0.676239	0.700389	0.105056	
75	0.7072466	-11.48718	0	0.9416734	-0.6830444	1.522221	0.1499768	
76	-1.402649	-21.56775	0	-0.2304993	-0.6454773	2.743686	0.3004403	
77	-0.4649048	-23.20877	0	10.31896	-0.767334	3.214785	0.7031312	
78	-0.4649048	-44.30765	0	13.13213	-0.6170044	3.515687	1.051406	
79	-0.2304688	-54.62265	0	13.83543	-0.2041321	3.833591	2.176852	
80	-0.2304688	-33.52377	0	15.24203	-0.8189392	5.483491	5.230138	
81	-10.5455	-12.89377	0	13.13213	0.4585964	5.862924	6.922127	
82	-20.8605	-7.501831	0	11.72555	0.979363	5.624888	8.697867	
83	-26.25244	2.578752	0	11.49111	-0.2550964	4.338043	12.61778	
84	-32.34766	3.047616	0	0.003944826	-1.985382	4.345912	19.22056	
85	-35.16086	2.344324	0	-0.2304993	-1.811951	3.704312	22.81198	
86	-34.69199	-0.234436	0	2.817132	-4.171753	1.17774	26.71322	
87	-38.67734	2.109888	0	-0.6993408	-6.311584	-2.243225	32.66107	
88	-47.58575	2.109888	0	-0.2304993	-7.510895	-5.737732	39.31435	
89	-53.44653	3.282053	0	0.2383731	-7.995972	-6.474457	39.13023	
90	-53.21213	3.047616	0	-0.2304993	-7.018585	-9.541321	33.05344	
91	-52.97769	3.282053	0	0.2383731	-6.166199	-14.39587	27.39581	
92	-47.35132	1.172166	0	1.176102	-6.731873	-18.17374	21.96222	
93	-43.6004	2.344323	0	-0.2304993	-9.12442	-21.69177	17.97123	
94	-39.38062	1.875459	0	-0.2304993	-8.559509	-26.94598	16.80462	
95	-38.4429	2.109888	0	-0.2304993	-7.289917	-31.45926	17.68858	
96	-39.38062	2.344324	0	-0.2304993	-6.98291	-35.82715	22.21802	
97	-40.08392	-0.4688721	0	1.176102	-8.792175	-38.82318	22.30858	
98	-41.25607	1.172167	0	1.176102	-9.19223	-42.29138	24.45083	
99	-42.89709	1.641023	0	-0.4649048	-8.322906	-46.83356	24.71265	
100	-42.42822	3.282052	0	-0.2304993	-5.794281	-51.60077	22.04044	
101	-41.95938	2.578752	0	0.003945189	-0.3390808	-55.19968	18.94512	
102	-35.6297	2.109888	0	-0.2304993	6.121289	-57.03918	13.83832	
103	-26.48688	-0.4688721	0	2.817132	8.269133	-58.90607	10.40487	
104	-22.9704	1.406595	0	6.099176	6.959321	-60.98773	10.66306	
105	-21.56378	2.578752	0	25.55703	4.256269	-64.34259	9.955512	
106	-21.56378	2.578752	0	25.08817	-1.043701	-66.00537	16.0009	
107	-22.50153	2.813188	0	25.08817	-3.214905	-66.76178	17.90463	
108	-26.95572	3.047616	0	25.55703	-3.438538	-67.91489	16.96043	
109	-27.19016	1.172166	0	26.02589	-4.362335	-69.30911	17.01423	
110	-28.3623	2.344323	0	24.6193	-4.601807	-70.77258	18.28635	
111	-27.42459	2.109888	0	18.05521	-4.766724	-72.23752	19.3497	
112	-27.65903	1.172166	0	-0.2304993	-4.982574	-73.06268	23.27498	
113	-27.42459	-5.391937	0	0.003943869	-5.901123	-74.4483	26.77121	
114	-27.42459	-15.00363	0	1.410537	-6.607452	-75.23199	25.34863	
115	-22.03265	-13.83148	0	1.410537	-7.91452	-75.91232	25.69487	
116	-20.62607	-12.65933	0	0.4728084	-8.997101	-76.86621	24.61794	
117	-17.34402	-12.19046	0	-0.2304993	-9.403259	-77.79221	23.0977	
118	-14.06198	-12.4249	0	-0.4649353	-9.372498	-78.81085	21.48501	
119	-11.24878	-12.65933	0	0.4728084	-8.695801	-79.02625	20.77723	
120	-11.48322	-14.76923	0	3.754852	-8.33606	-79.3161	20.9779	
121	-13.35867	-14.06592	0	1.410537	-7.466797	-79.56323	21.52598	
122	-11.71765	-12.4249	0	0.003944002	-7.073578	-80.24823	20.41992	
123	-10.31107	-11.95602	0	0.2383724	-6.505768	-80.22415	19.11139	
124	-8.670044	-12.19046	0	-0.2304993	-6.25354	-80.46176	18.32645	
125	-4.684692	-12.89377	0	-0.2304993	-5.136139	-80.66458	14.88843	
126	-0.2304688	-15.70694	0	4.458153	-3.102783	-80.38318	12.83344	
127	-3.512512	-13.1282	0	0.003944463	-1.855835	-80.38486	12.29555	
128	-0.4649048	-17.11353	0	-0.2304993	-1.223541	-79.84967	11.06768	
129	-0.4649048	-24.14648	0	0.003944469	-2.717468	-77.50439	12.93418	
130	0.7072529	-30.47617	0	0.003944469	-4.963318	-72.81534	16.35975	
131	0.4728168	-30.24173	0	-0.2304993	-3.211121	-63.33817	12.92706	
132	0.2383884	-11.48718	0	1.410538	1.620737	-52.68542	8.981352	
133	-1.637054	3.047613	0	18.52407	4.145335	-39.64633	2.172063	
134	-0.6993408	3.047613	0	18.7585	2.875439	-26.88989	-2.040802	
135	-0.4649048	3.282049	0	18.7585	-1.167236	-16.07733	-3.483459	
136	-0.6993408	3.282049	0	17.82078	-6.577301	-3.958649	-3.216797	
137	-0.2304688	0.2344341	0	18.99293	-8.638824	5.740667	-3.473267	
138	-2.574799	1.875456	0	18.28964	-9.270996	12.62322	-5.054108	
139	-1.402618	3.282049	0	17.11748	-9.350372	20.55717	-7.414124	
140	-0.4649048	3.750913	0	17.11748	-10.36163	27.51041	-8.734222	
141	0.4728166	3.047613	0	16.64861	-9.618591	32.903	-9.350647	
142	-0.2304688	3.282049	0	13.601	-9.878448	38.16213	-7.361481	
143	-0.6993408	0.2344339	0	13.83543	-7.464844	42.14442	-6.787964	
144	-3.746948	2.109884	0	10.31895	-3.656006	47.7424	-9.175934	
145	-0.9337769	2.813185	0	8.677925	-0.8482666	52.02519	-12.55045	
146	-0.2304688	3.282049	0	4.458153	-0.269043	55.83441	-17.71527	
147	0.4728166	2.109884	0	3.520424	0.1796138	58.60482	-19.38486	
148	0.4728166	0.7032984	0	2.817131	1.091172	61.10582	-19.18445	
149	0.4728166	-6.564087	0	3.989289	1.167944	63.1404	-18.6832	
150	-1.168213	-5.626373	0	2.582695	0.631906	65.97202	-20.52438	
151	-0.2304688	-5.391937	0	3.05156	1.577673	67.72019	-20.4455	
152	-0.4649048	-5.157501	0	3.285996	1.100846	69.21648	-20.39621	
153	-0.4649048	-5.626373	0	3.989289	0.321649	71.0174	-20.22937	
154	-0.6993408	-4.688629	0	10.08452	0.5073582	71.7214	-20.31595	
155	-0.6993408	-5.157501	0	23.44715	1.111457	72.43286	-21.80542	
156	-1.87149	-4.219788	0	30.4801	1.211768	73.06911	-21.44128	
157	-0.6993408	-3.750916	0	39.15409	0.02988208	74.15952	-19.7655	
158	0.003952412	-4.454224	0	42.20171	-0.7521973	75.11119	-19.694	
159	-1.402618	-4.219788	0	43.6083	-0.7019653	75.68627	-17.76898	
160	-3.512512	-6.564087	0	48.06251	0.1619432	76.75875	-15.7038	
161	-8.201172	-4.923065	0	47.59365	-0.4423218	77.99691	-14.5632	
162	-7.966736	-4.454224	0	46.89035	-1.037689	79.29549	-12.67325	
163	-9.373322	-3.282043	0	49.4691	-0.2732849	79.92184	-12.98999	
164	-8.904449	-3.282043	0	62.12843	-0.06237793	80.01042	-11.82303	
165	-11.95209	-0.7033081	0	64.70718	-1.60141	82.68231	-8.03949	
166	-22.73596	0.2344348	0	64.94161	-3.523743	88.00239	-9.494263	
167	-25.3147	1.64102	0	57.43979	-6.449219	93.09653	-13.44595	
168	-24.37698	1.64102	0	57.43979	-6.77356	93.21475	-9.441956	
169	-28.83118	2.109885	0	65.17604	-5.028961	92.18505	-6.354523	
170	-30.94107	2.109885	0	84.16503	-3.141449	91.49458	-4.251617	
171	-31.64438	-0.234436	0	108.7804	-3.457703	89.77533	-3.379242	
172	-33.75427	0.9377273	0	111.828	-4.395416	87.40731	-4.074249	
173	-32.11322	2.109885	0	111.828	-3.753632	86.18089	-7.325043	
174	-31.17551	2.344321	0	111.5936	-1.681793	86.88596	-7.639679	
175	-27.42459	2.578749	0	111.828	-0.2749329	87.44576	-7.764954	
176	-26.25244	1.875456	0	111.828	-0.3961487	89.09712	-8.108948	
177	-26.48688	-1.641022	0	111.828	-1.498718	89.56722	-6.830414	
178	-28.83118	2.109884	0	112.0624	-2.436066	88.89659	-6.691101	
179	-26.95572	2.109884	0	112.7657	-2.820709	87.22207	-6.1409	
180	-26.72131	2.813185	0	112.7657	-2.663788	88.13815	-6.415894	
181	-26.25244	2.813185	0	112.7657	-3.64505	89.00948	-7.057678	
182	-26.25244	2.34432	0	112.5313	-6.236542	90.81898	-10.88608	
183	-26.01801	0.7032988	0	112.7657	-8.233673	91.98229	-15.08481	
184	-27.19016	1.64102	0	112.7657	-6.475861	91.05904	-14.75131	
185	-26.48688	1.875456	0	112.5313	-4.923248	90.44781	-15.54578	
186	-26.72128	2.109885	0	112.5313	-4.776337	89.98225	-17.12506	
187	-26.95572	2.109885	0	112.5313	-3.697632	88.71929	-19.35117	
188	-26.95572	-0.7033081	0	112.7657	-1.402832	86.25485	-23.0979	
189	-28.83118	0.7032992	0	112.7657	0.2195262	84.41153	-31.10599	
190	-27.42459	2.109885	0	112.7657	1.670703	81.99841	-40.20795	
191	-26.72128	3.047614	0	112.7657	0.1957843	80.14861	-41.48907	
192	-26.01801	3.28205	0	112.7657	0.7741162	77.93666	-41.96304	
193	-26.25244	2.813185	0	112.7657	1.842867	76.60184	-42.5495	
194	-26.25244	1.172164	0	112.7657	1.54501	77.09583	-41.98245	
195	-27.65903	2.344321	0	112.7657	1.259665	77.55975	-41.47699	
196	-26.95572	2.109885	0	112.7657	1.098206	77.95718	-41.60089	
197	-26.72128	1.875457	0	112.7657	0.1601169	78.57859	-41.51581	
198	-26.72128	2.344321	0	112.7657	0.2216146	78.61738	-40.95999	
199	-26.95572	-0.7033081	0	112.7657	1.040507	79.30194	-40.25928	
200	-28.3623	1.172164	0	112.7657	2.059681	80.32758	-36.22556	
201	-27.65903	2.344321	0	112.7657	2.304611	83.12572	-32.44394	
202	-34.45755	2.344321	0	112.7657	2.763151	84.12962	-28.24539	
203	-41.02164	1.875457	0	112.7657	3.147486	84.82491	-24.24454	
204	-44.77255	2.344321	0	112.7657	2.768921	84.62045	-24.94785	
205	-45.71027	-0.234436	0	112.7657	2.433764	83.94018	-25.93738	
206	-48.52347	1.641021	0	112.7657	0.6775492	84.53725	-29.60123	
207	-47.82016	2.109886	0	112.7657	-0.132019	85.21251	-32.76761	
208	-55.55643	2.813186	0	112.5313	0.7791958	86.32288	-30.22855	
209	-66.34027	3.047614	0	112.5313	0.784336	87.98133	-30.92377	
210	-72.20111	3.516479	0	112.5313	0.9871035	88.92473	-31.42383	
211	-73.6077	0.9377281	0	112.7657	1.061856	89.1492	-32.31134	
212	-74.54541	2.57875	0	112.5313	0.5480679	89.13607	-33.43649	
213	-75.48315	2.109886	0	112.7657	0.07729557	87.06996	-31.22775	
214	-75.48315	2.344322	0	112.5313	-0.706543	86.46001	-32.06769	
215	-75.71759	2.344322	0	112.5313	-1.204803	86.87883	-33.52328	
216	-75.71759	-0.234436	0	112.5313	-1.642029	87.03035	-33.19141	
217	-76.18646	1.406593	0	112.5313	-2.128754	87.28731	-34.1705	
218	-77.59302	2.57875	0	112.7657	-1.750214	88.44049	-34.73111	
219	-79.46851	3.047614	0	112.5313	-1.863525	88.21628	-34.33078	
220	-79.46851	2.813186	0	112.5313	-2.134277	88.82373	-35.21243	
221	-80.64066	2.344321	0	112.5313	-2.154541	89.97679	-35.03882	
222	-86.50146	-1.17215	0	112.7657	-2.650574	90.57127	-33.22089	
223	-89.78351	2.344321	0	112.5313	-3.356354	91.61171	-33.02469	
224	-92.12781	2.344321	0	112.5313	-2.804047	92.25087	-32.76151	
225	-92.83112	3.047614	0	112.5313	-2.576874	93.23846	-33.93204	
226	-94.94101	2.109885	0	112.5313	-3.191437	93.59863	-32.17059	
227	-97.98862	-3.985352	0	112.5313	-4.381775	94.24942	-33.25549	
228	-97.98862	-17.5824	0	112.5313	-4.061249	95.07658	-34.22678	
229	-97.51974	-26.49081	0	112.7657	-3.963684	95.95774	-35.66922	
230	-97.75418	-26.95969	0	112.5313	-4.303986	95.39751	-36.52313	
231	-97.51974	-27.19412	0	112.5313	-4.087585	94.92014	-37.12482	
232	-97.51974	-27.19412	0	112.5313	-3.410522	95.11613	-37.93384	
233	-97.51974	-32.58606	0	112.5313	-3.250336	94.93526	-38.67676	
234	-97.28534	-33.0549	0	112.2969	-4.013336	94.65624	-37.9487	
235	-97.51974	-36.80582	0	112.5313	-4.14209	94.97301	-37.43723	
236	-97.51974	-50.40289	0	112.5313	-5.527588	96.36024	-35.0314	
237	-97.75418	-52.98163	0	112.5313	-7.815399	97.07247	-33.8049	
238	-97.75418	-54.62265	0	112.5313	-8.4776	96.74014	-31.98016	
239	-97.51974	-56.02924	0	112.7657	-8.629425	97.35732	-32.33374	
240	-97.28534	-55.79483	0	112.5313	-8.227966	97.94687	-31.58667	
241	-97.75418	-56.96698	0	112.5313	-8.098267	97.5477	-30.60043	
242	-97.75418	-63.53107	0	112.5313	-7.964142	96.9496	-28.92984	
243	-97.75418	-75.48712	0	113.0002	-8.172607	96.60519	-28.61307	
244	-97.51974	-82.98895	0	113.469	-8.973969	96.92905	-28.92181	
245	-95.64429	-85.56769	0	114.8756	-10.49854	97.47546	-28.78244	
246	-93.53442	-87.20871	0	115.8134	-10.3924	97.46841	-28.38049	
247	-92.36224	-91.4285	0	115.8134	-10.65671	97.5914	-28.38406	
248	-88.61133	-93.06952	0	115.8134	-11.32657	97.44773	-29.2562	
249	-86.03259	-96.35156	0	115.5789	-11.98428	97.22823	-30.03604	
250	-79.93738	-102.6812	0	115.3445	-13.32764	97.72484	-33.87042	
251	-71.73224	-104.7911	0	115.5789	-14.23047	97.19609	-36.33234	
252	-67.27802	-108.542	0	115.5789	-14.78027	98.36425	-36.89648	
253	-66.3403	-110.8864	0	115.3445	-15.30356	99.20298	-36.41476	
254	-64.46484	-112.0585	0	114.8756	-15.75571	99.50014	-35.88995	
255	-59.54178	-116.0439	0	110.4214	-16.15485	99.6342	-35.66589	
256	-56.0253	-116.9816	0	109.2493	-16.52628	99.71378	-34.50671	
257	-56.96301	-117.6849	0	107.8427	-16.86795	99.41272	-32.80984	
258	-55.79086	-118.1537	0	97.99652	-17.36255	99.97763	-30.74799	
259	-55.55643	-120.0292	0	94.48004	-18.02197	100.4863	-29.00549	
260	-55.08759	-120.498	0	94.48004	-18.04083	100.6104	-27.1748	
261	-55.32199	-120.7325	0	94.24561	-18.09167	100.2373	-24.4693	
262	-55.55643	-119.7947	0	94.48004	-17.95135	99.84034	-22.53595	
263	-56.0253	-120.2636	0	94.24561	-17.83566	98.4404	-19.28287	
264	-55.55643	-120.2636	0	94.24561	-17.93524	97.57549	-16.52835	
265	-55.55643	-120.2636	0	94.01118	-18.00827	96.66953	-14.28745	
266	-55.79086	-120.0292	0	94.01118	-18.5452	95.67796	-12.07678	
267	-55.79086	-119.0915	0	94.48005	-18.71442	94.17928	-10.50458	
268	-56.72858	-119.7948	0	94.24562	-18.69211	91.81726	-7.328369	
269	-56.25974	-120.2636	0	96.35551	-17.45761	89.88986	-4.331085	
270	-57.43188	-120.498	0	96.58994	-15.4935	92.1659	-5.413269	
271	-57.19745	-120.2636	0	96.58994	-13.84445	94.37059	-4.650116	
272	-57.19745	-120.2636	0	97.7621	-12.94052	93.95118	0.1930068	
273	-57.43188	-119.3259	0	98.46539	-14.5202	94.63226	5.169388	
274	-58.60406	-120.0292	0	98.23096	-17.04428	97.58227	12.31162	
275	-57.43188	-120.2636	0	97.7621	-20.50232	102.8369	15.11775	
276	-57.43188	-120.498	0	97.7621	-20.69119	106.0929	17.4011	
277	-57.43188	-120.7325	0	97.7621	-17.08173	108.0106	20.77662	
278	-56.25974	-120.7325	0	97.7621	-15.15726	109.3709	25.68768	
279	-57.43188	-119.7948	0	97.99653	-15.31314	112.3154	27.97298	
280	-59.30734	-120.2636	0	97.7621	-15.49637	117.1445	32.43647	
281	-61.65167	-120.2636	0	95.88664	-17.24286	118.8088	39.50133	
282	-66.3403	-120.2636	0	87.91595	-15.46042	117.5683	43.02797	
283	-71.4978	-120.0292	0	86.27493	-13.47772	118.3932	47.02549	
284	-72.20111	-119.0915	0	87.44709	-14.77795	119.5109	53.82603	
285	-75.24872	-119.7948	0	79.71085	-18.52518	121.8622	63.40128	
286	-77.82748	-120.0292	0	56.97094	-19.76691	122.6072	76.1515	
287	-89.78351	-120.7325	0	60.95628	-20.74902	121.7943	88.54187	
288	-102.2084	-120.7325	0	61.89401	-22.20428	121.2904	98.69421	
289	-102.6773	-120.4981	0	62.12844	-22.07468	121.2276	102.217	
290	-102.6773	-119.7948	0	63.06617	-22.22562	121.5408	107.1306	
291	-101.974	-120.2636	0	62.12844	-22.13586	121.8162	111.8676	
292	-102.4428	-120.2636	0	62.36288	-22.74899	120.9795	114.6806	
293	-102.4428	-120.2636	0	63.06618	-22.5965	118.6225	117.2279	
294	-102.2084	-121.2014	0	66.58266	-21.71609	119.0262	117.644	
295	-102.2084	-120.4981	0	69.39584	-21.3316	117.4951	122.53	
296	-101.7395	-121.9047	0	69.63027	-20.86646	114.7682	129.3126	
297	-102.2084	-122.6079	0	70.09914	-20.09052	111.6706	136.3208	
298	-102.2084	-123.5457	0	71.27129	-18.46152	108.4766	145.4461	
299	-102.4428	-123.7801	0	71.97459	-17.11743	105.499	155.4239	
300	-102.4428	-125.1867	0	75.49107	-15.92651	103.7553	163.1568	
301	-102.4428	-126.8277	0	81.35188	-16.20346	101.4732	165.8937	
302	-101.7396	-128.4688	0	84.16506	-15.3114	100.2231	168.769	
303	-101.974	-129.8753	0	86.50938	-13.81046	99.61964	171.8891	
304	-101.7396	-131.2819	0	89.08813	-14.12979	98.22437	174.77	
305	-101.5051	-132.6885	0	92.83904	-13.64478	97.78335	177.6517	
306	-101.2707	-133.6263	0	98.93427	-10.91116	98.3595	-178.7172	
307	-100.0985	-138.7838	0	105.4984	-10.06018	98.49881	-177.3487	
308	-99.1608	-141.5969	0	109.2493	-8.905334	98.44959	-175.2042	
309	-98.22308	-143.0035	0	110.8903	-8.268494	98.59953	-172.4263	
310	-97.75421	-143.4724	0	110.8903	-8.646179	99.05746	-171.0726	
311	-97.75421	-143.4724	0	110.6559	-7.965546	98.88474	-171.5804	
312	-97.98865	-142.0658	0	110.6559	-9.189056	98.06683	-165.7177	
313	-97.51978	-143.0035	0	110.6559	-11.02002	98.4159	-158.3534	
314	-97.75421	-143.4724	0	110.6559	-11.72015	97.19839	-152.2555	
315	-97.98865	-143.0035	0	110.6559	-12.17886	93.65813	-140.4368	
316	-97.75421	-142.7691	0	110.6559	-13.02118	90.83878	-133.8105	
317	-97.75421	-140.8936	0	110.8903	-13.09583	89.08605	-137.3678	
318	-97.51978	-142.7691	0	110.6559	-12.57059	88.61102	-139.2506	
319	-97.75421	-143.0035	0	110.6559	-9.626953	89.43169	-139.2312	
320	-97.75421	-143.238	0	110.8903	-3.837921	91.62108	-136.7521	
321	-97.98865	-143.7068	0	110.6559	-1.963593	92.78918	-134.5908	
322	-97.98865	-143.7068	0	110.6559	0.874679	93.68311	-132.8459	
323	-97.75421	-142.0658	0	110.6559	1.355087	91.69386	-133.452	
324	-97.51978	-143.0035	0	110.6559	-0.1333313	90.25716	-134.4802	
325	-97.75421	-143.9413	0	110.6559	-0.6080627	88.88377	-133.9411	
326	-97.98862	-142.7691	0	110.6559	-0.1916809	87.32752	-132.9585	
327	-97.75418	-142.7691	0	110.6559	0.3970796	86.24743	-131.7129	
328	-97.98862	-140.8936	0	110.8903	1.17715	86.12904	-130.8422	
329	-97.28534	-143.0035	0	110.6559	1.059262	85.63916	-132.8306	
330	-97.75418	-142.7691	0	110.6559	1.295589	83.03004	-134.2561	
331	-97.75418	-143.4724	0	110.6559	-3.415375	76.13506	-131.8938	
332	-97.98862	-143.4724	0	110.6559	-8.966705	69.35053	-131.1508	
333	-97.98862	-143.7068	0	110.6559	-9.091492	67.17748	-137.7918	
334	-97.98862	-142.3002	0	110.6559	-6.301147	66.39855	-142.492	
335	-97.51974	-142.7691	0	110.6559	-5.813416	62.41827	-144.3284	
336	-97.75418	-143.7068	0	110.6559	-10.38751	53.52857	-146.7923	
337	-97.98862	-142.5347	0	110.6559	-17.47479	43.60013	-147.9901	
338	-97.75418	-143.238	0	110.6559	-18.40076	41.32297	-147.6035	
339	-97.75418	-141.1281	0	110.6559	-17.73322	41.36509	-146.9353	
340	-97.51974	-142.7691	0	110.6559	-18.9404	39.44186	-146.9047	
341	-97.75415	-143.238	0	110.6559	-20.513	36.64117	-149.8371	
342	-97.75415	-143.7068	0	110.8903	-23.32291	32.18021	-151.1787	
343	-97.98859	-143.7068	0	110.8903	-26.14444	28.18777	-153.1178	
344	-97.98859	-143.7068	0	110.8903	-29.98184	25.56946	-155.102	
345	-97.98859	-142.3002	0	110.8903	-31.67319	20.12041	-152.1293	
346	-97.51974	-143.238	0	110.8903	-35.23535	17.581	-152.265	
347	-97.75415	-143.238	0	110.8903	-41.21594	16.59342	-151.0731	
348	-97.75415	-143.0035	0	110.6559	-42.94763	11.96263	-146.1405	
349	-97.75415	-143.0035	0	110.6559	-41.26691	12.88398	-145.3835	
350	-97.75415	-140.8936	0	110.8903	-39.45456	14.92529	-146.7151	
351	-97.51974	-142.5347	0	110.6559	-38.82358	15.1659	-147.4454	
352	-97.75415	-143.0035	0	110.6559	-39.17352	14.14335	-148.4604	
353	-97.75415	-143.7068	0	110.6559	-39.46313	14.8964	-150.9443	
354	-97.98859	-143.238	0	110.6559	-40.59515	15.52506	-153.6376	
355	-98.22302	-143.4724	0	110.8903	-41.37845	15.79275	-156.8503	
356	-97.98859	-142.3002	0	110.8903	-40.28473	16.6541	-159.5439	
357	-97.75415	-143.0035	0	110.6559	-40.94052	16.70694	-158.5614	
358	-97.75415	-142.7691	0	110.6559	-41.34781	15.22331	-155.7744	
359	-97.98859	-143.0035	0	110.6559	-41.23111	15.23965	-157.4464	
360	-97.98859	-143.0035	0	110.4214	-41.88843	11.85237	-152.8377	
361	-97.98859	-141.1281	0	109.9526	-44.00235	8.432477	-149.7277	
362	-97.51971	-142.3002	0	107.1394	-44.97791	7.711272	-149.2538	
363	-97.98859	-143.0035	0	106.905	-46.00934	6.771667	-150.3938	
364	-97.98859	-143.7068	0	106.6705	-49.14417	1.63402	-144.2331	
365	-98.22302	-143.2379	0	106.6705	-52.10843	-9.854401	-133.48	
366	-98.22302	-143.2379	0	106.6705	-52.08704	-31.33646	-114.7236	
367	-98.22302	-142.3002	0	106.905	-44.63071	-51.42056	-97.82391	
368	-97.98859	-142.7691	0	106.6705	-33.55859	-62.89966	-89.13806	
369	-97.98859	-142.7691	0	106.4361	-23.51276	-70.30032	-84.64035	
370	-98.22302	-143.0035	0	106.6705	-17.10605	-75.50909	-81.87482	
371	-97.98859	-143.0035	0	106.6705	-11.47247	-84.43491	-78.05106	
372	-97.98859	-141.1281	0	107.1394	-8.230133	-94.04007	-73.83749	
373	-97.75415	-142.0658	0	106.905	-7.890289	-99.1832	-72.08459	
374	-97.98859	-143.0035	0	106.6705	-7.637329	-103.7475	-71.31451	
375	-97.98859	-143.7068	0	106.6705	-8.634033	-109.4404	-70.4035	
376	-98.22302	-143.2379	0	106.6705	-11.46332	-113.7616	-69.36401	
377	-98.22302	-143.4724	0	106.6705	-11.43674	-113.7905	-70.9447	
378	-98.22302	-142.0658	0	106.905	-10.9581	-115.6313	-72.97116	
379	-97.98859	-143.0035	0	106.905	-10.34302	-119.2586	-75.58752	
380	-98.22302	-143.0035	0	106.905	-10.49857	-120.8293	-77.00244	
381	-97.98859	-142.7691	0	106.905	-12.13019	-120.0961	-76.55719	
382	-97.98859	-142.7691	0	106.905	-12.57166	-120.6447	-76.72034	
383	-98.22302	-140.8936	0	107.1394	-12.09872	-120.5767	-77.1676	
384	-97.75415	-142.0658	0	106.905	-11.47897	-120.8525	-77.49234	
385	-97.98859	-142.7691	0	106.905	-11.10834	-120.449	-77.92688	
386	-97.98859	-143.7068	0	106.905	-10.88943	-120.8498	-78.70691	
387	-98.22302	-143.7068	0	106.905	-10.73364	-121.5961	-78.94229	
388	-98.22302	-143.0035	0	106.905	-10.16638	-122.6344	-78.56335	
389	-97.98859	-140.8936	0	107.1394	-9.522003	-123.5322	-77.20163	
390	-97.75415	-143.0035	0	106.905	-9.36676	-125.2643	-75.24841	
391	-97.98859	-143.4724	0	106.905	-9.371185	-126.1723	-74.33517	
392	-98.22302	-143.7068	0	106.905	-9.158142	-126.784	-73.09503	
393	-98.45743	-143.2379	0	106.905	-8.753448	-128.6561	-69.62875	
394	-98.45743	-143.0035	0	106.905	-9.300781	-129.6382	-65.93396	
395	-98.22302	-142.3002	0	106.905	-10.5369	-131.3786	-61.95175	
396	-97.98859	-142.7691	0	106.905	-11.45914	-130.9351	-60.63779	
397	-98.22302	-143.0035	0	106.905	-11.95291	-130.5114	-62.26974	
398	-97.98859	-142.5347	0	107.1394	-12.84973	-129.808	-60.31247	
399	-98.22302	-143.0035	0	106.905	-14.15765	-129.5608	-56.59766	
400	-97.98859	-141.1281	0	107.1394	-15.75427	-129.5464	-55.59589	
401	-97.75415	-142.3002	0	106.905	-17.76358	-130.7775	-53.70789	
402	-97.98856	-142.7691	0	106.905	-23.08719	-129.7734	-49.25439	
403	-98.22299	-143.0035	0	106.905	-25.83466	-132.0527	-49.84036	
404	-98.22299	-143.7068	0	106.905	-28.3035	-131.819	-48.87033	
405	-98.22299	-143.7068	0	106.905	-29.44312	-132.0515	-49.69571	
406	-98.45743	-142.0658	0	106.905	-30.14505	-131.3156	-49.65961	
407	-97.98859	-143.0035	0	106.905	-30.70694	-130.4386	-49.77789	
408	-97.98859	-143.2379	0	106.905	-29.79242	-129.501	-50.24646	
409	-98.22302	-143.0035	0	106.905	-29.74228	-128.7899	-49.34717	
410	-97.98859	-142.7691	0	106.905	-28.76752	-128.4102	-49.64978	
411	-97.98859	-141.3625	0	107.1394	-27.97272	-128.2655	-50.04431	
412	-97.75415	-142.0658	0	107.1394	-27.7099	-128.3225	-50.17822	
413	-97.98856	-142.7691	0	106.905	-27.50742	-128.7396	-50.5372	
414	-98.22299	-142.5347	0	107.1394	-27.53775	-128.925	-50.72079	
415	-98.22299	-143.7068	0	106.905	-27.93546	-129.2737	-50.92877	
416	-98.22299	-143.0035	0	106.905	-28.11566	-129.443	-51.05118	
417	-98.22299	-142.0658	0	106.905	-28.20825	-129.5098	-51.10931	
418	-97.98856	-143.0035	0	106.905	-28.0661	-129.4949	-51.1868	
419	-97.98856	-142.5347	0	106.905	-28.15759	-129.6378	-51.3439	
420	-98.22299	-143.0035	0	106.905	-28.15863	-129.7893	-51.19504	
421	-97.98856	-143.0035	0	107.1394	-28.17041	-130.186	-50.99969	
422	-97.98856	-141.1281	0	107.1394	-28.3981	-130.455	-50.8826	
423	-97.75412	-142.3002	0	106.905	-28.29181	-130.726	-50.36865	
424	-97.98856	-143.0035	0	106.905	-28.3858	-131.1636	-50.01834	
425	-97.98856	-143.7068	0	106.905	-28.3942	-131.3128	-49.96503	
426	-98.22299	-143.4724	0	106.905	-28.51407	-131.453	-49.75253	
427	-98.22299	-143.2379	0	106.905	-28.52963	-131.3017	-49.85263	
428	-98.4574	-142.0658	0	107.1394	-28.46939	-131.102	-50.08282	
429	-97.75412	-142.5347	0	106.905	-28.10162	-130.9964	-50.52817	
430	-98.22296	-143.0035	0	106.905	-28.20612	-131.0369	-50.3584	
431	-98.22296	-143.0035	0	106.905	-27.98547	-131.4012	-50.61987	
432	-97.98856	-142.7691	0	106.905	-27.97604	-132.7171	-50.69531	
433	-97.98856	-141.1281	0	107.1394	-27.95728	-134.351	-50.11853	
434	-97.75409	-142.3002	0	107.1394	-27.67746	-135.7619	-49.34167	
435	-97.98853	-143.0035	0	106.905	-27.67319	-137.1324	-49.02573	
436	-97.98853	-143.2379	0	106.905	-27.50714	-138.5594	-49.83328	
437	-98.22296	-143.0035	0	106.905	-26.79767	-139.5849	-51.63397	
438	-98.22296	-142.7691	0	106.905	-26.58899	-139.671	-52.5672	
439	-98.22296	-140.8936	0	107.1394	-26.83829	-139.396	-52.69788	
440	-97.75409	-143.0035	0	106.905	-27.00467	-139.3121	-53.10886	
441	-97.98853	-143.0035	0	106.905	-27.65579	-139.5576	-52.8797	
442	-97.98853	-143.4724	0	106.905	-27.82642	-139.9579	-52.9043	
443	-98.22296	-143.2379	0	106.905	-28.44058	-140.263	-52.63019	
444	-98.22296	-143.4724	0	107.1394	-28.98416	-140.7879	-52.90707	
445	-98.22296	-141.8314	0	106.905	-29.57953	-141.3093	-53.23761	
446	-97.98853	-143.0035	0	106.905	-29.72141	-141.8584	-54.22107	
447	-98.22296	-143.0035	0	106.905	-30.4075	-142.2797	-54.92786	
448	-98.22296	-142.7691	0	106.905	-31.1907	-142.5768	-55.49625	
449	-98.22296	-143.0035	0	106.6705	-31.75388	-142.7682	-55.90857	
450	-98.22296	-141.1281	0	107.1394	-32.69513	-142.8546	-56.08572	
451	-97.75409	-142.3002	0	107.1394	-33.58685	-142.9462	-56.58173	
452	-97.75409	-143.0035	0	106.905	-34.19556	-142.7258	-56.88229	
453	-98.22296	-143.0035	0	106.905	-34.06091	-142.3451	-57.31009	
454	-97.98853	-143.0035	0	106.905	-34.13376	-142.0421	-57.42633	
455	-98.22296	-142.7691	0	107.1394	-34.15399	-141.7412	-58.05695	
456	-98.22296	-140.6592	0	107.1394	-34.39978	-141.6421	-58.41019	
457	-97.75409	-143.0035	0	106.905	-34.60849	-141.5228	-58.72797	
458	-97.98853	-143.0035	0	106.905	-34.69495	-141.581	-58.71585	
459	-98.22296	-143.7068	0	106.905	-34.707	-141.574	-58.63443	
460	-97.98853	-143.4724	0	107.1394	-34.95706	-141.4073	-58.57132	
461	-98.22296	-143.7068	0	106.905	-34.90887	-141.2347	-58.89838	
462	-98.22296	-141.8314	0	106.905	-34.76422	-140.7901	-58.85416	
463	-97.75409	-143.0035	0	106.905	-34.57419	-140.4823	-59.12314	
464	-98.22296	-142.7691	0	106.905	-34.40616	-140.3107	-59.33734	
465	-97.98853	-143.0035	0	106.905	-34.46762	-139.9847	-59.72751	
466	-97.98853	-143.0035	0	106.905	-34.75143	-139.7584	-60.38074	
467	-98.22296	-140.8936	0	107.1394	-34.7493	-139.4247	-61.07822	
468	-97.75409	-142.3002	0	107.1394	-34.35995	-139.0183	-61.08887	
469	-97.98853	-143.0035	0	106.905	-34.01636	-138.4531	-61.79184	
470	-97.98853	-143.7068	0	106.905	-33.98972	-137.8621	-63.04462	
471	-98.22296	-143.0035	0	106.905	-33.61206	-137.1268	-63.87579	
472	-98.22296	-143.7068	0	106.905	-33.2626	-136.8576	-64.19797	
473	-98.22296	-142.0658	0	106.905	-33.21927	-136.8162	-64.21927	
474	-97.98853	-143.0035	0	106.905	-33.14117	-136.874	-64.66483	
475	-97.98853	-142.5347	0	106.905	-33.06812	-136.6781	-64.94131	
476	-97.98853	-143.0035	0	106.905	-32.8252	-136.5085	-65.2171	
477	-98.22296	-143.0035	0	106.905	-32.50995	-136.3353	-65.54276	
478	-97.98853	-141.1281	0	106.905	-32.37576	-136.2023	-65.81711	
479	-97.75409	-141.8314	0	106.905	-31.94742	-135.9745	-66.53076	
480	-97.98853	-142.7691	0	106.905	-31.51349	-135.5759	-67.34229	
481	-98.22296	-143.0035	0	106.905	-30.8111	-135.2726	-68.04303	
482	-98.22296	-143.0035	0	107.1394	-30.55991	-135.1574	-68.1897	
483	-97.98853	-143.0035	0	106.905	-30.44467	-135.1358	-68.51932	
484	-97.98853	-141.3625	0	107.1394	-30.23248	-135.0701	-68.67358	
485	-97.75409	-142.7691	0	106.905	-29.96521	-135.2446	-68.57959	
486	-98.22296	-143.0035	0	106.905	-29.76062	-135.2811	-68.67627	
487	-98.22296	-143.2379	0	106.905	-29.8273	-135.3547	-68.83905	
488	-98.22296	-143.0035	0	106.905	-29.92245	-135.3249	-68.86337	
489	-98.22296	-142.7691	0	106.905	-29.96347	-135.5485	-68.67218	
490	-97.98853	-140.6592	0	107.3738	-29.83585	-135.5977	-68.52811	
491	-97.75409	-142.7691	0	106.905	-29.6904	-135.5178	-68.78247	
492	-97.98853	-142.7691	0	106.905	-29.6936	-135.555	-68.90793	
493	-98.22296	-143.7068	0	106.905	-29.81583	-135.9389	-68.57175	
494	-98.22296	-143.4724	0	106.905	-29.56882	-135.923	-68.44974	
495	-98.22296	-143.0035	0	106.905	-29.80392	-136.3175	-68.21539	
496	-98.22296	-142.3002	0	106.905	-29.97714	-136.6904	-67.7019	
497	-97.98849	-142.5347	0	106.905	-30.14206	-137.049	-67.08243	
498	-97.98849	-143.0035	0	107.1394	-30.11197	-136.9778	-67.0679	
499	-97.98849	-142.5347	0	106.905	-29.86856	-136.4574	-67.76746	
500	-98.22296	-143.0035	0	106.905	-29.59445	-135.7471	-68.36517	
501	-97.98849	-141.3625	0	107.1394	-29.23587	-135.9742	-68.78958	
502	-97.75406	-142.3002	0	106.905	-29.6955	-136.3748	-68.25504	
503	-97.75406	-143.0035	0	106.905	-29.97125	-137.0797	-67.57922	
504	-97.98849	-143.7068	0	106.905	-28.82748	-136.3531	-66.82208	
505	-98.22293	-143.2379	0	106.905	-27.20966	-134.5357	-69.00595	
506	-98.22293	-143.7068	0	106.905	-26.98264	-133.6987	-71.54736	
507	-98.22293	-142.0658	0	106.905	-27.17453	-133.6883	-72.61212	
508	-97.98849	-142.7691	0	106.905	-27.26016	-134.0878	-72.57794	
509	-97.98849	-142.7691	0	106.905	-27.60287	-134.7188	-72.05313	
510	-97.98849	-143.0035	0	106.905	-28.36536	-135.2566	-70.93005	
511	-97.98849	-142.5347	0	106.905	-28.63135	-136.012	-70.21124	
512	-97.98849	-140.8936	0	107.1394	-29.11987	-136.7076	-69.09247	
513	-97.98849	-141.8314	0	106.905	-29.18472	-136.8058	-67.88297	
514	-97.98849	-143.0035	0	106.905	-28.67825	-137.3244	-67.28528	
515	-97.98849	-143.4724	0	106.905	-28.2851	-137.5598	-67.27554	
516	-98.22293	-143.7068	0	106.905	-28.17361	-137.4047	-67.15546	
517	-97.98849	-143.0035	0	106.905	-27.29803	-137.0173	-68.00116	
518	-98.22293	-140.6592	0	107.1394	-27.26898	-136.2848	-68.95068	
519	-97.75406	-143.0035	0	106.905	-27.59659	-135.3634	-69.53171	
520	-97.98849	-143.238	0	106.6705	-28.68558	-134.6174	-68.52063	
521	-98.22293	-143.0035	0	106.905	-29.73615	-135.2212	-68.58865	
522	-97.98849	-143.4724	0	106.905	-30.50739	-135.8229	-67.83649	
523	-97.98849	-143.4724	0	106.6705	-29.86551	-135.9526	-67.91516	
524	-98.22293	-142.0658	0	107.1394	-30.12427	-135.5491	-66.55383	
525	-97.75406	-143.0035	0	106.905	-31.16132	-135.8644	-63.71655	
526	-97.98849	-142.7691	0	106.905	-33.19873	-136.1577	-58.2272	
527	-98.22293	-143.0035	0	106.905	-35.64655	-137.7905	-49.65784	
528	-97.98849	-143.0035	0	106.905	-34.67581	-140.1223	-40.7341	
529	-98.22293	-140.4248	0	107.1394	-30.35132	-143.8822	-28.35641	
530	-97.75406	-142.3002	0	106.905	-23.87796	-149.494	-11.19443	
531	-97.98849	-143.0035	0	106.905	-17.12793	-151.9193	4.32231	
532	-97.98849	-143.4724	0	106.905	-10.71497	-152.3775	15.97238	
533	-98.22293	-143.4724	0	106.905	-6.176666	-150.9346	22.23051	
534	-98.22293	-143.4724	0	106.905	-3.102936	-150.0516	22.96975	
535	-98.22293	-141.8314	0	106.905	-0.9806519	-150.223	25.03427	
536	-97.75406	-143.0035	0	106.6705	-1.39386	-150.9475	29.64134	
537	-97.98849	-143.0035	0	106.6705	-2.878662	-152.6148	35.96423	
538	-97.98849	-142.5347	0	106.4361	-3.035461	-153.9449	41.64828	
539	-97.98849	-142.7691	0	106.6705	-0.9988708	-153.4388	44.54888	
540	-97.98849	-140.6592	0	106.905	0.4705037	-153.0824	49.18922	
541	-97.75406	-142.3002	0	106.4361	1.641524	-151.9475	51.18549	
542	-97.98849	-142.7691	0	106.6705	0.7154254	-151.5632	52.23551	
543	-97.98849	-143.4724	0	106.6705	0.7669669	-150.9676	53.42596	
544	-98.22293	-143.4724	0	106.6705	1.493662	-150.8262	53.17869	
545	-98.22293	-143.238	0	106.6705	1.523879	-150.9203	54.85351	
546	-98.22293	-142.0658	0	106.6705	2.618164	-152.0529	58.02535	
547	-97.75406	-142.7691	0	106.6705	5.296903	-153.8577	62.45073	
548	-97.98849	-142.7691	0	106.6705	5.920759	-153.659	68.52798	
549	-98.22293	-143.0035	0	106.4361	7.568839	-153.0983	65.89823	
550	-97.98849	-142.7691	0	106.6705	6.826166	-152.9032	68.08193	
551	-97.98849	-140.4248	0	106.905	4.378293	-153.5688	74.50139	
552	-97.51962	-142.5347	0	106.6705	5.388926	-152.4236	77.78903	
553	-97.98849	-142.5347	0	106.6705	7.288877	-151.574	80.814	
554	-97.98849	-143.4724	0	106.6705	7.983524	-152.4855	82.65189	
555	-98.2229	-143.2379	0	106.6705	7.757165	-151.8403	84.86915	
556	-98.2229	-143.0035	0	106.6705	7.449292	-150.7231	88.66468	
557	-98.2229	-142.0658	0	106.6705	6.18054	-149.4935	93.11364	
558	-97.75406	-142.7691	0	106.6705	5.238546	-147.1348	100.6081	
559	-97.98849	-142.7691	0	106.6705	4.408438	-146.8096	113.4684	
560	-97.98849	-142.7691	0	106.6705	2.220603	-146.3826	129.0554	
561	-97.98849	-142.7691	0	106.6705	2.306926	-146.0072	139.4482	
562	-97.98849	-140.8936	0	107.1394	4.147666	-144.2294	147.9619	
563	-97.75403	-142.3002	0	106.6705	7.252542	-142.1793	157.0184	
564	-97.98846	-142.5347	0	106.6705	11.87555	-141.8457	167.8521	
565	-97.98846	-143.4724	0	106.6705	15.73117	-140.2296	175.4877	
566	-98.2229	-143.0035	0	106.6705	16.22451	-138.8354	-179.0359	
567	-98.2229	-143.4724	0	106.6705	16.1208	-138.4939	-174.6284	
568	-98.2229	-141.8314	0	106.6705	15.5902	-137.9077	-169.8237	
569	-97.98846	-143.0035	0	106.6705	15.12317	-137.2569	-165.3227	
570	-98.2229	-142.5347	0	106.6705	13.72867	-137.4503	-163.7978	
571	-97.98846	-142.7691	0	106.4361	12.44461	-138.4495	-163.4028	
572	-97.98846	-142.5347	0	106.6705	12.42715	-138.1759	-163.1036	
573	-97.98846	-140.8936	0	106.905	12.98411	-138.6533	-162.2784	
574	-97.51959	-142.0658	0	106.6705	12.54968	-139.4963	-161.7036	
575	-97.98846	-142.7691	0	106.6705	11.25172	-139.4509	-160.4138	
576	-98.2229	-143.238	0	106.6705	11.13413	-139.8538	-158.6258	
577	-98.2229	-143.238	0	106.6705	11.76175	-139.7659	-155.702	
578	-98.2229	-143.4724	0	106.6705	11.90533	-140.0697	-151.2697	
579	-98.2229	-142.3002	0	106.6705	12.65414	-141.3808	-148.4948	
580	-97.98846	-143.0035	0	106.6705	12.25165	-141.6702	-148.5235	
581	-98.2229	-143.0035	0	106.6705	11.95159	-141.3061	-147.3998	
582	-98.2229	-142.5347	0	106.6705	12.06988	-141.0965	-145.8395	
583	-98.2229	-142.7691	0	106.6705	11.72937	-140.7101	-145.1601	
584	-98.2229	-140.4248	0	107.1394	10.80903	-140.5246	-143.9326	
585	-97.75403	-142.3002	0	106.6705	10.60228	-140.1796	-139.9415	
586	-97.98846	-142.5347	0	106.6705	9.772544	-142.0992	-140.4291	
587	-98.2229	-143.4724	0	106.6705	7.258574	-146.3902	-144.9262	
588	-98.2229	-143.4724	0	106.6705	4.549542	-146.3293	-140.9886	
589	-98.2229	-143.2379	0	106.6705	5.400373	-142.8	-133.1148	
590	-98.45734	-142.3002	0	106.905	5.627874	-145.4257	-130.5275	
591	-97.98846	-143.0035	0	106.6705	6.407723	-150.4187	-125.4259	
592	-98.2229	-142.7691	0	106.6705	6.880952	-156.7186	-121.8017	
593	-97.98846	-143.0035	0	106.905	8.296376	-156.2851	-116.4262	
594	-97.98846	-143.0035	0	106.905	9.764539	-154.8533	-116.4574	
595	-97.98846	-140.8936	0	107.3738	12.73836	-155.1117	-114.4852	
596	-97.75403	-142.3002	0	107.1394	17.02217	-155.2307	-111.3017	
597	-97.98846	-142.5347	0	106.905	19.32994	-156.4937	-109.3575	
598	-97.98846	-143.2379	0	107.1394	19.03017	-155.2988	-110.3592	
599	-98.2229	-143.4724	0	106.905	18.97522	-154.1576	-109.3843	
600	-98.2229	-143.4724	0	106.905	18.96283	-153.8415	-108.4808	
601	-98.2229	-142.0658	0	106.905	18.68661	-153.405	-107.8949	
602	-97.98846	-143.0035	0	107.1394	18.18294	-153.576	-107.2912	
603	-97.98846	-142.7691	0	106.905	17.47236	-153.0366	-105.3351	
604	-97.98846	-143.0035	0	106.905	16.25177	-151.7394	-101.1824	
605	-98.2229	-143.0035	0	106.905	15.34695	-150.8165	-97.41943	
606	-97.98846	-141.1281	0	107.1394	14.52362	-149.8996	-94.97009	
607	-97.75403	-142.5347	0	107.1394	14.43613	-149.7437	-94.42249	
608	-97.98846	-142.5347	0	106.905	14.66189	-149.4869	-94.18823	
609	-98.22287	-143.2379	0	107.1394	14.93495	-148.9506	-93.65393	
610	-98.22287	-143.7068	0	106.905	14.9261	-148.9014	-92.9068	
611	-98.22287	-143.4724	0	107.1394	14.72556	-147.468	-90.55359	
612	-98.22287	-142.0658	0	107.1394	14.56925	-148.0249	-90.91434	
613	-97.98843	-143.0035	0	106.905	14.77421	-148.4892	-91.34399	
614	-97.98843	-143.0035	0	106.905	15.1699	-148.7773	-91.82706	
615	-97.98843	-143.0035	0	106.905	15.27026	-148.9588	-91.92358	
616	-97.98843	-142.7691	0	106.905	14.96054	-149.776	-92.11261	
617	-98.22287	-141.3625	0	107.3738	14.58397	-150.9184	-92.76917	
618	-97.75403	-142.5346	0	106.905	14.93195	-151.4827	-93.3031	
619	-97.98843	-142.7691	0	106.905	14.95677	-150.7486	-92.31735	
620	-98.22287	-143.4724	0	107.1394	14.01897	-151.3079	-92.67679	
621	-98.22287	-143.7068	0	106.905	12.17254	-152.017	-95.49963	
622	-98.45731	-143.7068	0	106.905	10.68421	-152.6171	-95.52869	
623	-98.22287	-142.0658	0	107.1394	11.03424	-152.6499	-93.63132	
624	-97.98843	-143.0035	0	106.905	11.82225	-152.7393	-92.56134	
625	-97.98843	-142.7691	0	106.905	11.26978	-154.4191	-95.13998	
626	-97.98843	-143.0035	0	106.905	9.132006	-156.3358	-97.72729	
627	-98.22287	-142.7691	0	106.905	7.370199	-156.6691	-100.0858	
628	-97.98843	-140.8936	0	107.3738	5.668634	-155.3386	-102.662	
629	-97.754	-142.5346	0	107.1394	4.528498	-156.2596	-105.9856	
630	-97.9884	-143.0035	0	106.905	4.352798	-154.8709	-109.9028	
631	-98.22287	-143.2379	0	106.905	6.236901	-155.873	-115.5707	
632	-97.9884	-143.0035	0	106.905	8.469606	-155.6669	-119.6047	
633	-97.9884	-143.2379	0	106.905	10.96077	-154.3905	-119.2381	
634	-97.9884	-142.0658	0	106.905	12.07571	-154.4767	-117.3629	
635	-97.754	-142.7691	0	106.905	12.42297	-154.5	-116.2543	
636	-97.754	-142.5346	0	106.905	13.33996	-154.7348	-114.3491	
637	-97.9884	-142.5346	0	106.905	12.19823	-154.7499	-112.5458	
638	-97.9884	-142.5346	0	106.6705	12.60514	-156.868	-111.0367	
639	-97.9884	-140.8936	0	107.1394	13.90667	-157.1859	-108.4199	
640	-97.51953	-141.8314	0	106.905	14.86584	-158.6613	-106.7945	
641	-97.9884	-142.3002	0	104.7951	14.5134	-159.6577	-106.4698	
642	-97.9884	-136.9083	0	101.513	13.65094	-159.4428	-104.3559	
643	-92.8309	-124.249	0	101.7475	12.60672	-161.3505	-109.1501	
644	-81.81259	-120.0292	0	101.7475	14.46698	-163.2902	-107.734	
645	-76.42065	-98.9303	0	101.9819	15.72936	-164.4216	-105.6723	
646	-74.77963	-91.89734	0	107.3738	17.69892	-166.4558	-107.7091	
647	-71.96646	-90.49072	0	113.0002	19.4916	-166.4024	-110.2118	
648	-71.96646	-83.22333	0	116.0478	18.79313	-165.4537	-112.7177	
649	-71.96646	-81.81677	0	118.861	17.65566	-164.6413	-113.0356	
650	-71.73203	-83.6922	0	124.0185	17.24479	-163.7186	-108.5036	
651	-72.43533	-89.08414	0	125.6595	19.53102	-164.3773	-102.388	
652	-71.73206	-92.13177	0	125.6595	20.00159	-162.8922	-98.79568	
653	-71.73206	-93.30392	0	125.6595	19.25347	-163.1395	-95.05765	
654	-72.43536	-99.39917	0	125.6595	18.87659	-162.7334	-92.01541	
655	-74.77966	-100.1024	0	125.6595	18.82786	-159.9986	-87.62775	
656	-75.0141	-99.86801	0	125.6595	18.60167	-157.3626	-86.67407	
657	-75.0141	-100.3369	0	125.8939	17.13292	-156.8969	-85.10919	
658	-75.0141	-100.3369	0	125.8939	17.11746	-155.6877	-85.30811	
659	-74.77966	-100.1024	0	125.8939	16.47656	-158.5731	-86.20358	
660	-75.0141	-100.3369	0	126.1284	17.43184	-161.4971	-82.64465	
661	-75.24854	-100.8057	0	129.4104	19.6514	-163.6114	-79.6232	
662	-75.95184	-101.2746	0	130.817	18.86928	-162.5818	-74.59851	
663	-75.24854	-101.7435	0	132.6925	19.33663	-161.4206	-70.90271	
664	-76.18625	-101.9779	0	134.5679	18.42787	-161.6666	-71.40753	
665	-76.42068	-101.9779	0	135.0368	17.90841	-160.281	-71.97342	
666	-76.18625	-101.7435	0	135.2712	16.62073	-159.0293	-68.49329	
667	-78.53058	-101.2746	0	135.0368	15.25482	-158.0063	-63.49472	
668	-82.04706	-101.7435	0	135.2712	12.95111	-160.5097	-63.26245	
669	-82.75037	-101.7435	0	135.2712	12.52125	-162.7825	-65.89722	
670	-86.50128	-101.2746	0	135.5057	13.52418	-161.5753	-64.92279	
671	-92.5965	-101.2746	0	135.5057	12.12097	-161.6934	-65.59149	
672	-95.87854	-101.0402	0	134.8024	9.72465	-161.5356	-68.63266	
673	-95.87854	-101.7435	0	135.5057	8.89733	-160.7048	-71.35626	
674	-98.45731	-102.9156	0	135.7401	8.522168	-159.8481	-78.34085	
675	-99.62946	-103.6189	0	135.9745	6.043499	-160.3842	-87.27142	
676	-99.86389	-104.0878	0	136.209	3.091434	-160.913	-93.97684	
677	-99.86389	-104.0878	0	136.209	1.422154	-159.2119	-91.70859	
678	-99.86389	-103.8534	0	135.7401	1.863889	-158.1227	-82.4317	
679	-99.39502	-104.0878	0	136.209	-0.09558105	-159.7369	-74.50415	
680	-99.62946	-104.0878	0	136.4434	0.7686823	-155.9865	-64.95319	
681	-99.86389	-104.0878	0	136.209	0.3976039	-156.089	-60.07321	
682	-99.62946	-104.0878	0	136.209	2.217421	-155.0469	-58.47946	
683	-99.62946	-103.3845	0	135.5057	2.294543	-154.1614	-61.73611	
684	-99.16058	-104.0878	0	135.9745	1.48951	-151.4002	-64.34641	
685	-99.62946	-104.0878	0	136.209	-0.3838806	-152.7464	-59.82782	
686	-99.62946	-104.3222	0	136.209	-3.104248	-155.2119	-52.74884	
687	-99.62946	-104.3222	0	135.9745	-3.311432	-156.2226	-47.60785	
688	-99.62946	-104.3222	0	136.209	-4.630707	-157.6415	-44.73724	
689	-99.86389	-103.6189	0	135.9745	-9.072845	-156.6758	-43.76428	
690	-99.39502	-104.0878	0	136.209	-9.043182	-158.1325	-44.04767	
691	-99.62946	-104.0878	0	136.209	-8.725403	-158.7899	-47.04611	
692	-99.62946	-104.0878	0	136.209	-9.624878	-161.0413	-46.60187	
693	-99.86389	-103.8534	0	136.209	-10.99847	-164.3078	-41.49631	
694	-99.62946	-103.6189	0	135.5057	-11.62671	-166.5068	-35.67496	
695	-99.39502	-103.8534	0	135.7401	-10.94955	-164.9971	-36.60901	
696	-99.62946	-104.0878	0	136.209	-9.305939	-163.953	-36.98917	
697	-99.62946	-104.3222	0	136.209	-9.847107	-163.4832	-38.88248	
698	-99.86389	-104.3222	0	135.9745	-9.434814	-162.1636	-41.83383	
699	-99.62946	-104.3222	0	135.9745	-8.220184	-162.4638	-43.5423	
700	-99.62946	-103.6189	0	135.9745	-7.643066	-163.319	-44.68835	
701	-99.39502	-104.3222	0	136.209	-8.016083	-162.6747	-43.0177	
702	-99.62946	-104.3222	0	135.9745	-8.454285	-161.3708	-38.93295	
703	-99.62946	-104.3222	0	136.209	-7.185516	-162.2218	-39.80109	
704	-99.62946	-104.0878	0	136.209	-7.976044	-161.9568	-40.70621	
705	-99.62946	-103.6189	0	135.5057	-6.907684	-159.4044	-42.35641	
706	-99.16061	-103.8533	0	135.9745	-4.682983	-155.7527	-43.20972	
707	-99.62946	-104.0878	0	136.209	-7.547913	-155.2581	-46.48621	
708	-99.62946	-104.3222	0	136.209	-10.29327	-149.7868	-50.07474	
709	-99.86389	-104.3222	0	136.209	-9.410309	-143.7357	-49.09937	
710	-99.86389	-104.0878	0	136.209	-6.302032	-140.7376	-56.55432	
711	-99.62946	-103.8533	0	135.9745	-2.891479	-138.1296	-63.64026	
712	-99.39502	-104.0878	0	136.209	-0.2243958	-134.9948	-65.4809	
713	-99.62946	-104.0878	0	136.209	1.462043	-135.6272	-67.61066	
714	-99.62946	-104.3222	0	136.209	3.331936	-138.0339	-71.28796	
715	-99.62946	-104.0878	0	136.209	7.418716	-141.8918	-75.5986	
716	-99.62946	-103.6189	0	135.5057	5.77994	-144.5831	-73.48019	
717	-99.16061	-104.0878	0	135.9745	3.438529	-146.789	-70.13019	
718	-99.62949	-104.3222	0	136.209	3.889095	-149.3105	-70.40921	
719	-99.62949	-104.7911	0	136.4434	0.640808	-149.5684	-64.24213	
720	-99.86389	-104.7911	0	136.209	-0.759613	-149.8404	-61.01453	
721	-99.86389	-104.7911	0	136.209	-4.153198	-149.8954	-56.74863	
722	-99.86389	-104.3222	0	135.9745	-7.0224	-150.1376	-55.25555	
723	-99.39505	-104.5566	0	136.209	-9.438568	-150.697	-56.33875	
724	-99.62949	-104.7911	0	136.209	-11.62372	-150.8127	-57.22009	
725	-99.62949	-104.7911	0	136.4434	-12.44882	-151.4705	-57.55862	
726	-99.62949	-104.3222	0	136.4434	-14.89633	-153.0975	-56.65891	
727	-99.62949	-104.0878	0	135.5057	-17.82779	-154.6343	-55.18707	
728	-99.39505	-104.5566	0	135.9745	-20.13254	-156.4057	-55.10284	
729	-99.62949	-104.5566	0	136.209	-22.67178	-157.7033	-53.4136	
730	-99.62949	-104.5566	0	136.209	-23.95227	-158.6311	-53.97806	
731	-99.86389	-104.7911	0	136.4434	-24.99438	-157.0613	-55.67899	
732	-99.86389	-104.7911	0	136.209	-27.43311	-156.2812	-56.3616	
733	-99.62949	-104.3222	0	135.9745	-29.23511	-155.1905	-57.56906	
734	-99.39505	-104.7911	0	136.209	-30.27222	-153.446	-61.78537	
735	-99.62949	-104.5566	0	136.4434	-31.63974	-151.9085	-64.82495	
736	-99.62949	-104.5566	0	136.4434	-32.61182	-150.832	-67.53479	
737	-99.62949	-104.5566	0	136.209	-33.25403	-149.7978	-70.08347	
738	-99.62949	-104.0878	0	135.5057	-32.56436	-148.5768	-73.1398	
739	-99.39505	-104.3222	0	136.209	-32.4126	-147.8808	-75.33765	
740	-99.62949	-104.5566	0	136.209	-31.76233	-147.6931	-76.09113	
741	-99.62949	-104.7911	0	136.209	-31.62146	-147.9115	-74.05002	
742	-99.86389	-104.7911	0	136.209	-32.51056	-148.5536	-72.64767	
743	-99.86389	-104.7911	0	136.209	-32.9632	-149.4169	-72.63916	
744	-99.62949	-104.3222	0	135.9745	-34.14197	-149.6085	-71.88342	
745	-99.39505	-104.7911	0	136.209	-35.05151	-149.3328	-72.74597	
746	-99.62949	-104.5566	0	136.209	-35.82626	-148.898	-73.73889	
747	-99.86389	-104.5566	0	136.209	-36.31866	-148.1831	-74.00595	
748	-99.62949	-104.5566	0	136.209	-36.01489	-147.4712	-74.55566	
749	-99.62949	-104.0878	0	135.7401	-34.82956	-147.5877	-75.41727	
750	-99.16061	-104.5566	0	135.9745	-33.66418	-148.0088	-75.8092	
751	-99.62949	-104.5566	0	136.209	-31.44135	-148.1955	-76.97919	
752	-99.62949	-104.791	0	136.4434	-26.93903	-146.8345	-79.18506	
753	-99.86389	-104.791	0	136.4434	-27.60812	-144.7516	-78.29984	
754	-99.86389	-105.0255	0	136.209	-24.4751	-143.7014	-83.10333	
755	-99.86389	-104.5566	0	135.9745	-18.18158	-143.689	-86.00568	
756	-99.39505	-105.0255	0	136.4434	-14.87857	-143.2937	-84.77194	
757	-99.62949	-104.5566	0	136.209	-15.2644	-143.1356	-83.26627	
758	-99.62949	-104.791	0	136.209	-16.16956	-144.235	-83.56851	
759	-99.62949	-104.791	0	136.209	-17.28073	-144.0204	-83.30286	
760	-99.62949	-104.0878	0	135.7401	-17.40869	-144.2664	-83.58398	
761	-99.16061	-104.5566	0	135.9745	-17.67548	-143.9202	-83.09036	
762	-99.62949	-104.5566	0	136.209	-18.03391	-143.8878	-83.2814	
763	-99.62949	-105.0255	0	136.209	-18.41998	-143.8861	-83.7738	
764	-99.86392	-105.0255	0	136.209	-18.5849	-143.5962	-83.7832	
765	-99.86392	-104.791	0	136.209	-18.5979	-143.2507	-83.69501	
766	-99.86392	-104.5566	0	135.9745	-18.66913	-143.1796	-83.76996	
767	-99.39505	-104.791	0	136.4434	-18.89648	-143.3806	-83.60757	
768	-99.62949	-104.791	0	136.209	-18.97284	-143.2211	-83.24774	
769	-99.62949	-104.791	0	136.209	-19.01297	-143.2962	-83.42935	
770	-99.62949	-104.791	0	136.209	-19.10864	-143.1657	-83.32999	
771	-99.39505	-104.0877	0	135.7401	-19.00162	-143.0672	-83.29767	
772	-99.16061	-104.3222	0	136.209	-19.03159	-143.0655	-83.31787	
773	-99.62949	-104.791	0	136.209	-19.10544	-143.1486	-83.05893	
774	-99.62949	-105.0255	0	136.209	-19.24237	-143.2881	-82.57904	
775	-99.86392	-104.791	0	136.209	-19.25058	-143.331	-82.77554	
776	-99.86392	-105.0255	0	136.4434	-19.21704	-143.3469	-83.18323	
777	-99.86392	-104.5566	0	135.9745	-19.19562	-143.1718	-83.44809	
778	-99.39505	-104.5566	0	136.4434	-19.01163	-142.9504	-83.75082	
779	-99.62949	-104.791	0	136.209	-19.06039	-142.9638	-83.85242	
780	-99.62949	-104.791	0	136.209	-19.18463	-142.9515	-83.66699	
781	-99.62949	-104.791	0	136.4434	-19.09564	-142.9106	-83.61331	
782	-99.62949	-104.0877	0	135.5057	-19.0766	-142.9165	-83.48074	
783	-99.16064	-104.5566	0	136.4434	-19.04391	-142.9572	-83.4256	
784	-99.62952	-104.791	0	136.4434	-19.12021	-142.8477	-83.42075	
785	-99.62952	-104.5566	0	136.209	-18.98892	-142.748	-83.49756	
786	-99.62952	-104.791	0	136.209	-19.00565	-142.7039	-83.41031	
787	-99.62952	-104.791	0	136.209	-19.07779	-142.827	-83.35355	
788	-99.62952	-104.5566	0	135.9745	-19.14502	-142.8527	-83.25201	
789	-99.39508	-104.791	0	136.209	-19.21759	-142.847	-83.37268	
790	-99.62952	-105.0255	0	136.209	-19.12177	-142.7564	-83.24591	
791	-99.62952	-105.0255	0	136.209	-19.16452	-142.8016	-83.20258	
792	-99.86392	-104.791	0	136.209	-19.1582	-142.8501	-83.25479	


Angle MV instances
Rotate	2.109894	2.109894	2.578766	2.578766	2.344308	2.109894	2.578744	2.578744	2.109894	2.578744	3.047638	3.282053	2.578766	2.34433	10.31503	10.315	5.391937	6.095215	2.813202	3.985352	8.908417	5.860779	5.626373	3.750916	4.219788	6.329681	9.142822	3.516479	4.454193	5.391937	3.282043	3.282043	2.813202	3.985352	4.454224	3.282043	3.047607	2.34433	3.047607	2.813171	2.109894	4.68866	3.047638	10.78387	2.578735	4.454193	2.109894	2.109894	3.750916	2.344299	6.798523	6.564087	3.750916	2.813202	7.736267	10.78384	5.86084	5.860809	3.282043	2.344299	2.109894	3.047607	2.109863	3.750916	2.578735	6.095215	8.205139	4.454224	4.923065	3.516479	2.34433	4.688629	5.157501	3.047607	2.578766	11.95602	12.4249	5.157501	11.01831	5.391937	2.813171	2.344299	2.34433	3.516479	3.750916	6.095215	3.282043	2.578766	
ChildRotate	2.109894	3.047607	3.047607	3.047607	2.109894	2.109894	11.48718	10.08057	21.09888	10.315	21.09888	20.63	5.391937	10.08058	2.57876	2.109886	6.564104	9.611694	2.109894	2.813171	2.578735	3.985321	7.032959	6.329681	18.75455	14.5348	3.047615	3.047615	7.267385	2.344299	2.578735	2.578758	2.57875	2.578758	13.59705	8.908417	5.391937	3.750916	13.59708	2.578735	6.564087	11.95605	7.501831	2.578735	4.219788	3.282043	6.329681	2.109879	3.750916	2.344315	3.985352	5.157501	2.813171	2.109894	2.109879	2.109894	2.109909	2.109909	2.109894	2.109894	2.34433	2.109909	2.109894	2.109894	2.34433	2.34433	2.578751	2.109894	2.344315	2.109879	2.344315	2.109894	5.391937	12.65932	4.219788	21.09888	7.032959	7.267395	5.391937	3.047638	6.095245	
RotateInverse	
ChildRotateInverse	3.750908	4.219757	3.282059	3.282059	3.516464	2.344322	3.282059	3.047615	3.750915	4.454193	3.282059	2.813187	10.54945	2.813179	2.109895	11.48717	3.047631	3.516472	3.047631	3.282044	19.45786	6.564093	18.28571	3.282044	2.344315	4.688652	4.454208	17.11353	3.047616	3.516479	4.219772	6.09523	13.36263	7.032957	8.673988	3.047615	4.454208	2.578747	12.65934	2.578743	7.501823	7.736252	18.98899	24.61536	3.047615	4.454201	9.846153	3.516479	2.109886	7.970688	7.736244	22.73991	3.985348	3.516472	2.813187	3.516472	5.860809	2.813187	2.344322	2.578751	3.750908	6.09523	6.564102	3.750916	2.813179	2.109886	3.282043	5.39193	5.626373	3.047607	2.813194	5.157501	3.282036	
Docking x	2.359802	2.139832	2.392548	2.528625	5.4552	6.46037	2.147844	2.703053	5.29997	2.171204	2.033356	2.24585	2.524598	5.410065	2.061523	2.413605	3.808838	2.807739	2.925476	2.071838	2.591492	2.2948	2.287811	2.524078	3.458038	3.609467	3.747223	2.733612	2.943634	5.789032	4.710964	5.551331	2.790344	4.574097	7.08728	2.809906	2.821533	3.837402	3.562164	5.980591	2.113922	3.134827	2.964264	7.456329	11.07211	10.04584	6.406708	5.633575	3.24234	2.829285	2.009308	5.323608	2.747467	2.468842	2.037415	2.447815	4.324493	6.473358	6.750031	6.412964	4.5383	3.07373	2.122284	2.036591	2.678739	2.447874	2.187835	3.104877	4.623012	3.855613	2.513969	2.709033	2.973817	4.28381	2.307775	2.137775	2.232705	2.491164	2.28623	2.219564	2.30371	2.396315	2.478669	2.952066	2.720367	4.442139	2.224701	2.864929	2.745361	3.108276	3.410553	2.667084	4.08678	2.34141	3.248287	3.393585	2.869202	2.416168	2.18515	2.44751	2.931458	2.304749	2.539246	2.438721	2.222839	4.502319	3.133026	6.293518	3.303009	
Docking y	2.526572	3.494507	3.066864	4.854553	3.777863	3.518036	5.254211	4.513275	4.367889	2.996033	3.468201	4.542175	4.767212	3.598907	2.081665	3.354858	2.345276	4.689056	9.477173	10.65274	13.03909	12.75644	10.81256	12.11868	6.882555	7.933945	6.953239	5.39259	5.259136	3.982292	5.59798	4.282784	3.809223	2.770409	2.501003	2.034576	2.831623	2.67189	5.320076	5.094147	2.368019	2.464439	2.413116	2.211952	2.798141	2.066109	2.362015	2.276039	2.204689	2.950005	5.254677	3.255951	2.944534	4.829117	2.351265	2.35704	2.726845	3.097664	3.194008	2.977562	2.282158	3.540268	2.819351	2.189384	2.609116	6.894989	6.784523	2.17305	3.980286	8.889698	9.92844	2.277157	2.800686	4.460964	3.992439	2.618303	5.449053	2.539412	4.630785	2.041312	3.387278	3.41989	5.137648	11.48842	21.48206	20.08411	11.4791	7.400665	5.208771	8.925812	9.605164	5.143127	4.564301	5.692932	4.321167	3.627274	2.279297	2.331772	3.759964	5.611786	2.425262	2.358719	2.050125	4.290985	3.529282	2.625671	4.993057	6.299835	2.118134	2.034164	2.734833	2.635986	2.885406	2.92395	2.114288	2.503418	2.272812	3.750366	2.761154	2.465485	2.251358	3.266556	2.198944	2.552414	3.651627	5.471313	6.051178	2.998032	2.608002	3.134796	2.406708	3.857986	2.691223	2.205978	2.521484	2.082932	
Docking z	3.053287	3.919916	6.602775	3.591425	3.901239	5.947849	6.653278	6.07679	5.657637	5.433588	3.99099	4.52944	2.142252	2.672203	3.09532	5.106808	3.433445	6.045386	3.925274	3.496235	3.438015	2.054993	3.425565	3.432689	3.945706	6.809289	2.360016	2.38797	3.374512	5.164825	2.065186	3.783539	3.951691	4.003998	3.087433	2.102905	3.250793	3.8284	4.19873	2.226105	3.746735	8.008087	9.101959	4.033722	3.781616	4.198547	4.000854	3.663849	3.166382	2.539063	2.20874	2.405823	3.834381	2.461914	2.061859	2.705505	3.253082	2.754517	2.240906	2.210663	3.176208	2.997284	4.843123	4.976381	7.142229	2.806136	2.283349	3.375521	4.911055	2.285299	4.463493	7.064861	3.526634	3.997528	6.800541	9.575245	12.75022	12.39037	10.15234	3.522758	4.913658	4.736931	2.813057	2.547249	4.885948	6.7826	7.008209	9.12529	9.977829	7.732895	2.736923	2.875214	3.120132	2.88089	2.881744	2.14447	2.777924	5.862686	7.364304	6.097931	11.81865	6.626282	3.557236	2.47908	2.161301	2.36235	6.641052	4.700119	2.463959	2.932449	2.972656	4.932602	2.483917	2.693329	3.212616	2.693634	2.787033	4.608627	3.110016	6.160736	10.7531	18.75641	16.89969	8.685852	4.497711	2.765533	3.823761	4.213562	2.026459	2.616364	3.466278	3.694794	3.982208	3.714813	4.453491	2.183868	2.541412	2.83728	5.489349	8.569366	8.923737	12.37769	17.16199	15.51674	11.65007	6.258128	2.064526	4.607067	6.322891	5.684052	2.900597	4.640347	3.171841	4.425381	6.077248	2.629745	2.183701	6.419456	3.287643	3.024971	2.217255	3.795532	4.448959	7.494446	12.86031	15.58701	10.39284	8.513611	9.056549	10.83372	7.635529	354.5236	4.407562	4.804672	4.501038	2.923813	4.432327	2.774933	3.991028	4.497116	3.937607	7.873749	2.587357	5.101547	3.624268	5.375473	3.183487	4.152679	3.762939	2.449341	2.35321	2.822845	2.578644	2.587311	2.358551	2.576111	3.323685	3.91716	5.667923	4.033981	2.61676	2.113968	4.79422	2.061676	2.036819	2.502686	2.505951	4.531937	6.115585	3.592346	3.738037	3.042236	4.387665	3.558929	3.021454	5.024689	3.695801	3.480133	4.998566	2.634766	3.041168	2.723602	6.984589	8.930573	6.705414	2.26825	9.276886	7.927551	9.550964	4.879974	3.256653	2.610291	4.518585	7.078979	5.140991	2.870605	2.998444	5.10556	5.82135	2.951355	4.084747	3.276489	3.588531	7.454956	7.085938	2.129761	3.677307	4.310638	2.118408	3.350006	6.167084	3.2276	4.2659	4.216309	3.039581	2.709839	2.548676	3.056335	2.197845	2.041107	2.205872	4.803497	2.902344	
Total MV Amount	3837.688


Angle TRE instances
Rotate	
ChildRotate	253	259	
RotateInverse	1	
ChildRotateInverse	663	
Docking x	344	347	368	369	403	530	732	746	749	754	
Docking y	449	453	529	532	533	537	541	547	553	554	555	563	587	592	604	622	684	685	708	710	716	726	735	
Docking z	372	375	377	393	506	511	661	666	673	675	679	680	714	717	738	754	
Total TRE Count	52


Correct Angles	Rotate	ChildRotate	RotateInverse	ChildRotateInverse	Docking x	Docking y	Docking z
	-110	-113.309	0	135	-30.68066	-147.3561	-75.87811

Angle Error	Rotate	ChildRotate	RotateInverse	ChildRotateInverse	Docking x	Docking y	Docking z
	10.13608	8.752426	0	0.9745331	11.76154	4.607559	7.317871

Time Taken	Hours	Minutes	Seconds	Milliseconds	Seconds float	Completion time
	0	0	46	818	46.81771	00h:00m:46s:818ms

Final Results	Tester Name	Time of Test	Dock Shape Style	Virtual Device Visible	Time Taken	Shape Precision %	Orientation Precision %	Overall Precision %	Efficiency %	Difficulty	Total MV	Total TRE	
	0	2018-11-12_11:09:31	Presets_dockPreset_3	True	00h:00m:46s:818ms	97.24124	97.79159	96.54365	24.36002	0.6802488	3837.688	52	
