
Angles Over Time
Frames	Rotate	ChildRotate	RotateInverse	ChildRotateInverse	Docking x	Docking y	Docking z	
0	-98.93088	-52.04388	0	-3.517059	3.230019	-83.98688	25.69895	
1	-98.93088	-52.27832	0	-3.751495	3.336427	-84.06793	25.56599	
2	-98.93088	-54.38821	0	-0.4694519	3.302564	-83.97919	25.56951	
3	-99.16534	-52.98163	0	-0.7038879	3.370453	-83.98355	25.39261	
4	-99.16534	-52.04388	0	-2.579315	3.473867	-84.14612	25.04552	
5	-98.93088	-52.51276	0	-3.751495	3.383537	-83.56873	24.86057	
6	-98.93088	-52.04388	0	-2.579315	3.993982	-81.33289	24.42715	
7	-98.93088	-52.04388	0	-2.813751	4.507025	-71.23691	24.16423	
8	-98.93088	-50.16843	0	1.171581	4.110332	-54.81512	25.94404	
9	-99.39975	-27.66296	0	-0.7038879	7.256963	-33.68323	26.45128	
10	-98.93088	-1.875427	0	-3.282623	7.988789	-12.71912	26.52052	
11	-98.69647	8.205132	0	-2.579315	5.460535	2.557274	24.7902	
12	-85.56827	8.439569	0	-2.579315	9.506656	7.502735	14.40775	
13	-51.81006	7.032975	0	-3.282623	10.24796	13.12216	-11.39868	
14	0.4682793	5.626382	0	-1.172729	10.70766	16.89112	-20.72412	
15	-2.579346	7.267411	0	-3.517059	8.254415	20.54384	-17.6749	
16	-0.0005855038	7.267411	0	-3.048187	2.693383	25.474	-10.50912	
17	-0.7038879	6.564111	0	-3.517059	2.442347	27.37185	-4.068604	
18	-0.7038879	7.267411	0	-3.517059	2.402419	28.27707	-2.099487	
19	-0.2350159	3.98536	0	9.845571	3.181758	29.61003	-2.291779	
20	-4.689209	5.626381	0	28.60012	4.364917	30.79458	-10.72479	
21	-2.34491	6.564111	0	26.25581	5.863605	31.80038	-10.89981	
22	-0.0005857598	8.673996	0	10.7833	3.327691	33.17529	-10.29352	
23	1.171571	8.673996	0	4.922496	3.677013	32.91523	-10.16119	
24	1.171571	8.908433	0	-3.282623	3.467956	32.87943	-5.508911	
25	1.171571	5.391953	0	-1.407166	3.128026	33.7829	-2.200928	
26	-1.876038	7.032975	0	-3.048187	3.513589	33.62428	-1.704407	
27	-1.172729	-5.626343	0	-3.517059	3.239088	32.10351	-1.286316	
28	-0.2350159	-18.98898	0	-3.751495	1.841711	27.84638	-0.2348633	
29	-0.2350159	-11.01828	0	-3.517059	0.5037608	22.4385	0.04515188	
30	-0.2350159	-9.84613	0	1.406017	0.03526469	16.52901	0.2889223	
31	-3.985931	-1.640991	0	-1.407166	0.1098043	12.21386	0.451658	
32	-1.641602	0.4688818	0	-3.517059	0.5958577	10.48953	0.4164149	
33	-0.2350159	2.344339	0	-3.517059	0.5513844	9.919457	0.472734	
34	0.937143	2.344339	0	-3.517059	0.3269208	9.38652	0.4617785	
35	1.171572	1.172174	0	-2.813751	0.126118	8.975637	0.4552956	
36	-0.938324	-3.516449	0	2.578174	0.1190475	8.328132	0.4131127	
37	-2.110474	1.172174	0	-3.517059	0.03391378	7.820324	0.4116075	
38	-0.2350159	1.172174	0	-3.517059	-0.002015383	6.903389	0.4376479	
39	-0.7038879	0.9377461	0	-3.282623	-0.2241821	6.476268	0.563268	
40	-0.2350159	0.7033101	0	-3.282623	-0.3530273	6.116099	0.6579568	
41	-0.2350159	2.344339	0	-3.282623	-0.5072632	6.037071	0.8728051	
42	-0.4694519	-0.2344055	0	-1.407166	-0.6030273	6.082119	0.7880452	
43	-2.110474	1.406611	0	-3.517059	-0.6843567	6.268231	0.7542549	
44	-0.0005855865	2.344339	0	-2.813751	-0.4211731	6.629436	0.5727897	
45	0.9371431	0.4688817	0	-3.517059	-0.1269836	6.319318	0.437446	
46	-0.4694519	1.172174	0	-2.579315	0.0479739	6.034071	0.3841401	
47	-0.938324	-3.047607	0	2.343745	0.06261899	5.76987	0.3548832	
48	-5.158081	0.9377462	0	-2.34491	0.04819335	5.457704	0.3477376	
49	-0.7038879	1.172175	0	-2.813751	3.41843E-07	4.874163	0.3195405	
50	-0.7038879	1.172175	0	-3.517059	-0.004892532	3.705918	0.272919	
51	-0.2350159	1.172175	0	-3.282623	-0.00881958	1.049056	0.3257994	
52	-0.2350159	-2.578735	0	-1.172729	0.02149117	-0.1489258	0.3301797	
53	-4.689209	-0.4688416	0	-1.641602	0.01027278	-0.2513733	0.3099577	
54	-0.4694519	2.578768	0	-3.048187	0.01319351	-1.08725	0.3199551	
55	1.171572	2.578768	0	-3.517059	0.01950478	-1.494049	0.3277262	
56	0.937143	1.875475	0	-3.517059	0.01781498	-1.618286	0.3143088	
57	0.937143	2.578768	0	-2.579315	0.01663132	-1.761902	0.30114	
58	0.2338427	-0.2344055	0	-1.172729	0.022476	-2.143219	0.3084062	
59	-2.34491	2.813204	0	-2.579315	0.03007339	-2.632568	0.3176596	
60	0.2338426	2.578768	0	-2.813751	0.04211783	-3.007874	0.3148621	
61	0.4682787	0.7033101	0	-3.517059	0.03713248	-3.300842	0.3142378	


Angle MV instances
Rotate	98.93088	13.1282	33.75821	52.27834	3.047625	2.57876	4.454193	2.344299	2.344324	3.750916	2.34433	2.109888	4.219757	4.454193	4.454193	4.219757	2.578752	2.578752	
ChildRotate	52.04388	2.109894	22.50546	25.78754	10.08056	3.282051	2.109885	3.51648	13.36264	7.970703	8.205139	4.688623	4.688623	2.578745	3.985354	2.109894	3.04761	2.813174	3.047609	
RotateInverse	
ChildRotateInverse	3.517059	3.282043	2.578735	2.109894	2.34433	13.36263	18.75455	2.344311	15.47251	5.860802	4.923076	2.109894	2.109894	2.109894	
Docking x	3.230019	3.146631	2.528254	4.046121	2.45325	5.561031	2.535914	
Docking y	83.98688	2.23584	10.09598	16.42178	21.1319	20.96411	15.27639	4.945461	5.619427	3.768955	3.652719	4.930166	4.257128	5.407885	5.909494	4.315141	2.656862	
Docking z	25.69895	10.38245	25.80643	9.325439	3.049225	7.165771	6.440521	8.433014	4.652283	3.307983	
Total MV Amount	845.7282


Angle TRE instances
Rotate	15	48	49	
ChildRotate	19	20	31	
RotateInverse	1	
ChildRotateInverse	1	19	23	
Docking x	1	9	16	21	22	
Docking y	49	
Docking z	18	20	25	
Total TRE Count	16


Correct Angles	Rotate	ChildRotate	RotateInverse	ChildRotateInverse	Docking x	Docking y	Docking z
	-3.006856E-16	-2.906485E-34	0	0	0	0	0

Angle Error	Rotate	ChildRotate	RotateInverse	ChildRotateInverse	Docking x	Docking y	Docking z
	0.2350159	0.9377461	0	3.517059	0.03521593	3.425018	0.30083

Time Taken	Hours	Minutes	Seconds	Milliseconds	Seconds float	Completion time
	0	0	3	660	3.659572	00h:00m:03s:660ms

Final Results	Tester Name	Time of Test	Dock Shape Style	Virtual Device Visible	Time Taken	Shape Precision %	Orientation Precision %	Overall Precision %	Efficiency %	Difficulty	Total MV	Total TRE	
	0	2018-11-12_11:27:38	ZEROING DATA	True	00h:00m:03s:660ms	99.34863	99.31003	99.32929	100	3.340951E-19	845.7282	16	
