
Angles Over Time
Frames	Rotate	ChildRotate	RotateInverse	ChildRotateInverse	Docking x	Docking y	Docking z	
0	3.086969	1.406596	0	90.7646	-62.60657	37.56273	-118.1923	
1	1.914812	0.9377393	0	90.7646	-62.60895	37.49584	-118.1499	
2	1.914812	-3.282043	0	92.64005	-62.58524	37.73821	-118.395	
3	-3.00827	1.045444E-05	0	91.23346	-62.45273	37.58467	-118.2589	
4	2.14924	1.172168	0	90.99903	-62.39825	37.09454	-117.7567	
5	1.445948	2.344325	0	90.7646	-62.51947	36.34864	-116.859	
6	3.086969	2.344325	0	90.7646	-62.40298	33.75473	-113.3942	
7	2.852533	2.344325	0	90.99903	-61.96579	29.71407	-107.5868	
8	3.086969	-0.7032776	0	91.46789	-61.8855	27.752	-104.1418	
9	-0.1950684	0.7033032	0	90.53016	-61.62347	25.0034	-100.1094	
10	2.383668	1.172168	0	90.53016	-60.53534	20.99894	-94.66272	
11	2.14924	1.406596	0	89.82686	-59.16162	16.3303	-89.17725	
12	1.680376	0.9377391	0	87.24811	-57.60275	10.63003	-83.54919	
13	1.211511	-3.750916	0	80.91845	-53.09653	0.1617635	-71.12964	
14	-2.773834	0.4688746	0	63.33604	-44.48163	-9.904907	-56.03873	
15	1.914812	0.4688746	0	23.24817	-36.95673	-14.21286	-37.55743	
16	-4.883728	-15.23807	0	0.2738372	-28.4968	-19.06528	-11.11984	
17	-10.97894	-39.85342	0	0.03940113	-20.01242	-23.76318	-2.68457	
18	3.555834	-13.36261	0	0.03940113	-13.4147	-25.2847	-1.056824	
19	3.555834	-11.95602	0	2.852588	-7.360626	-24.81628	0.135477	
20	-0.4295044	-4.688629	0	0.03940116	-4.66571	-22.77991	0.02361236	
21	2.383669	-0.234436	0	0.2738372	-2.323761	-19.06613	-1.160522	
22	2.618105	7.096979E-06	0	0.03940114	2.112125	-12.25296	-0.585144	
23	2.383669	0.2344355	0	0.03940114	3.092064	-5.96579	-0.9633789	
24	2.14924	-4.454193	0	5.665774	0.1684698	-0.3319397	3.43641	
25	-3.242706	-0.9377136	0	2.618152	0.1004116	1.938759	8.153691	
26	-6.52475	-0.234436	0	0.2738372	2.40882	4.259061	9.487419	
27	-18.24634	1.875457	0	0.2738372	2.676105	4.022915	12.66775	
28	-27.62363	1.641029	0	0.2738372	-1.157501	3.26908	13.2581	
29	-30.20236	1.641029	0	0.5082656	-0.7903748	4.041822	10.64333	
30	-30.20236	-1.641022	0	14.57418	-1.290955	4.681164	4.650957	
31	-25.9826	-11.25275	0	14.33976	-1.266876	4.384321	0.1233481	
32	-14.49542	-13.59705	0	4.024745	-1.143158	3.79706	-0.6667175	
33	-14.72986	-20.16116	0	0.5082658	-0.8605957	3.588525	-3.136841	
34	-5.118164	-25.08423	0	1.211566	-1.08194	4.123951	-1.533356	
35	-5.821442	-45.01093	0	4.962473	-0.9359436	5.199224	-1.201935	
36	-2.304962	-17.34796	0	2.149287	-0.976532	4.776268	-0.7565918	
37	0.2737819	-4.688629	0	0.2738371	-0.8817444	4.588629	-0.7715759	
38	1.680375	-3.750916	0	0.2738371	-0.8161316	4.579816	-0.7584534	
39	3.086969	-4.923065	0	0.03940103	-0.8084717	4.57961	-0.7669373	
40	1.680375	-4.454193	0	0.9771299	-0.8817444	4.588629	-0.7715759	
41	0.9770825	-10.315	0	6.369067	-0.9149475	4.588662	-0.7861328	
42	-3.477112	-4.923065	0	0.2738369	-0.9796753	4.589241	-0.7828674	
43	1.680375	-5.157501	0	0.03940089	-0.9743958	4.305416	-0.782074	
44	1.914811	-5.157501	0	0.2738369	-0.9986572	4.354056	-0.7904968	
45	1.445946	-5.391937	0	0.03940089	-1.007172	4.257154	-0.7787781	
46	1.680375	-8.439545	0	3.790316	-0.9916687	4.264422	-0.7961121	
47	-2.773834	-6.329651	0	2.149287	-1.015961	4.313077	-0.8045044	
48	1.445946	-3.516479	0	0.03940077	-1.022339	4.572817	-0.8207397	
49	3.086968	-3.516479	0	0.03940077	-1.022278	4.56431	-0.8204956	
50	2.149239	-3.282043	0	0.9771296	-1.022278	4.56431	-0.8204956	
51	2.383667	-3.282043	0	0.5082653	-1.014252	4.629683	-0.8310852	
52	2.618103	-6.329651	0	3.321452	-1.023621	4.524026	-0.8352966	
53	-0.4295044	-3.516479	0	0.2738369	-1.030731	4.669652	-0.8478394	
54	3.086968	-3.282043	0	0.5082652	-1.030884	4.653462	-0.84729	
55	2.852531	-5.157501	0	0.03940085	-1.03949	4.556548	-0.8355408	
56	1.680375	-4.923065	0	0.2738369	-1.041962	4.264384	-0.8258667	
57	1.680375	-8.439545	0	5.431338	-1.089417	3.064322	-0.7429504	
58	-2.304962	-6.095245	0	1.914858	-1.106445	1.610198	-0.6853638	
59	1.445946	-4.454193	0	-0.4294739	-1.106262	0.05780468	-0.6255493	
60	1.680374	-3.282043	0	0.9771291	-1.078949	-0.7085571	-0.618988	
61	2.383667	-3.282043	0	0.7427008	-1.05545	-0.692688	-0.6299438	
62	2.383667	-4.688629	0	0.2738363	-1.015045	-0.8306885	-0.6212158	
63	1.680374	-9.377289	0	6.837931	-1.014954	-0.8145752	-0.6217651	
64	-3.477112	-4.688629	0	0.9771292	-1.014862	-0.7984314	-0.6223145	
65	1.21151	-4.688629	0	0.03940033	-1.014862	-0.7984314	-0.6223145	
66	1.680375	-4.454193	0	0.7427008	-1.014862	-0.7984314	-0.6223145	
67	1.21151	-5.157501	0	0.2738363	-1.023499	-0.741272	-0.6314392	
68	1.680375	-8.673981	0	4.259181	-1.022858	-0.6195068	-0.635498	
69	-2.773834	-4.923065	0	2.618151	-1.020996	-0.5458984	-0.6217651	
70	1.445946	-3.282043	0	0.2738365	-1.021423	-0.6604004	-0.618042	
71	3.086968	-3.282043	0	0.03940049	-1.021027	-0.5708618	-0.6210022	


Angle MV instances
Rotate	3.086969	3.282038	2.578737	6.79854	6.095215	14.53478	3.985338	3.282043	11.72159	9.377289	2.578735	4.219757	11.48718	9.611694	3.516479	2.578744	4.454194	3.047608	3.516473	4.688622	
ChildRotate	4.219783	3.282054	4.688654	4.21979	15.70694	24.61536	26.49081	7.267395	4.454193	4.688629	3.516479	9.611725	2.344299	6.564117	4.923065	19.9267	27.66296	12.65933	5.860809	5.391937	3.047607	2.109894	2.813171	3.047607	2.813171	3.516479	2.344299	4.68866	4.68866	3.516479	3.750916	
RotateInverse	
ChildRotateInverse	90.7646	2.578751	6.329659	17.58241	40.08787	22.97434	2.813187	2.813187	5.626373	3.047623	2.344315	14.06592	10.31501	3.51648	3.750907	2.813186	5.391937	6.09523	3.750915	2.109886	2.813187	3.047615	5.157501	3.516479	6.564095	5.860802	3.985344	2.344315	
Docking x	62.60657	4.506226	8.614899	7.524902	8.45993	8.484375	6.597717	6.054077	2.694916	2.341949	2.923594	2.308408	
Docking y	37.56273	2.593918	4.040653	2.7486	4.004459	4.668638	5.70027	10.46827	10.06667	4.307953	4.852417	4.697906	2.036377	3.713776	6.813171	6.28717	5.63385	2.320302	
Docking z	118.1923	3.464844	5.807373	3.445007	4.032379	5.446716	5.485474	5.628052	12.41956	15.09091	18.48129	26.43759	8.435272	4.399789	4.717281	3.180327	2.614771	5.992376	4.527609	2.470123	
Total MV Amount	1136.839


Angle TRE instances
Rotate	1	17	18	26	36	
ChildRotate	1	16	20	31	37	41	42	43	48	52	53	55	56	57	59	63	64	67	69	
RotateInverse	1	
ChildRotateInverse	17	24	25	30	32	41	42	57	58	63	64	
Docking x	21	
Docking y	24	35	36	
Docking z	18	25	30	
Total TRE Count	40


Correct Angles	Rotate	ChildRotate	RotateInverse	ChildRotateInverse	Docking x	Docking y	Docking z
	0	0	0	4.179947E-19	0	0	0

Angle Error	Rotate	ChildRotate	RotateInverse	ChildRotateInverse	Docking x	Docking y	Docking z
	2.852531	3.516479	0	0.2738365	1.021576	0.6427002	0.6185303

Time Taken	Hours	Minutes	Seconds	Milliseconds	Seconds float	Completion time
	0	0	4	249	4.249382	00h:00m:04s:249ms

Final Results	Tester Name	Time of Test	Dock Shape Style	Virtual Device Visible	Time Taken	Shape Precision %	Orientation Precision %	Overall Precision %	Efficiency %	Difficulty	Total MV	Total TRE	
	0	2018-11-12_11:26:11	ZEROING DATA	True	00h:00m:04s:249ms	99.07738	99.76644	99.29162	100	4.644386E-22	1136.839	40	
