
Angles Over Time
Frames	Rotate	ChildRotate	RotateInverse	ChildRotateInverse	Docking x	Docking y	Docking z	
0	-4.87561	-7.970673	0	5.439445	0	0	0	
1	-5.157501	5.157509	0	-4.688629	0	0	0	
2	0	5.157509	0	-4.454224	0	0	0	
3	0	5.860801	0	-4.454224	0	0	0	
4	0.2344284	5.860801	0	-3.985352	0	0	0	
5	-0.234436	-0.234436	0	1.641029	0	0	0	
6	-4.923065	6.09523	0	-4.454193	0	0	0	
7	0.2344278	4.923072	0	-4.688629	0	0	0	
8	-5.869682E-07	6.09523	0	-4.923065	0	0	0	
9	0.2344278	5.860801	0	-3.516479	0	0	0	
10	-0.4688721	-0.234436	0	1.875458	0	0	0	
11	-5.157501	5.626373	0	-4.454224	0	0	0	
12	-1.279364E-06	4.688644	0	-4.219757	0	0	0	
13	-1.279364E-06	5.860801	0	-4.454224	0	0	0	
14	-1.279364E-06	4.923072	0	-4.219757	0	0	0	
15	-1.279364E-06	0.4688641	0	0.9377288	0	0	0	
16	-5.860809	5.626372	0	-3.750916	0	0	0	
17	-0.234436	5.626372	0	-3.985352	0	0	0	
18	-0.234436	5.157508	0	-4.454224	0	0	0	
19	-9.33813E-07	5.157508	0	-4.454224	0	0	0	
20	-9.33813E-07	0.2344353	0	1.641029	0	0	0	
21	-5.860809	5.860801	0	-4.219788	0.01384385	0.001162774	0.04515733	
22	-8.526573E-07	5.860801	0	-3.985352	0.06706361	0.003607325	0.1334558	
23	-8.526573E-07	7.73626	0	-4.454224	0.1620868	0.003967593	0.357355	
24	1.875457	6.798531	0	3.985345	0.1770384	0.09305474	0.2255364	
25	1.875457	7.970688	0	21.09889	0.1754296	0.6693549	0.2379383	
26	1.875457	2.578751	0	35.39924	0.2045779	0.6470187	0.3545491	
27	-2.578766	6.329667	0	34.22707	0.09581252	0.6652731	0.4854326	
28	-0.7033081	4.688645	0	33.05492	0.1117708	0.6638089	0.4226211	
29	-1.173917E-06	5.860802	0	33.99265	0.1593704	0.8498276	0.4558814	
30	-1.17215	5.860802	0	33.52378	0.196109	1.078938	0.5609846	
31	0.2344272	-10.78387	0	40.55674	0.8427323	1.532761	1.299447	
32	-6.564087	-32.58606	0	37.27469	1.586809	1.875744	3.631628	
33	-2.34433	-35.16479	0	34.22708	1.669098	1.471036	4.567471	
34	-1.14067E-06	-33.75821	0	34.69594	1.942865	0.8439912	7.837119	
35	0.7032917	-33.75821	0	34.69594	4.303748	-0.09814453	9.5649	
36	-0.7033081	-33.75821	0	34.93038	9.718508	0.8882791	9.860239	
37	-0.4688721	-37.27469	0	36.10254	16.69622	2.838447	13.76342	
38	-10.78387	-35.16479	0	31.17947	25.64483	6.586954	24.09116	
39	-20.16116	-35.39923	0	22.03662	32.94893	11.11049	37.8563	
40	-31.64832	-35.16479	0	18.98901	38.68386	14.69014	46.77423	
41	-33.75821	-35.16479	0	16.41025	42.51034	18.03989	52.20152	
42	-32.8205	-41.26004	0	22.27105	49.18482	26.09542	60.98535	
43	-37.50912	-37.04025	0	20.63003	54.04699	39.66467	72.82485	
44	-34.22708	-36.57141	0	23.20878	55.93849	55.21201	89.03938	
45	-33.28934	-42.66663	0	24.14651	57.58414	63.87013	98.85441	
46	-31.17944	-43.3699	0	26.49083	60.02115	70.16791	104.6099	
47	-31.17944	-44.07321	0	30.47618	62.28002	78.28012	111.4924	
48	-31.17944	-47.82413	0	39.38459	64.21781	86.76642	117.7097	
49	-34.69592	-46.41754	0	41.72891	64.75422	97.35617	126.1293	
50	-32.8205	-46.41754	0	44.07323	64.49623	106.2329	136.71	
51	-33.52377	-47.12082	0	44.77652	65.12145	109.912	141.2367	
52	-33.0549	-46.65198	0	44.77652	65.22546	115.2347	149.777	
53	-33.52377	-50.87173	0	54.38825	65.39915	122.3132	157.5224	
54	-40.08786	-49.46515	0	56.967	63.30326	129.0914	164.526	
55	-37.04025	-46.88638	0	60.71791	62.5057	132.373	165.7325	
56	-35.39923	-45.4798	0	64.70325	60.26771	135.3067	169.4884	
57	-34.93036	-44.54208	0	67.9853	57.79973	137.1441	172.9004	
58	-35.39923	-44.30765	0	66.5787	55.71474	138.1717	175.0191	
59	-36.10254	-46.41754	0	63.06222	55.00239	138.8684	177.1899	
60	-41.26004	-45.01093	0	59.31131	54.30267	139.4723	179.4874	
61	-43.1355	-44.77649	0	65.8754	53.63668	140.208	-177.9975	
62	-47.35529	-45.01093	0	66.10985	53.09278	141.3035	-174.1328	
63	-52.27835	-45.4798	0	63.29665	52.298	141.4658	-171.0082	
64	-57.43585	-48.05856	0	68.21973	51.87875	141.956	-167.9287	
65	-66.10983	-46.18311	0	65.64098	51.74735	142.4387	-163.4189	
66	-68.21973	-45.24536	0	62.1245	51.37969	142.6001	-160.3737	
67	-69.86072	-44.77649	0	62.1245	50.81251	143.6714	-157.593	
68	-71.50177	-45.24536	0	62.59336	50.73275	144.1914	-155.3031	
69	-72.90836	-44.54208	0	62.59336	50.3441	143.9999	-154.237	
70	-75.95596	-48.76184	0	66.10984	50.58912	143.5946	-153.6487	
71	-81.11346	-45.01093	0	62.59336	51.05607	143.093	-150.7683	
72	-80.87903	-44.77649	0	61.89006	50.85479	143.059	-149.4036	
73	-82.28564	-43.60434	0	61.18677	50.62125	142.9629	-149.0962	
74	-81.3479	-43.83878	0	61.18677	50.55057	143.0236	-147.3678	
75	-82.28564	-43.60434	0	60.48347	50.70089	142.7005	-145.9107	
76	-83.22339	-45.94867	0	40.08789	50.59746	141.1247	-144.7369	
77	-88.84973	-45.01093	0	44.5421	50.78247	140.1327	-140.9433	
78	-89.3186	-45.01093	0	33.75823	51.0029	140.8336	-138.8833	
79	-90.25635	-45.71423	0	33.28936	51.03841	140.7589	-137.3586	
80	-90.72519	-45.94867	0	33.28936	51.2737	141.1077	-136.6877	
81	-90.95966	-49.69958	0	37.97801	51.53386	140.9987	-135.8029	
82	-94.4761	-47.58969	0	33.75823	51.74462	141.3981	-135.4075	
83	-91.66293	-46.18311	0	32.58607	51.78149	141.3366	-134.3938	
84	-91.66293	-45.01093	0	32.8205	51.71193	142.7737	-132.9836	
85	-90.95966	-45.01093	0	32.35163	51.46873	143.4726	-131.868	
86	-90.95966	-45.01093	0	32.58607	51.50633	143.9057	-131.2	
87	-90.72519	-47.58969	0	34.93039	51.26692	144.1209	-129.2182	
88	-92.83508	-46.18311	0	32.35163	50.57994	145.4718	-124.6125	
89	-91.4285	-46.18311	0	32.35163	49.9503	146.9386	-118.4339	
90	-91.19406	-46.18311	0	32.35163	49.73941	148.0651	-113.4024	
91	-91.19406	-46.65195	0	32.35163	49.74919	149.0288	-107.6496	
92	-91.4285	-49.93402	0	35.86812	49.89559	150.3842	-104.3792	
93	-93.30396	-48.76184	0	33.99266	49.61083	152.0427	-98.13269	
94	-91.89734	-48.29297	0	32.58607	49.84436	154.0183	-93.34256	
95	-90.95963	-47.12082	0	32.58607	49.99141	154.286	-92.04025	
96	-90.49078	-47.58969	0	32.58607	50.32985	154.0495	-90.88165	
97	-90.49078	-47.82413	0	32.58607	50.35152	154.467	-89.51138	
98	-90.49078	-49.46515	0	34.69595	50.2856	154.915	-88.58078	
99	-92.83508	-48.5274	0	32.35163	50.3563	155.1019	-88.31168	
100	-91.19406	-48.5274	0	32.35163	50.42707	155.3981	-87.88837	
101	-90.95966	-48.29297	0	33.05494	50.40521	155.7946	-87.15659	
102	-91.66293	-48.29297	0	32.58607	50.42927	155.0257	-87.07742	
103	-91.4285	-51.57501	0	37.50914	50.31333	154.7718	-86.65961	
104	-94.2417	-49.46515	0	33.75823	50.28796	154.4584	-86.74347	
105	-91.4285	-48.05853	0	32.35163	50.08136	153.5712	-86.42126	
106	-91.19406	-47.8241	0	32.35163	50.01614	153.5187	-86.22314	
107	-90.49078	-47.58969	0	32.35163	49.92427	152.7178	-88.09668	
108	-90.49078	-47.58969	0	32.1172	49.903	152.5437	-89.37732	
109	-90.49078	-49.46515	0	34.22709	49.82111	152.8496	-90.30255	
110	-92.13181	-48.29297	0	33.05494	49.39911	151.6085	-91.69125	
111	-91.66293	-48.29297	0	32.58607	48.94123	151.6925	-91.05688	
112	-91.19406	-48.29297	0	32.8205	47.94116	152.6966	-90.5625	
113	-89.08417	-48.05853	0	32.35163	46.83024	153.4464	-90.21741	
114	-83.92667	-51.10617	0	36.57141	45.62683	153.4692	-91.06604	
115	-81.81677	-48.29297	0	42.90108	45.1907	152.8459	-93.82303	
116	-73.8461	-47.58969	0	48.29301	44.82294	152.2828	-97.17105	
117	-72.20508	-42.43216	0	52.98166	43.09727	151.5998	-100.6025	
118	-70.56406	-36.80582	0	55.09154	41.63934	151.2713	-102.3951	
119	-69.86075	-29.30399	0	57.90472	40.66695	150.3192	-104.0493	
120	-69.86075	-25.55307	0	63.06223	39.9227	149.0428	-106.7212	
121	-71.97064	-22.97433	0	64.70325	40.70928	148.7419	-108.9524	
122	-70.09518	-19.9267	0	65.64098	41.08637	148.236	-110.1426	
123	-70.09518	-15.94138	0	65.40656	40.48942	147.6064	-110.1868	
124	-70.32962	-9.611694	0	66.10986	37.84058	144.6844	-111.3079	
125	-70.09518	-8.439545	0	70.09519	35.5749	142.5697	-112.8449	
126	-73.14279	-2.813171	0	67.51644	34.77026	141.6763	-112.9822	
127	-70.09518	-1.875458	0	66.81315	34.87936	140.9094	-112.9183	
128	-69.86078	-0.7032776	0	66.81315	35.32809	140.6932	-112.6605	
129	-69.15747	-0.4688416	0	64.46883	35.81914	140.8455	-112.02	
130	-69.15747	-0.7032776	0	67.04758	35.31198	140.5584	-111.6075	
131	-69.62634	-2.813171	0	68.21975	35.05401	139.7433	-110.8549	
132	-71.03293	-1.875458	0	66.81315	35.61954	139.8242	-110.4176	
133	-69.86078	-1.17215	0	67.28201	35.4222	139.646	-110.4066	
134	-69.86078	-0.9377136	0	69.86077	35.41751	139.1995	-110.4366	
135	-70.09521	-0.9377136	0	70.56406	35.63275	139.0258	-110.1503	
136	-70.56406	-5.391937	0	74.08054	35.86905	138.8666	-109.9963	
137	-73.14282	-1.17215	0	72.90839	35.80555	138.7849	-110.3861	
138	-70.09521	-1.17215	0	72.67396	36.2015	138.9543	-110.8632	
139	-69.86078	-0.4688416	0	72.90839	36.43339	140.3015	-110.9973	
140	-69.15747	0.2344495	0	72.90839	36.2833	141.6149	-111.0608	
141	-69.15747	0.2344495	0	73.84612	36.30259	143.2774	-111.2386	
142	-69.39191	-2.578735	0	75.72157	36.17401	146.0608	-111.2265	
143	-70.79852	-0.7032776	0	75.48714	35.28497	147.0323	-111.3767	
144	-70.32965	-0.7032776	0	75.01829	34.73595	148.2318	-111.3744	
145	-69.86078	-0.9377136	0	75.48714	33.57078	150.1951	-110.6131	
146	-70.32965	-0.9377136	0	75.48714	32.66649	151.8509	-109.8961	
147	-70.32965	-5.157501	0	79.00362	32.97272	152.898	-110.0992	
148	-73.14282	-1.17215	0	78.30032	33.38453	153.8689	-111.1067	
149	-70.56409	-1.406586	0	77.12817	33.02364	155.0382	-111.2906	
150	-70.09521	-0.2344055	0	79.47249	32.91745	155.5394	-111.2417	
151	-69.15747	1.350027E-05	0	80.64465	33.33506	156.2653	-111.4833	
152	-69.15747	-0.4688416	0	80.87908	33.48419	156.5753	-111.6605	
153	-69.39191	-2.578735	0	82.05125	33.74036	157.343	-111.3387	
154	-71.03293	-0.9377136	0	81.34795	33.67173	157.8621	-110.7991	
155	-70.56409	-0.7032776	0	80.87909	33.96381	158.2215	-110.2677	
156	-69.86078	-1.406586	0	81.11353	34.04964	158.4082	-109.8083	
157	-69.86078	-1.875458	0	81.58238	33.89533	158.5562	-109.3937	
158	-70.09521	-6.095215	0	85.3333	33.89672	159.5556	-109.0315	
159	-72.90839	-2.109863	0	83.69227	33.70735	160.3962	-109.3361	
160	-70.09521	-0.9377136	0	82.5201	33.6357	162.6144	-109.2621	
161	-70.09521	0.4688782	0	82.05125	33.14851	164.567	-109.4126	
162	-69.62634	0.2344498	0	82.98898	33.59673	166.0038	-109.3018	
163	-69.62634	0.2344498	0	81.81682	34.35494	166.6828	-109.2963	
164	-68.92307	-2.813171	0	84.16114	34.98068	167.3407	-108.6401	
165	-72.43954	-1.17215	0	82.28569	35.78648	168.147	-107.4541	
166	-71.5018	-1.875458	0	82.52011	36.67369	168.1085	-106.5501	
167	-72.67398	-1.406586	0	82.28569	36.99996	168.3277	-105.4712	
168	-74.08057	-2.109863	0	82.28569	37.01612	168.4649	-104.8839	
169	-74.78387	-5.626343	0	85.3333	37.09254	168.0674	-104.1025	
170	-79.23807	-1.17215	0	81.81683	37.39474	167.8583	-102.8558	
171	-78.53479	-0.9377136	0	82.75455	37.39854	167.2396	-102.3265	
172	-79.23807	0.2344496	0	82.52012	37.08007	167.3302	-101.1853	
173	-80.64465	-0.2344055	0	82.52012	36.08319	168.1475	-98.50818	
174	-82.05127	-0.4688416	0	81.81683	36.11759	168.4355	-96.58533	
175	-84.86444	-3.282043	0	83.22341	36.74977	168.5114	-95.4632	
176	-87.44318	-0.9377136	0	81.11353	37.0068	167.7753	-95.09564	
177	-87.67761	-0.9377136	0	75.95602	37.43395	167.8723	-93.05139	
178	-91.66296	-1.875458	0	70.79852	37.7851	167.9505	-89.5144	
179	-94.47617	-1.875458	0	68.21976	37.9693	167.83	-88.19034	
180	-95.88275	-5.860779	0	65.40659	37.79545	167.4524	-87.41272	
181	-98.69592	-2.344299	0	68.4542	37.64059	167.3911	-87.08148	
182	-97.75818	-1.641022	0	67.98534	37.43322	167.2153	-86.50262	
183	-98.93036	-1.641022	0	67.51647	37.26639	167.2708	-85.59268	
184	-100.3369	-2.344299	0	66.34431	37.16387	167.4118	-84.88513	
185	-100.3369	-1.641022	0	66.81319	37.0097	167.2798	-84.28415	
186	-101.978	-6.329651	0	71.26739	36.85917	167.4234	-83.97101	
187	-105.26	-1.406586	0	67.28205	36.65649	167.6076	-84.1058	
188	-102.9157	-1.17215	0	68.21978	36.29833	167.558	-84.83093	
189	-103.3846	1.340938E-05	0	68.45422	36.07906	167.9338	-85.37277	
190	-103.1501	1.340938E-05	0	67.51647	36.20483	168.7135	-85.53894	
191	-103.3846	-0.9377136	0	67.75091	36.45068	169.7397	-85.57245	
192	-103.619	-2.813171	0	69.1575	36.78179	171.0219	-85.0882	
193	-105.0256	-1.17215	0	68.68864	37.2065	171.4141	-84.94174	
194	-105.0256	-1.406586	0	67.98534	37.67944	172.5134	-84.16898	
195	-104.7912	-2.109863	0	67.75091	37.98688	173.5864	-83.48251	
196	-105.0256	-1.875458	0	67.98534	38.21267	173.964	-83.22614	
197	-105.26	-5.157501	0	71.50182	38.39201	174.6789	-82.83173	
198	-107.6043	-3.282043	0	69.1575	38.54672	175.0019	-82.75449	
199	-105.26	-1.406586	0	68.21978	38.60493	174.9445	-82.80011	
200	-105.4944	-1.406586	0	68.45422	38.7654	174.8423	-82.84631	
201	-105.4944	1.320962E-05	0	68.21978	39.01219	174.9093	-82.79633	
202	-104.5567	-2.109863	0	67.98534	39.12753	174.903	-82.74838	
203	-105.26	-6.329651	0	72.43956	39.2467	175.0215	-82.68201	
204	-107.8388	-1.17215	0	68.45422	39.40471	175.1739	-82.58725	
205	-105.4944	-1.406586	0	67.98534	39.70634	175.2565	-82.55417	
206	-105.26	1.299619E-05	0	67.98534	40.15894	175.5154	-82.25586	
207	-104.5567	-0.7032776	0	67.98534	40.43811	175.5034	-82.35663	
208	-104.7911	1.30198E-05	0	67.75092	41.26933	175.9588	-82.12088	
209	-104.7911	-3.750885	0	69.39194	43.25816	177.7068	-81.69122	
210	-105.9633	-1.875458	0	67.75092	45.00507	179.2737	-81.24747	
211	-105.0256	-1.406586	0	67.75092	46.6606	-177.8494	-79.49615	
212	-104.5567	-1.406586	0	68.68864	46.97113	-177.6285	-78.81943	
213	-105.4944	-1.406586	0	67.98534	47.31118	-177.4643	-78.50214	
214	-105.26	-4.688629	0	71.2674	47.03257	-178.1817	-78.67468	
215	-107.1355	-1.641022	0	69.15752	46.57514	-178.7144	-79.06345	
216	-105.26	-1.406586	0	67.98535	46.17474	-179.875	-79.82831	
217	-105.26	-1.17215	0	68.45422	45.85875	179.3165	-80.2637	
218	-105.4944	-2.344299	0	67.98535	45.39271	177.9904	-80.62076	
219	-104.5567	-1.641022	0	68.21979	45.2611	176.7367	-81.21927	
220	-105.26	-6.329651	0	72.674	45.02429	175.0867	-81.86316	
221	-107.8387	-1.875458	0	68.45422	44.57631	173.5709	-82.40826	
222	-105.26	-1.875458	0	67.98537	43.90881	172.2198	-82.88647	
223	-105.0256	-2.344299	0	68.2198	42.97493	170.6174	-83.42731	
224	-104.5567	-0.7032776	0	67.98537	42.21038	169.8427	-83.78375	
225	-104.5567	-0.4688416	0	68.2198	41.25081	168.9309	-84.0011	
226	-104.7911	-3.282043	0	69.39196	40.75027	168.3693	-83.95911	
227	-105.9633	-1.875458	0	68.68867	40.05483	168.1004	-83.78043	
228	-105.4944	-1.875458	0	67.98537	39.75083	168.1712	-83.49692	
229	-105.0256	-2.109863	0	67.98537	39.47497	167.8442	-83.54535	
230	-105.0256	-2.109863	0	68.21981	39.11264	167.8114	-83.39645	
231	-105.26	-5.626343	0	71.033	38.81354	167.8538	-83.36737	
232	-106.901	-3.282043	0	69.15755	38.67594	167.9435	-83.19131	
233	-105.26	-1.875458	0	67.98538	38.5619	167.8263	-83.03458	
234	-105.0256	-1.875458	0	68.45424	38.55911	167.6606	-83.1217	
235	-105.4944	-2.578735	0	67.98538	38.84	167.8549	-83.02798	
236	-104.5567	-2.578735	0	67.98538	39.35947	168.0383	-83.36154	
237	-104.7911	-6.798523	0	72.43959	40.67611	169.3529	-82.9321	
238	-107.8388	-1.875458	0	68.68868	41.67028	171.2137	-83.54361	
239	-105.4944	-1.641022	0	68.21981	43.18253	174.7235	-83.78491	
240	-105.0256	-1.17215	0	68.21981	45.00118	-179.9618	-81.91422	
241	-105.26	-1.875458	0	67.98538	45.87451	-176.387	-81.27234	
242	-105.0256	-1.641022	0	67.75095	47.12698	-172.9092	-80.90814	
243	-105.0256	-3.516479	0	69.86084	48.38922	-169.4144	-80.0181	
244	-106.1977	-1.641022	0	67.75095	50.02269	-165.4616	-78.8717	
245	-105.0256	-1.641022	0	67.75095	50.56753	-164.2691	-80.17676	
246	-104.3223	-1.17215	0	67.98538	50.99013	-163.7281	-82.30917	
247	-103.8534	-1.641022	0	68.21981	52.05305	-161.5226	-83.84625	
248	-100.5714	-6.329651	0	70.3297	53.89188	-158.5672	-85.80515	
249	-97.75818	-1.641022	0	67.04766	56.25755	-155.159	-89.95389	
250	-89.0842	-2.109863	0	67.28209	59.13116	-148.5099	-91.34192	
251	-82.98895	-0.4688416	0	67.51652	60.89521	-142.6719	-92.40341	
252	-77.59702	-0.9377136	0	67.98539	60.7627	-137.6009	-94.38306	
253	-71.26736	-4.454193	0	49.23083	57.68414	-137.8455	-104.5982	
254	-60.95236	-7.736237	0	40.08798	53.85979	-134.8151	-109.9936	
255	-58.84247	-6.798523	0	52.51287	51.32265	-128.8375	-110.2409	
256	-57.43585	-7.267365	0	45.01105	46.19286	-122.248	-104.1444	
257	-57.20145	-7.032959	0	57.90482	44.27884	-114.0594	-95.54608	
258	-57.43585	-7.267365	0	60.0147	40.97157	-111.0992	-95.67795	
259	-57.20145	-10.78384	0	66.10992	34.91967	-107.5716	-97.80179	
260	-59.78018	-8.673981	0	64.70334	28.11537	-106.1537	-92.70734	
261	-58.3736	2.578765	0	68.45425	23.42577	-104.6315	-93.79837	
262	-57.90472	8.674002	0	72.43959	19.99421	-102.6968	-97.66086	
263	-57.43585	7.267408	0	73.37733	17.74938	-100.696	-96.12201	
264	-58.13916	8.674002	0	73.8462	15.42452	-98.01868	-94.36395	
265	-60.48349	5.626387	0	74.08062	7.696112	-91.85391	-89.98923	
266	-70.56406	7.032973	0	72.20517	-0.5572205	-85.72998	-84.72934	
267	-78.06589	-3.516479	0	72.43959	-6.816071	-82.15674	-86.11871	
268	-86.50543	-37.27466	0	72.20516	-10.68924	-77.37341	-90.69824	
269	-92.83511	-37.04025	0	72.20516	-11.66962	-75.90625	-94.72614	
270	-92.83511	-42.90106	0	75.01835	-12.08817	-76.31439	-96.46634	
271	-94.71057	-41.72888	0	73.61176	-13.20425	-71.92352	-98.4007	
272	-80.64465	-40.3223	0	72.67403	-14.85391	-70.55258	-102.5484	
273	-75.72156	-40.3223	0	72.20517	-17.58066	-68.99744	-102.4834	
274	-74.315	-39.61899	0	72.67403	-19.37097	-69.46259	-103.9293	
275	-74.54941	-39.85342	0	72.20517	-21.32947	-68.73743	-103.6425	
276	-74.315	-42.43219	0	73.37733	-25.81531	-66.97861	-103.4843	
277	-76.19043	-41.02557	0	72.67403	-27.61435	-66.36304	-102.5364	
278	-75.25272	-41.02557	0	72.20518	-29.11115	-66.71661	-100.541	
279	-75.25272	-41.02557	0	72.90847	-32.08676	-62.74164	-99.98468	
280	-75.72156	-41.02557	0	72.67403	-34.10239	-57.22644	-102.6872	
281	-75.72156	-44.07321	0	74.31506	-35.75421	-53.28409	-104.5429	
282	-77.36261	-42.43219	0	73.61177	-36.40283	-50.9523	-107.1345	
283	-76.19043	-41.02557	0	72.43961	-36.17346	-44.75598	-113.6779	
284	-75.48715	-40.3223	0	72.43961	-35.78619	-42.50998	-120.3486	
285	-74.54944	-39.15012	0	72.90847	-34.09058	-43.70401	-120.24	
286	-75.01828	-39.38455	0	72.43961	-32.97534	-43.41113	-123.2357	
287	-71.2674	-43.83878	0	76.19053	-30.04044	-45.1088	-122.3496	
288	-73.84613	-39.15012	0	68.68871	-29.64819	-44.87234	-118.7667	
289	-71.2674	-39.15012	0	66.10995	-31.45044	-43.75696	-113.4145	
290	-70.32965	-38.68127	0	55.56052	-33.76678	-44.57877	-118.8582	
291	-69.86078	-39.38455	0	51.34074	-33.16867	-45.06845	-122.0434	
292	-63.53113	-38.91571	0	52.98177	-33.64429	-44.56113	-140.3781	
293	-46.18317	-41.96332	0	63.76564	-35.55643	-44.10931	-155.7686	
294	-40.55679	-39.85342	0	64.46893	-37.44443	-42.4556	-169.708	
295	-37.74359	-36.80582	0	64.00008	-36.03821	-41.76944	-175.1618	
296	-36.57144	-11.95602	0	64.00008	-36.13501	-40.65497	179.5808	
297	-45.01099	8.673991	0	64.46894	-34.5145	-38.70105	175.3432	
298	-56.26373	3.282055	0	69.15757	-32.88776	-35.24878	167.8637	
299	-60.01465	7.267398	0	66.81326	-30.48816	-34.18201	163.0364	
300	-56.96701	8.908421	0	66.10996	-29.95575	-33.2099	160.9461	
301	-57.67032	10.08058	0	65.6411	-29.12213	-32.78381	160.7808	
302	-58.3736	10.08058	0	65.6411	-28.6008	-32.94852	160.6893	
303	-61.1868	9.846148	0	65.6411	-28.9704	-32.70645	161.3017	
304	-61.42123	6.798533	0	67.51655	-28.62848	-32.46716	162.9324	
305	-64.70328	8.439555	0	65.6411	-28.92673	-32.34183	165.0539	
306	-65.64099	8.67399	0	66.10996	-28.66507	-32.09003	166.9044	
307	-67.51648	7.970691	0	65.6411	-28.60013	-31.99951	168.1242	
308	-68.21976	8.205126	0	65.40666	-28.72562	-29.58087	169.5481	
309	-70.56409	4.688647	0	69.39201	-29.02676	-29.55542	171.6811	
310	-75.72156	7.032962	0	67.04769	-29.02185	-29.22675	172.0674	
311	-75.25272	7.970691	0	65.40666	-28.91263	-29.18835	173.4698	
312	-77.59705	8.67399	0	66.34439	-28.73941	-29.08441	174.9525	
313	-78.06592	8.205126	0	65.17223	-28.39847	-28.30804	176.6933	
314	-80.64465	8.908419	0	65.17223	-28.31738	-27.76883	179.0527	
315	-85.33328	5.157511	0	66.81325	-28.01743	-27.58304	-178.6176	
316	-88.38092	8.908419	0	60.71802	-27.95798	-27.30499	-176.7551	
317	-87.44318	8.67399	0	38.91584	-27.63629	-27.13104	-173.6508	
318	-87.67761	9.142855	0	55.79494	-27.9502	-26.62775	-171.7952	
319	-87.67761	10.31501	0	45.01107	-27.6366	-26.41251	-171.7363	
320	-87.67761	9.846148	0	42.43232	-27.84741	-26.39847	-172.2806	
321	-87.91205	6.564097	0	51.8096	-27.5433	-26.38474	-172.3842	
322	-89.78751	9.142855	0	-6.329529	-27.44495	-26.08951	-172.5779	
323	-88.84979	8.908419	0	-6.095093	-26.81897	-26.27594	-172.4275	
324	-88.84979	7.736262	0	46.88652	-26.24194	-26.05695	-172.2986	
325	-88.84979	7.970691	0	48.05869	-25.57123	-23.694	-174.8449	
326	-88.84979	3.516482	0	53.21619	-25.17157	-20.82849	-179.3084	
327	-91.8974	7.032961	0	47.12096	-24.57654	-19.11462	177.5894	
328	-88.84979	7.97069	0	39.85357	-24.68283	-15.47635	177.7759	
329	-88.61536	9.61172	0	35.86823	-25.00256	-12.46994	178.7794	
330	-87.67761	10.08058	0	32.35174	-24.16364	-12.88196	179.5757	
331	-87.91205	10.31501	0	28.60083	-22.64508	-14.56268	177.523	
332	-82.52011	6.798532	0	24.38105	-21.70706	-14.24191	176.1283	
333	-83.9267	8.673989	0	17.11366	-20.4502	-13.83591	175.9145	
334	-80.64465	8.673989	0	12.19059	-20.1218	-13.25494	174.392	
335	-77.59705	7.736262	0	2.578879	-19.20651	-13.19919	174.4322	
336	-77.12817	8.673989	0	-1.6409	-18.59	-13.0499	175.0831	
337	-77.12817	4.219781	0	-1.172028	-18.86752	-12.237	177.318	
338	-79.00363	6.329668	0	-3.985229	-18.91238	-11.34125	178.1334	
339	-77.59705	8.673989	0	-6.095123	-19.45407	-9.090912	178.1526	
340	-76.6593	10.08058	0	-5.860687	-20.21359	-7.391388	177.2714	
341	-75.72159	10.31501	0	-5.626251	-19.68362	-6.560883	178.146	
342	-75.95602	8.908418	0	-6.095123	-19.08005	-6.043488	-179.8705	
343	-75.95602	6.329668	0	-3.985229	-18.8056	-4.989929	-178.0938	
344	-79.70694	8.673989	0	-6.329529	-18.67715	-3.264648	-176.0286	
345	-81.58237	8.673989	0	-5.626251	-18.4104	-2.248627	-175.6218	
346	-83.9267	7.736262	0	-6.329529	-18.27429	-0.5300598	-175.6476	
347	-86.50543	7.736262	0	-6.095123	-20.40186	-0.8975525	-173.7174	
348	-87.44318	4.219781	0	-2.578644	-22.03241	-1.273499	-171.9745	
349	-90.25635	6.564096	0	-2.813049	-21.668	-0.8546753	-172.8919	
350	-88.61536	8.439555	0	-4.922943	-21.4411	-0.9938965	-173.2689	
351	-87.91205	10.08058	0	-6.563965	-21.20007	-0.06365967	-174.6859	
352	-86.73987	7.736262	0	-6.329529	-20.42801	0.4645684	-176.1777	
353	-86.73987	7.970691	0	-5.157379	-20.17828	0.8834119	-176.5687	
354	-87.91205	-3.282043	0	0.4689855	-19.6973	1.37049	-176.9045	
355	-90.25635	-5.391937	0	-4.454102	-20.07813	1.374833	-176.4941	
356	-87.44318	-15.23807	0	-6.095123	-20.17233	2.14636	-176.7952	
357	-87.44318	-25.08423	0	-5.157379	-20.27029	2.227935	-177.2106	
358	-86.9743	-32.35162	0	-5.860687	-21.02002	1.323503	-176.3435	
359	-86.50543	-35.8681	0	-5.860687	-21.30563	1.533921	-176.6801	
360	-86.271	-40.08786	0	-2.813049	-20.96057	1.601552	-177.2593	
361	-88.84976	-40.3223	0	-6.095123	-21.62234	1.707434	-177.1642	
362	-87.44318	-42.90106	0	-5.391815	-22.09985	1.986716	-177.2456	
363	-87.20874	-44.54208	0	-5.860687	-21.93033	2.081967	-177.1525	
364	-87.44318	-44.77652	0	-5.860687	-22.49152	1.388689	-177.3729	
365	-87.67761	-47.82413	0	-3.281921	-22.63556	1.11191	-177.801	
366	-90.95966	-46.18311	0	-3.985229	-22.362	-0.1526489	-178.1962	
367	-90.49078	-44.77652	0	-5.391815	-22.37427	-0.8094788	-178.5656	
368	-90.25635	-44.07321	0	-6.095123	-21.87762	-2.609955	-178.916	
369	-89.55307	-45.4798	0	-5.157379	-21.70764	-3.416504	-178.5394	
370	-90.02191	-46.88641	0	-6.329529	-21.40991	-3.989319	-178.7421	
371	-90.25635	-51.80948	0	0.4689842	-21.16522	-4.270691	-178.5487	
372	-93.30399	-48.293	0	-4.922943	-21.04718	-3.978943	-178.5926	
373	-90.72522	-48.293	0	-5.157379	-20.90289	-3.57489	-178.4851	
374	-90.72522	-48.52744	0	-4.922943	-20.73193	-3.562378	-178.1989	
375	-90.02191	-49.69958	0	-6.095123	-20.52097	-3.264862	-178.3308	
376	-89.55304	-50.40289	0	-6.095123	-20.599	-3.431732	-178.1886	
377	-89.55304	-52.98163	0	-4.219666	-20.54932	-3.733276	-178.1423	
378	-91.42853	-51.57504	0	-5.626251	-20.95068	-4.056732	-177.9607	
379	-90.72522	-52.04388	0	-6.329529	-21.16605	-4.391174	-177.9116	
380	-90.25635	-52.04388	0	-6.095123	-21.41974	-4.570587	-177.8846	
381	-90.25635	-52.04388	0	-6.329529	-21.56476	-5.274811	-178.128	
382	-90.25635	-54.85709	0	-1.172028	-21.48529	-5.569153	-178.1847	
383	-92.36624	-53.91934	0	-3.750793	-21.35345	-5.700806	-178.2154	
384	-91.19409	-53.4505	0	-6.329529	-21.27902	-5.949219	-177.9993	
385	-90.02191	-54.38821	0	-6.095123	-21.255	-6.695648	-177.7069	
386	-89.55304	-54.15378	0	-5.626251	-21.4472	-7.688934	-177.3028	
387	-91.19409	-54.62265	0	-6.095123	-21.97708	-8.829224	-176.3454	
388	-91.19409	-58.37357	0	-1.406464	-22.35327	-8.80368	-176.0698	
389	-93.06952	-54.85709	0	-4.688507	-22.51807	-8.978882	-176.1928	
390	-91.19409	-54.62265	0	-6.095123	-22.6987	-8.830292	-176.087	
391	-91.19409	-53.91937	0	-5.157379	-22.729	-8.822021	-176.1945	
392	-90.95966	-52.98163	0	-6.095123	-22.84534	-8.768219	-176.125	
393	-90.49078	-53.4505	0	-6.329529	-22.8949	-8.7034	-176.0636	
394	-90.49078	-55.79483	0	-3.750793	-22.93964	-8.69873	-176.0469	
395	-92.36624	-54.15381	0	-4.922943	-22.97601	-8.551605	-176.0594	
396	-91.66293	-54.15381	0	-6.329529	-23.09448	-8.822357	-176.0197	
397	-91.42853	-54.15381	0	-6.095123	-23.27008	-8.770386	-176.1352	
398	-91.42853	-54.15381	0	-6.095123	-23.34033	-8.949768	-176.3662	
399	-91.42853	-57.20142	0	0.0001192961	-23.47745	-9.11969	-176.2248	
400	-93.77283	-55.09152	0	-2.813049	-23.53967	-9.188995	-176.2193	
401	-92.83511	-53.21606	0	-5.860687	-23.5354	-9.210968	-176.1884	
402	-90.72522	-52.74719	0	-5.157379	-23.47379	-9.189117	-176.1668	
403	-91.19409	-53.91937	0	-5.626251	-23.46985	-9.075958	-176.1415	
404	-90.72522	-53.21606	0	-6.095123	-23.5343	-8.965942	-176.1517	
405	-90.49078	-55.32596	0	-2.813049	-23.53024	-8.970764	-176.1249	
406	-92.83511	-54.15381	0	-6.095123	-23.48666	-8.900726	-176.1749	
407	-91.42853	-54.38824	0	-6.329529	-23.37527	-8.877075	-176.2038	
408	-91.42853	-53.68494	0	-5.860687	-23.3812	-8.913879	-176.1467	
409	-91.8974	-54.15381	0	-6.095123	-23.38928	-8.887451	-176.0621	
410	-91.8974	-57.43585	0	-1.172028	-23.44666	-9.061096	-175.7061	
411	-94.00726	-56.02927	0	-3.750793	-23.42859	-9.200592	-175.3545	
412	-94.71057	-54.62265	0	-6.329529	-23.45044	-9.650543	-173.8777	
413	-96.11716	-54.62265	0	-6.563965	-23.46008	-9.900787	-172.7024	
414	-97.05487	-52.98163	0	-5.391815	-23.51578	-10.32327	-171.856	
415	-99.16476	-54.15381	0	-6.095123	-23.61063	-10.17429	-171.1991	
416	-101.978	-58.37357	0	-0.234314	-23.22647	-10.25504	-170.1135	
417	-106.6666	-54.62268	0	-4.454102	-22.74207	-10.50302	-169.3399	
418	-105.7289	-53.91937	0	-6.329529	-22.45459	-10.5141	-168.7197	
419	-108.0732	-53.4505	0	-6.095123	-22.12183	-10.65152	-167.5237	
420	-108.542	-53.21606	0	-6.329529	-21.91058	-10.22791	-167.5632	
421	-108.7765	-52.74722	0	-6.095123	-21.86292	-10.33417	-167.8379	
422	-109.7142	-55.32596	0	-3.750793	-21.81726	-10.26572	-168.4056	
423	-111.8241	-50.87177	0	-5.391815	-21.61493	-10.50467	-169.1001	
424	-111.1208	-50.87177	0	-5.860687	-21.54865	-10.46295	-169.7181	
425	-111.3552	-50.87177	0	-6.095123	-21.78851	-11.14264	-169.4906	
426	-112.5274	-50.63733	0	-5.391815	-22.32568	-11.65912	-169.5719	
427	-112.7618	-53.68494	0	-0.234314	-22.93021	-11.85757	-170.067	
428	-114.6373	-52.04391	0	-3.516357	-23.68597	-12.32104	-170.5713	
429	-113.2307	-50.40289	0	-5.860687	-24.87857	-12.8266	-171.4968	
430	-112.5274	-49.69958	0	-5.626251	-26.05475	-12.92755	-172.6765	
431	-112.2929	-50.87177	0	-6.095123	-26.879	-12.69498	-173.8824	
432	-111.8241	-50.63733	0	-6.329529	-27.29062	-12.51215	-174.1647	
433	-112.5274	-54.38824	0	0.2345548	-27.70932	-12.55621	-174.1386	
434	-114.8717	-51.57507	0	-4.454102	-28.11719	-12.57556	-174.2601	
435	-112.5274	-51.34064	0	-6.095123	-28.39651	-12.55338	-174.3177	
436	-112.5274	-49.46518	0	-6.095123	-28.41467	-12.63199	-174.4252	
437	-111.8241	-49.69962	0	-6.095123	-28.28879	-12.43625	-174.714	
438	-111.8241	-51.1062	0	-5.860687	-28.26013	-12.44171	-174.9104	
439	-112.2929	-51.80951	0	-3.047485	-28.1832	-12.52325	-175.1481	
440	-113.6995	-51.1062	0	-6.095123	-28.27557	-12.48447	-175.4722	
441	-112.2929	-51.1062	0	-6.095123	-28.34534	-12.12454	-175.6028	
442	-112.5274	-50.63733	0	-5.157379	-28.33997	-12.07779	-175.5049	
443	-112.9962	-50.16846	0	-6.095123	-28.3175	-12.14676	-175.5005	
444	-112.5274	-50.40289	0	-5.626251	-28.36523	-12.18765	-175.437	
445	-112.7618	-52.27835	0	-3.750793	-28.40656	-12.07309	-175.4987	
446	-113.2307	-50.63733	0	-6.329529	-28.51224	-11.98669	-175.4014	
447	-112.5273	-50.63733	0	-5.157379	-28.58661	-12.05554	-175.3675	
448	-112.7618	-50.63733	0	-5.860687	-28.63565	-11.89063	-175.309	
449	-112.7618	-50.63733	0	-5.391815	-28.61768	-11.8829	-175.2666	
450	-112.7618	-54.15381	0	-1.6409	-28.6366	-11.92419	-175.1657	
451	-114.4028	-52.04391	0	-3.985229	-28.63947	-11.96866	-175.0778	
452	-113.2306	-51.1062	0	-6.095123	-28.65622	-12.00574	-174.9945	
453	-112.5273	-49.46518	0	-5.391815	-28.63889	-11.99765	-174.9948	
454	-112.0585	-49.46518	0	-4.922943	-28.69736	-12.03125	-174.9258	
455	-112.0585	-50.16846	0	-6.329529	-28.70554	-12.03397	-174.8754	
456	-111.5896	-52.04391	0	-3.281921	-28.71136	-11.85413	-174.8404	
457	-113.4651	-50.63733	0	-6.095123	-28.65753	-11.70538	-174.7811	
458	-112.2929	-50.87177	0	-6.329529	-28.69632	-11.7301	-174.7453	
459	-112.5273	-50.63733	0	-5.860687	-28.6994	-11.6282	-174.6725	
460	-112.5273	-50.63733	0	-5.391815	-28.71906	-11.63403	-174.5816	
461	-112.7618	-53.21609	0	-0.234314	-28.7204	-11.62122	-174.4836	
462	-114.6372	-51.80951	0	-2.813049	-28.69772	-11.60217	-174.376	
463	-113.4651	-49.93402	0	-6.095123	-28.75955	-11.57251	-174.3247	
464	-111.824	-49.46518	0	-5.157379	-28.76151	-11.57373	-174.2493	
465	-112.2929	-49.46518	0	-5.860687	-28.76807	-11.55133	-174.1637	


Angle MV instances
Rotate	4.87561	5.157501	4.688629	5.157493	4.688629	5.1575	5.860808	5.626373	5.860808	5.860808	6.798514	4.219757	2.344329	10.315	9.377289	11.48715	2.109894	4.688629	3.282043	2.109894	3.516479	6.564087	3.047607	5.157501	4.219788	4.923065	5.157501	8.673981	2.109894	3.047607	5.157501	5.626343	3.516449	2.813171	2.109894	2.344299	2.813202	2.813202	2.109894	5.157501	2.109894	7.970673	2.109894	3.047607	3.047607	2.578766	3.047607	2.813171	2.578735	2.813171	2.813171	3.516479	4.454193	2.813171	2.578735	3.985352	2.813202	2.813171	3.282043	2.344299	2.344315	2.344315	2.578751	2.344315	2.578735	2.578735	3.047623	2.344315	3.282043	2.813171	8.673981	6.095245	5.391937	6.329651	10.315	2.109894	2.578735	2.34433	10.08057	7.501831	8.439545	6.329681	14.06592	4.923096	3.750885	2.578735	2.578735	6.329651	17.34796	5.626373	2.813202	8.439545	11.25275	3.750916	3.047638	2.813202	3.282043	2.34433	5.157471	2.34433	2.578735	4.688629	3.047638	3.047607	3.047607	5.391937	3.282043	3.047607	3.750916	2.34433	2.578735	2.813171	2.344299	2.813171	2.578766	3.282043	3.047638	2.578766	2.109894	2.344299	2.109894	2.34433	2.109863	2.109894	2.813202	4.688629	2.34433	2.109894	2.344315	2.344315	
ChildRotate	7.970673	13.12818	6.095237	6.329666	6.095237	5.860809	4.454208	5.157508	4.923073	5.626366	5.391937	3.750916	16.64468	21.80219	2.578735	3.516479	2.109894	6.095245	4.219788	6.095215	3.750916	4.219757	2.578766	2.109894	2.578766	4.219757	3.750916	2.34433	3.750916	2.109894	2.578766	3.282074	3.282043	2.109863	3.047638	2.813202	5.157532	5.626343	7.501831	3.750916	2.578735	3.047638	3.985321	6.329681	5.626373	2.109894	4.454224	4.219788	2.813185	4.219788	3.985352	2.109894	4.219757	3.985352	3.047621	3.516479	4.454193	2.813202	2.34433	3.985321	3.516479	4.688629	4.923065	3.282043	2.109876	4.219788	5.157501	3.750898	3.282043	3.047607	4.688629	4.454193	2.813202	3.516479	2.344299	4.219788	4.923065	4.688629	4.688629	3.516479	3.282043	3.516479	2.109863	11.25275	6.095237	3.047615	10.54945	33.75818	5.860809	2.578766	3.047638	4.454224	4.68866	3.047607	2.109894	3.047607	24.84979	20.63002	5.391936	3.985344	3.047616	3.516479	2.344315	3.750907	3.750907	3.282052	2.578758	4.454209	3.516479	3.51648	4.454208	2.109887	2.344321	2.57875	2.344322	3.51648	2.344315	2.344315	11.25273	2.109894	9.84613	9.846161	7.267395	3.516479	4.219757	2.578766	3.047607	4.923065	3.516479	2.578735	2.813202	3.750916	3.516479	2.34433	3.047607	2.109894	2.109894	3.282043	4.219757	3.750885	2.578735	4.454193	3.047607	3.750916	2.813171	3.516479	2.109894	2.578766	
RotateInverse	
ChildRotateInverse	5.439445	5.626381	6.095222	6.329681	5.157486	4.688644	6.095253	5.860817	17.11354	14.30036	7.032955	3.282047	3.047615	4.923071	9.142845	3.047617	2.578756	5.860802	2.578753	2.344322	3.985344	8.908417	2.344318	2.344322	9.611725	2.578747	3.750916	3.985336	3.282051	3.516483	3.750916	6.564098	2.813194	4.923073	2.578743	3.516483	3.516483	3.516483	20.39558	4.454208	10.78387	4.688648	4.219784	2.344318	2.578762	3.516491	2.109886	2.344318	4.923073	3.750916	2.10989	4.219784	6.329666	5.391933	4.688644	2.109886	2.813183	5.157505	3.985336	2.578751	2.344322	2.578758	2.578758	3.516479	3.516479	2.344315	3.750916	2.344322	3.047607	3.516472	2.109886	5.157501	5.157509	2.578751	2.813179	3.047615	4.454201	3.985336	3.516472	2.344315	4.454216	3.985344	3.282051	2.109879	4.454216	4.21978	2.813187	4.454208	3.750908	2.109894	2.109894	2.109894	3.282043	18.75456	9.142845	12.42489	7.501823	12.89376	2.109886	6.095222	3.750916	3.985336	2.813187	3.750916	7.501823	2.578751	10.54944	4.219776	10.78387	4.688629	2.344307	3.985344	2.344315	6.09523	21.80218	16.8791	10.78387	2.578754	9.377281	58.13913	52.98162	5.157509	6.095238	7.267387	3.985344	3.516487	3.750908	4.21978	7.267387	4.923074	9.61171	2.813202	2.109894	2.109894	2.344299	3.516479	2.109894	5.626365	4.923087	3.047638	3.282074	2.578766	6.798513	5.391927	5.157501	2.578766	2.578735	4.68866	3.282043	2.578735	6.095243	2.813169	3.047638	3.282074	3.282074	4.923096	2.578766	2.578735	5.860809	4.219788	2.34433	5.157501	3.282043	2.34433	6.564084	4.688656	2.813202	3.047638	2.578735	3.750916	2.34433	2.109894	3.047607	2.813202	5.157501	2.578735	3.282074	
Docking x	2.360883	5.41476	6.977713	8.948614	7.304094	5.734936	3.826477	6.674477	4.862171	2.437012	2.258873	2.095894	2.237988	2.467979	2.084988	2.648838	2.265678	2.365673	2.873608	3.078552	3.824348	2.53714	5.129795	3.30727	6.051895	6.804296	4.6896	3.431561	2.244829	2.324866	7.728405	8.253332	6.25885	3.873169	2.726746	4.48584	2.975616	2.015625	2.934906	2.316345	2.399597	2.127563	
Docking y	3.748507	4.523532	3.579655	3.349748	8.055527	13.56925	15.54735	8.658119	6.297775	8.112213	8.486298	10.58975	8.87674	3.679115	5.322662	7.078484	6.778229	3.281616	2.933655	2.922012	2.114731	2.783371	2.218155	3.509781	354.6853	3.574844	3.477814	3.494797	3.952805	2.205505	2.955383	3.408188	6.649078	5.838028	5.070969	3.030441	5.97757	6.589523	8.188568	2.960251	3.527557	2.000793	2.677338	6.164764	6.123932	3.573242	4.783325	4.390869	3.974976	5.515198	3.942352	2.331787	6.19632	2.246002	3.452271	2.41864	2.362946	2.865509	3.638275	3.006409	2.250336	
Docking z	2.332181	3.269648	3.903184	10.32774	13.76514	8.917923	5.427292	8.783829	11.8395	16.21452	9.815033	5.755501	6.882492	6.217293	8.419617	10.58073	4.526672	8.540283	7.745422	7.00354	3.755997	3.411987	2.118713	2.170761	2.29747	3.864685	3.124557	3.079498	4.509796	3.045258	2.78067	2.289917	2.880447	3.793594	2.059952	4.605667	6.178619	5.031555	5.752731	3.270493	6.24646	4.790131	2.756989	3.348022	3.431427	2.671936	2.231155	2.677155	2.04425	3.536987	2.132416	4.148743	10.21512	5.395447	6.096527	8.598297	2.12384	5.094452	3.862488	4.374725	5.259888	4.579529	4.027893	4.147705	2.702515	2.591522	6.543427	6.670715	2.995728	3.582855	5.352264	5.443756	3.185135	18.33473	15.39047	13.93945	5.453842	354.7427	4.23764	7.479538	4.827225	2.090332	2.12149	2.133011	2.359436	3.104324	2.546341	4.463547	2.052689	2.234924	2.065216	
Total MV Amount	3814.417


Angle TRE instances
Rotate	193	195	196	202	203	207	210	212	213	219	220	224	227	236	238	246	417	
ChildRotate	33	45	118	119	268	270	271	276	277	281	283	287	288	296	359	362	
RotateInverse	1	
ChildRotateInverse	2	25	335	339	343	344	348	351	354	356	360	361	365	367	371	373	374	375	377	378	382	384	388	390	394	396	399	401	405	406	410	412	416	418	422	423	427	429	433	435	439	440	445	446	450	452	454	455	456	457	461	463	
Docking x	280	287	289	299	
Docking y	330	331	332	344	379	
Docking z	62	63	295	296	315	327	342	415	430	
Total TRE Count	103


Correct Angles	Rotate	ChildRotate	RotateInverse	ChildRotateInverse	Docking x	Docking y	Docking z
	-110	-37.39587	0	0	-35.86899	-9.288239	-176.6518

Angle Error	Rotate	ChildRotate	RotateInverse	ChildRotateInverse	Docking x	Docking y	Docking z
	1.824036	12.77258	0	6.095123	7.095581	2.186371	2.525742

Time Taken	Hours	Minutes	Seconds	Milliseconds	Seconds float	Completion time
	0	0	27	498	27.49805	00h:00m:27s:498ms

Final Results	Tester Name	Time of Test	Dock Shape Style	Virtual Device Visible	Time Taken	Shape Precision %	Orientation Precision %	Overall Precision %	Efficiency %	Difficulty	Total MV	Total TRE	
	0	2018-11-05_17:13:32	Presets_dockPreset_4	True	00h:00m:27s:498ms	97.12614	99.12739	97.42068	52.15014	0.4102277	3814.417	103	
