
Angles Over Time
Frames	Rotate	ChildRotate	RotateInverse	ChildRotateInverse	Docking x	Docking y	Docking z	
0	0.5066893	-0.234436	0	-0.6654053	-0.0004094111	0.1502079	0.03069976	
1	0.4381636	-4.688629	0	6.767829	-0.03533936	-0.007720947	0.02038409	
2	-5.188202	-1.406586	0	2.782486	0.0523537	-0.0456543	0.07444073	
3	-1.906158	0.2344357	0	0.9070281	0.1282019	0.1690018	-0.0512085	
4	-0.4995728	1.406593	0	0.9070281	0.1977981	0.161617	0.01190213	
5	1.141456	1.641021	0	1.375892	0.2293636	0.1582581	-0.0229187	
6	0.9070205	0.2344356	0	0.4381634	0.1552005	0.132092	0.01458521	
7	0.2037276	-4.688629	0	5.595672	0.221339	0.2063166	0.03332037	
8	-1.671722	-5.736725E-07	0	1.375892	0.2744682	0.2892648	0.05215995	
9	-0.9684448	-5.736725E-07	0	1.375892	0.3335608	0.2596381	-0.01251221	
10	-0.9684448	-0.9377441	0	0.2037348	0.474261	0.3340978	-0.1332397	
11	-0.03070068	-0.234436	0	0.2037348	0.5643193	0.4829946	-0.2426453	
12	-0.03070068	1.641021	0	0.9070277	0.9084683	0.7775417	-0.5713806	
13	-0.03070068	-2.578766	0	2.313621	1.454511	1.196891	-1.109955	
14	-1.906158	0.2344355	0	0.6725994	2.39148	1.664775	-1.815369	
15	-0.2651367	0.4688639	0	0.4381634	4.150516	2.485228	-3.043396	
16	0.6725917	0.2344355	0	0.203735	7.07235	3.696206	-5.978149	
17	-0.03070068	-5.475808E-07	0	0.4381634	9.704103	4.495572	-9.266327	
18	-0.03070068	-4.454224	0	4.423508	13.02072	4.798296	-12.24515	
19	-4.71936	-1.641022	0	2.313621	15.19734	4.784371	-12.6651	
20	-1.437286	-0.4688721	0	0.6725996	17.70014	4.681648	-12.34494	
21	-0.03070068	1.172164	0	0.2037352	20.22445	4.568152	-13.11942	
22	1.375884	1.172164	0	1.141464	23.4597	4.215716	-15.11453	
23	0.6725912	-0.234436	0	12.86306	26.66452	3.557585	-19.64685	
24	0.2037268	-5.391937	0	30.21103	29.79269	2.262947	-25.03085	
25	-5.422638	-0.7033081	0	28.33557	32.6433	0.9461387	-28.07428	
26	-0.03070068	-0.4688721	0	28.10114	33.73706	0.5317323	-27.86688	
27	0.2037264	1.641022	0	28.33557	35.40181	-0.1399536	-26.48996	
28	1.375884	1.172165	0	28.33557	37.78938	-0.530365	-25.2962	
29	1.375884	-0.4688721	0	30.21103	39.07639	-0.6152344	-25.13065	
30	1.375884	-2.578766	0	35.8374	40.14787	-1.142731	-26.17722	
31	-1.906158	-0.234436	0	40.05717	41.3195	-1.877686	-28.52148	
32	0.2037265	-0.7032776	0	44.98024	42.37582	-2.771301	-30.21957	
33	-0.4995728	-5.860809	0	47.32457	43.31015	-3.359222	-30.0361	
34	-0.4995728	-11.48718	0	49.20002	44.63017	-3.987762	-28.90533	
35	-0.7340088	-15.94138	0	60.68719	45.7882	-4.382568	-28.23959	
36	-4.250488	-13.36261	0	66.54799	46.81304	-5.263733	-30.59241	
37	-2.140594	-11.72159	0	72.40879	47.76833	-6.356689	-33.79529	
38	-0.03070068	-10.78387	0	39.11945	48.32603	-7.531586	-36.36346	
39	1.375884	-10.78387	0	73.81538	49.49202	-8.526489	-36.8884	
40	1.61032	-12.65933	0	74.28424	50.69762	-9.515717	-36.77325	
41	1.375884	-19.45786	0	75.22198	52.19946	-10.63846	-35.8526	
42	-2.609467	-19.92673	0	71.23663	53.09895	-11.09637	-34.90741	
43	0.2037265	-19.45786	0	74.75311	53.56576	-10.87985	-34.46112	
44	-0.4995728	-20.39557	0	73.81539	53.45424	-10.80157	-34.33585	
45	0.2037265	-19.69229	0	73.81539	53.70749	-11.2449	-34.5043	
46	-0.03070068	-22.7399	0	77.09744	53.88866	-11.26874	-34.47836	
47	-4.016052	-21.09888	0	75.69085	54.05493	-11.14252	-34.63287	
48	-2.140594	-19.92673	0	75.22199	54.3085	-11.29385	-35.3027	
49	0.2037266	-19.22342	0	77.09745	54.55964	-11.28748	-35.88617	
50	-0.9684448	-19.45786	0	76.62859	54.80879	-11.42831	-36.11877	
51	-0.03070068	-18.98898	0	76.86301	54.75874	-11.5484	-36.14053	
52	-0.2651367	-24.14648	0	81.08279	54.86301	-11.71396	-36.29016	
53	-6.360382	-19.45786	0	76.62859	54.97929	-11.94598	-36.52383	
54	0.2037262	-19.69229	0	76.86301	55.12103	-12.03745	-36.59723	
55	-0.03070068	-19.92673	0	76.86301	55.32177	-12.14502	-36.86835	
56	-0.03070068	-18.98898	0	76.39415	55.47066	-12.37524	-37.15396	
57	1.375883	-19.45786	0	77.33188	55.77786	-12.77347	-37.5318	
58	-0.2651367	-24.38092	0	81.78609	56.1949	-13.24307	-38.0155	
59	-5.422638	-19.45786	0	79.20734	56.82481	-14.10785	-38.1539	
60	-0.2651367	-19.92673	0	80.61393	57.64121	-15.00659	-38.4566	
61	-0.03070068	-18.05127	0	75.22199	58.58073	-15.81635	-38.60397	
62	-3.312744	-18.05127	0	82.25495	59.44298	-17.07959	-39.14771	
63	-8.939117	-20.39557	0	82.72382	60.70708	-18.36951	-40.13721	
64	-10.3457	-32.8205	0	85.06814	61.36705	-18.88715	-41.49039	
65	-13.62778	-42.19775	0	82.48938	61.43811	-19.77646	-43.21835	
66	-11.28345	-48.76184	0	82.25494	61.48507	-20.01978	-43.73859	
67	-12.22116	-50.16846	0	82.25494	61.45557	-19.77283	-43.69519	
68	-11.28345	-49.69958	0	79.91062	61.7527	-19.97052	-44.18549	
69	-11.28345	-53.68494	0	83.66153	62.42284	-20.85004	-45.19638	
70	-16.20651	-50.6373	0	81.78608	62.7025	-22.08109	-46.83325	
71	-11.75232	-49.46515	0	81.31721	62.69558	-22.70789	-48.18677	
72	-13.39334	-48.293	0	81.31721	62.69288	-23.05521	-48.83206	
73	-13.62778	-48.293	0	81.08279	62.73914	-23.23218	-49.31372	
74	-14.56549	-48.52744	0	81.08279	62.50476	-23.14847	-49.91754	
75	-15.73764	-51.80948	0	82.25495	62.8322	-23.90689	-51.05225	
76	-18.08197	-49.46515	0	82.72382	62.84707	-23.992	-52.25235	
77	-16.44095	-49.46515	0	84.13041	62.76915	-23.96582	-52.86783	
78	-17.14426	-50.16846	0	83.66154	62.83982	-23.89572	-53.0871	
79	-16.44095	-49.69958	0	84.13041	62.84549	-23.72385	-53.15598	
80	-16.44095	-52.27832	0	86.70917	62.83263	-23.92929	-53.61798	
81	-19.95743	-50.87173	0	85.30257	62.78393	-24.11121	-54.37964	
82	-17.84753	-49.93402	0	84.13041	62.71689	-24.52469	-55.44394	
83	-16.20651	-48.52744	0	84.13041	62.6981	-24.6062	-55.85034	
84	-14.79993	-49.46515	0	84.59927	62.45522	-24.8714	-56.57956	
85	-16.90982	-50.16846	0	84.13041	62.34824	-25.17618	-57.13223	
86	-16.20651	-52.98163	0	86.70917	62.21568	-25.14249	-57.17862	
87	-19.95743	-49.46515	0	84.59927	62.15034	-25.13364	-57.63174	
88	-16.20651	-50.16846	0	84.59927	62.06839	-25.1243	-58.09756	
89	-16.20651	-49.46515	0	84.8337	62.10553	-25.19992	-58.47144	
90	-16.90982	-49.46515	0	84.59927	62.07918	-25.15247	-58.71664	
91	-16.67538	-52.74719	0	86.00586	62.04414	-24.99731	-58.67773	
92	-19.72299	-51.10617	0	86.00586	62.06403	-25.00012	-58.80466	
93	-17.6131	-48.76184	0	84.59927	62.08826	-24.81567	-58.90884	
94	-15.50323	-49.23071	0	84.59927	62.05128	-24.9715	-59.14343	


Angle MV instances
Rotate	5.626366	3.282043	4.68866	3.282074	5.626365	5.391937	3.516479	2.109894	2.109894	2.813193	3.985352	6.095245	6.564108	5.157501	5.157501	3.282043	5.626373	3.282074	2.34433	4.923065	4.454193	2.34433	3.516479	2.109894	2.109894	3.750916	3.750916	3.047607	2.109894	2.109863	
ChildRotate	4.454193	3.282043	4.923065	4.688629	2.813201	4.454223	2.813202	5.157501	4.688629	2.109894	2.34433	5.157532	5.626373	4.454193	2.578766	6.798523	3.047607	5.157501	4.688629	4.923065	4.923065	2.344299	12.42493	9.377258	6.564087	3.985352	3.047638	3.282043	2.34433	2.578735	2.813171	3.516479	3.282043	2.34433	
RotateInverse	
ChildRotateInverse	7.433235	3.985344	5.157508	4.219779	3.985344	2.109886	11.72159	17.34797	5.626368	4.219776	4.923069	2.344322	11.48717	5.860794	5.860802	33.28934	34.69593	3.985352	3.516487	3.282051	4.21978	4.454208	4.454208	2.578743	5.391937	7.032959	2.344322	2.578758	2.344322	3.750908	2.578758	2.578758	2.109894	
Docking x	2.921834	2.631752	3.316622	2.176611	2.502809	2.524303	3.235252	3.204824	3.128164	2.850611	2.387569	
Docking y	
Docking z	2.934753	3.288177	2.978821	4.532318	5.384003	3.043427	2.344269	2.352814	3.202881	2.568176	
Total MV Amount	546.137


Angle TRE instances
Rotate	
ChildRotate	
RotateInverse	1	
ChildRotateInverse	80	82	86	87	91	93	
Docking x	
Docking y	1	36	
Docking z	1	16	
Total TRE Count	8


Correct Angles	Rotate	ChildRotate	RotateInverse	ChildRotateInverse	Docking x	Docking y	Docking z
	-30	-30	0	90	90	0	0

Angle Error	Rotate	ChildRotate	RotateInverse	ChildRotateInverse	Docking x	Docking y	Docking z
	13.32462	18.293	0	5.166298	27.91265	24.78528	59.14502

Time Taken	Hours	Minutes	Seconds	Milliseconds	Seconds float	Completion time
	0	0	5	593	5.592588	00h:00m:05s:593ms

Final Results	Tester Name	Time of Test	Dock Shape Style	Virtual Device Visible	Time Taken	Shape Precision %	Orientation Precision %	Overall Precision %	Efficiency %	Difficulty	Total MV	Total TRE	
	0	2018-11-05_17:14:59	Ltd Random	False	00h:00m:05s:593ms	94.89112	84.45735	88.20422	95.98561	0.2666667	546.137	8	
