
Angles Over Time
Frames	Rotate	ChildRotate	RotateInverse	ChildRotateInverse	Docking x	Docking y	Docking z	
0	-72.84637	-101.7435	0	105.0875	47.88163	163.1539	-98.3443	
1	-72.84637	-101.9779	0	105.5564	48.0387	162.7253	-98.86035	
2	-73.08081	-101.9779	0	106.0253	47.99159	162.0769	-99.37604	
3	-73.54968	-104.3222	0	108.8385	48.17044	161.3412	-100.0033	
4	-76.59729	-102.9156	0	107.1974	48.66988	160.9008	-100.4161	
5	-74.4874	-101.7435	0	106.0253	48.96105	159.9886	-101.3342	
6	-73.31525	-101.2746	0	105.5564	50.83913	159.6741	-102.2851	
7	-71.67422	-101.2746	0	106.2597	55.19759	159.4238	-104.3684	
8	-73.54968	-101.7435	0	105.7909	61.94136	159.4187	-108.2032	
9	-72.84637	-104.3222	0	110.7139	68.21355	156.193	-115.096	
10	-77.06616	-101.2746	0	104.1498	74.64236	147.0045	-128.4714	
11	-73.54968	-101.0402	0	98.99233	81.53626	122.361	-156.8994	
12	-73.08081	-94.47607	0	96.88245	83.09715	60.65022	136.0577	
13	-71.43979	-81.3479	0	96.41358	76.82315	24.50853	92.36594	
14	-70.97095	-68.68857	0	96.64801	65.33251	14.07366	71.70793	
15	-71.20538	-46.88641	0	98.28903	49.74195	12.99881	57.34464	
16	-74.01855	-28.60071	0	96.88245	37.52337	15.64555	44.22194	
17	-72.84641	-10.315	0	96.41358	26.78243	18.97077	28.24084	
18	-72.37756	0.46886	0	96.41358	18.17841	18.57851	6.723867	
19	-72.14313	1.641025	0	99.4612	13.71353	17.80394	1.626663	
20	-58.78049	-4.688629	0	105.0876	10.10278	12.27708	-16.58353	
21	-31.35196	-0.4688721	0	103.9154	5.316446	11.74813	-35.8302	
22	-6.971008	1.641025	0	88.4429	0.9495354	12.8867	-38.87238	
23	-1.344635	2.344318	0	69.68833	-2.790924	14.52101	-36.01379	
24	2.406259	0.7032965	0	36.86786	-7.742493	16.17496	-30.89975	
25	2.640695	2.578754	0	17.41	-12.63348	16.91447	-26.63641	
26	3.109559	-1.17215	0	6.157271	-15.67218	15.40311	-20.30362	
27	-1.110229	1.875454	0	2.640784	-17.26035	12.74476	-13.29752	
28	2.406259	1.40659	0	3.109649	-14.72864	8.401129	-6.349274	
29	2.17183	0.4688606	0	2.17192	-10.9808	3.029509	-0.7773438	
30	2.875124	0.7032967	0	2.17192	-5.597382	-3.104126	3.290736	
31	2.875124	-5.157501	0	7.798294	-7.951721	-4.815796	3.830374	
32	-2.516815	-1.406586	0	4.750679	-5.237854	-6.542542	4.765668	
33	0.9996656	1.40659	0	2.17192	-2.877136	-7.95575	4.475528	
34	2.875124	2.813183	0	2.406356	-1.572601	-9.338684	2.796798	
35	4.516153	3.516483	0	2.640785	-0.1347961	-9.896576	0.3128045	
36	4.281717	0.7032965	0	2.171921	1.165015	-10.29456	-1.68045	
37	2.875123	-0.9377136	0	4.985106	2.187179	-10.39914	-2.928101	
38	0.5308084	1.641025	0	1.937492	2.766999	-9.991455	-4.084442	
39	2.875123	1.406589	0	1.703063	3.581057	-9.521606	-6.832336	
40	2.640695	1.406589	0	2.640785	4.668961	-10.02786	-10.02231	
41	2.640695	0.7032965	0	2.171921	4.986724	-9.944458	-12.4957	
42	2.875123	2.10989	0	2.171921	4.838758	-8.817169	-13.35434	
43	2.640695	-1.875458	0	4.985106	4.766895	-7.744385	-12.84012	
44	0.7652371	1.406589	0	2.640785	4.882327	-6.874725	-13.01865	
45	2.406259	1.641025	0	2.171921	4.96706	-6.132355	-12.60181	
46	1.937394	0.4688603	0	1.703064	5.171724	-5.195129	-10.6499	
47	3.109559	1.406589	0	2.171921	5.706551	-4.419647	-9.006836	
48	2.640695	-5.626373	0	8.267158	7.072933	-3.666504	-7.304718	
49	-3.454529	-0.7033081	0	4.985107	8.093132	-2.870819	-5.618195	
50	0.7652376	1.641025	0	2.406357	8.513202	-1.76004	-3.973083	
51	1.937395	1.406589	0	2.406357	9.086493	-1.539246	-3.009369	
52	2.875124	0.4688605	0	1.937492	9.533627	-1.747314	-3.122528	
53	3.343988	1.641025	0	3.344086	9.359708	-1.537384	-3.000885	
54	1.937394	-4.923065	0	9.90818	9.341131	-1.449097	-2.105621	
55	-4.392273	1.172161	0	4.281814	8.982592	-1.176239	-0.9470215	
56	2.875123	1.40659	0	2.406356	9.15359	-0.8467712	-0.3559875	
57	2.875123	2.578755	0	2.406356	8.942663	-0.5339661	0.09750363	
58	4.985009	2.344318	0	1.703063	8.878794	-0.4006958	0.07103055	
59	4.75058	1.40659	0	3.109649	8.567795	-0.3357239	0.04340767	
60	1.937394	-6.564087	0	10.14262	8.336783	-0.3617249	-0.2472534	
61	-4.157837	1.641025	0	3.344085	8.017598	-0.2825012	-0.1501465	
62	1.702966	1.406589	0	2.875221	7.689989	0.02017711	-0.2161865	
63	2.17183	1.875453	0	2.875221	7.300756	-0.1342163	0.02840743	
64	2.17183	3.282047	0	1.937492	6.99976	-0.4594727	0.185579	
65	4.75058	1.641025	0	2.640785	6.959805	-0.7469177	0.0738604	
66	2.406258	-4.923065	0	10.61147	6.849673	-1.093048	0.04347673	
67	-4.157837	1.641025	0	2.406357	6.728373	-1.340393	0.04733198	
68	2.640694	1.875453	0	1.703064	6.469549	-1.663574	-0.07455444	
69	2.875123	2.813182	0	2.171921	6.372712	-2.193207	-0.1864319	
70	4.75058	3.516483	0	2.640786	6.432158	-2.513275	-0.4230652	
71	4.75058	0.7032961	0	1.937493	6.515263	-2.579163	-0.6575928	
72	3.109559	-1.17215	0	11.08034	6.472229	-2.61734	-0.6730347	
73	-0.4069214	0.7032961	0	2.171921	6.518696	-2.528137	-0.8380737	
74	2.875123	0.7032961	0	1.937492	6.585399	-2.326263	-1.328033	
75	2.640694	1.641025	0	2.875221	6.625635	-2.255981	-1.510864	
76	2.406258	2.813182	0	1.937492	6.622677	-2.241211	-1.535339	
77	3.343987	3.282046	0	2.171921	6.686477	-2.095215	-1.770477	
78	4.75058	-0.9377136	0	4.516243	6.696738	-1.98764	-1.815247	


Angle MV instances
Rotate	72.84637	3.047607	2.109894	4.219788	3.516479	2.813171	13.36264	27.42853	24.38095	5.626373	2.344315	2.344315	4.219767	6.329667	2.109886	2.813186	6.095231	5.860803	2.57875	2.344322	3.51648	3.282044	
ChildRotate	101.7435	2.34433	2.578766	3.047607	6.564117	13.12817	12.65933	21.80215	18.28571	18.28571	10.78386	6.329654	4.219757	5.860798	3.750916	2.813187	7.032963	4.923065	6.564091	6.095226	7.970676	8.205112	6.56409	6.56409	2.813186	4.21976	
RotateInverse	
ChildRotateInverse	105.0875	2.813187	4.923073	6.56411	5.157486	2.109886	3.047615	5.626373	15.4725	18.75457	32.82048	19.45785	11.25273	3.516487	5.626374	3.047615	2.578758	2.813186	3.047615	2.813186	2.344321	6.095236	3.282051	2.57875	6.564095	5.626367	7.032967	6.798531	7.970688	8.205116	9.142845	8.908417	2.344322	
Docking x	47.88163	4.358463	6.743771	6.272194	6.428802	6.893906	6.273994	11.49064	15.59056	12.21858	10.74094	8.604021	4.464879	3.610757	4.786329	4.366911	4.951569	4.890991	3.038696	2.531708	3.747833	5.383423	2.35434	2.713867	2.360718	
Docking y	163.1539	3.225693	9.188446	24.64356	61.71073	36.14169	10.43486	2.646738	3.325225	5.526859	2.65835	4.343629	5.371619	
Docking z	98.3443	2.083313	3.834793	6.892838	13.37535	28.42805	292.9572	43.6918	20.658	14.36329	13.1227	15.9811	21.51698	5.097204	18.21019	19.24667	3.042175	2.858582	5.114044	4.263336	6.332794	7.006104	6.948242	5.57193	4.06808	2.483994	2.747894	3.189972	2.473389	
Total MV Amount	2030.739


Angle TRE instances
Rotate	24	
ChildRotate	19	31	32	48	49	60	61	
RotateInverse	1	
ChildRotateInverse	28	31	32	48	49	54	55	60	61	66	67	72	73	
Docking x	23	24	33	46	
Docking y	30	32	47	
Docking z	29	39	50	
Total TRE Count	31


Correct Angles	Rotate	ChildRotate	RotateInverse	ChildRotateInverse	Docking x	Docking y	Docking z
	-7.409522E-21	-6.417947E-43	0	7.409522E-21	0	0	0

Angle Error	Rotate	ChildRotate	RotateInverse	ChildRotateInverse	Docking x	Docking y	Docking z
	0.2963719	1.406589	0	3.344086	6.778661	1.892578	2.060303

Time Taken	Hours	Minutes	Seconds	Milliseconds	Seconds float	Completion time
	0	0	4	641	4.64134	00h:00m:04s:641ms

Final Results	Tester Name	Time of Test	Dock Shape Style	Virtual Device Visible	Time Taken	Shape Precision %	Orientation Precision %	Overall Precision %	Efficiency %	Difficulty	Total MV	Total TRE	
	0	2018-11-05_17:20:54	ZEROING DATA	True	00h:00m:04s:641ms	99.29902	99.26798	98.74773	100	1.64656E-23	2030.739	31	
