
Angles Over Time
Frames	Rotate	ChildRotate	RotateInverse	ChildRotateInverse	Docking x	Docking y	Docking z	
0	-66.37634	-74.78387	0	114.8396	57.41038	-8.261292	57.29816	
1	-66.84521	-78.7692	0	117.6528	57.48003	-8.144348	57.43452	
2	-70.83057	-75.95602	0	115.5429	57.50235	-8.452789	57.24983	
3	-67.07965	-74.78387	0	114.1363	57.63573	-8.591675	57.16912	
4	-66.61078	-74.315	0	113.9019	57.75428	-8.710236	57.10749	
5	-65.20419	-73.61169	0	114.1363	57.76979	-8.697449	56.8813	
6	-65.20419	-74.08057	0	114.3707	57.72097	-8.604797	56.66034	
7	-65.20419	-75.95602	0	116.0117	57.542	-8.870911	54.98032	
8	-68.25183	-74.08057	0	114.1363	57.18579	-8.237427	50.61161	
9	-66.37634	-69.62634	0	114.1363	55.81771	-6.240112	44.37295	
10	-66.14191	-59.78021	0	114.1363	52.85895	-4.325317	39.27763	
11	-60.75	-49.93405	0	114.1363	48.17116	-2.385895	31.39061	
12	-54.65475	-42.43225	0	117.1839	42.99649	0.8906086	24.94414	
13	-54.42035	-25.78757	0	116.0117	37.49207	4.011035	17.19753	
14	-46.68408	-3.985382	0	114.8396	27.691	6.738043	6.174118	
15	-36.83792	2.109846	0	115.7773	20.48927	8.240051	-11.64642	
16	-7.065063	7.736211	0	115.074	16.94193	7.185206	-32.97281	
17	2.781079	7.032919	0	115.3084	14.40543	7.689581	-33.11832	
18	2.781079	3.282003	0	116.4806	11.39759	10.02902	-28.50342	
19	-2.61087	4.923033	0	81.78467	10.29244	10.91246	-25.35175	
20	0.6711931	4.923033	0	36.77372	6.579702	11.5618	-17.47992	
21	0.9056214	5.860754	0	11.92392	4.970993	10.44047	-12.03412	
22	-0.2665405	5.860754	0	-5.424042	2.236846	8.393018	-5.551941	
23	-0.03210449	0.703253	0	1.608922	0.8412549	4.530004	-0.9167786	
24	-5.189606	3.51644	0	-1.907562	1.619599	0.01043949	1.546694	
25	-2.141998	5.626326	0	-4.95517	3.057314	-2.877014	3.334971	
26	-0.03210449	7.970648	0	-6.12735	3.416021	-4.570801	4.815269	
27	3.015508	6.095191	0	-4.95517	4.099813	-5.942535	6.037664	
28	1.843351	7.501785	0	-6.12735	4.374037	-6.581543	6.193129	
29	3.015508	3.282004	0	-2.141998	4.824946	-6.740601	5.447863	
30	-2.61087	5.626326	0	-4.95517	5.052709	-6.890106	4.281808	
31	-0.03210449	5.39189	0	-6.361786	5.637788	-6.753326	3.390878	
32	0.6711927	5.157462	0	-6.12735	6.363521	-6.680115	2.268206	
33	0.905621	5.626326	0	-4.720734	7.189672	-6.80246	0.9449804	
34	0.2023282	-0.9377747	0	-3.079712	7.261786	-6.713226	-0.02481079	
35	-5.189606	3.282004	0	-3.548584	7.135251	-6.527405	-0.246521	
36	-1.673126	5.626327	0	-5.658478	7.024047	-6.194366	-0.423645	
37	0.4367566	4.923034	0	-6.12735	6.91591	-6.016998	-0.2772827	
38	0.9056209	5.626327	0	-6.361786	6.928725	-5.684692	-0.3165894	
39	0.9056209	5.860755	0	-6.12735	6.919168	-5.482391	-0.2382507	
40	0.9056209	-0.7033386	0	1.608921	6.952725	-5.430267	-0.07275391	
41	-5.658478	3.516441	0	-3.78302	6.97967	-5.30069	0.1123515	
42	0.4367565	5.860755	0	-6.361786	7.04862	-4.894897	-0.1378479	
43	0.9056209	5.626327	0	-5.658478	7.067156	-4.857117	-0.04949951	
44	0.4367566	4.688598	0	-6.12735	7.115736	-4.789581	0.1314383	
45	0.9056209	5.391891	0	-6.361786	7.076951	-4.660126	0.4247484	
46	0.9056209	-0.7033386	0	1.608922	7.137797	-4.556854	0.5252504	
47	-6.12735	5.391891	0	-3.314148	6.953486	-4.602814	0.7914004	
48	0.9056208	6.32962	0	-6.361786	6.958168	-4.460114	1.174855	
49	1.140057	5.157463	0	-6.12735	6.938867	-4.522919	1.556291	
50	0.9056208	5.860755	0	-5.189606	6.926016	-4.51593	1.899238	
51	0.4367565	5.626327	0	-6.12735	6.98777	-4.484924	2.031422	
52	0.6711925	-0.7033386	0	0.6711931	6.959406	-4.462341	2.189625	
53	-5.189606	4.688598	0	-4.017456	6.931296	-4.364258	2.182316	
54	0.9056209	4.688598	0	-6.12735	6.8538	-4.276764	2.233695	
55	1.140057	5.626327	0	-5.189606	6.875312	-4.161072	2.12098	
56	1.374485	5.860755	0	-5.892914	6.86885	-4.073944	2.128766	
57	0.9056209	4.45417	0	-6.361786	6.848679	-4.077179	2.038059	
58	0.9056209	-1.172211	0	2.312215	6.879434	-3.93338	1.935662	
59	-6.830627	6.095191	0	-4.720734	6.853889	-3.886932	2.006733	
60	-0.03210449	5.626326	0	-6.12735	6.833435	-4.016815	2.043947	
61	0.6711921	4.688598	0	-6.12735	6.81303	-3.982513	2.00385	


Angle MV instances
Rotate	66.37634	3.985352	3.750916	3.047638	5.391907	6.095245	7.736267	9.846161	29.77286	9.846143	5.157501	3.047607	2.109894	3.047612	2.578766	5.391934	3.516479	6.564099	6.095234	7.032971	7.03297	5.860798	6.095227	7.736248	6.798523	
ChildRotate	74.78387	3.985321	2.813171	4.454224	9.84613	9.846161	7.501801	16.64468	21.80219	5.626365	3.750916	5.1575	2.813187	2.109886	2.344323	4.219781	2.344322	6.564101	4.219779	2.344322	6.564094	4.219779	2.344315	6.09523	6.09523	6.329666	5.391937	5.626381	7.267402	
RotateInverse	
ChildRotateInverse	114.8396	2.813194	2.109886	3.047615	34.69595	45.01095	24.8498	17.34797	7.032964	3.047607	3.985352	2.813171	2.109894	7.736271	5.391941	2.578766	7.970707	3.047638	6.798543	4.688649	2.109894	8.674002	7.032949	
Docking x	57.41038	2.958763	4.687794	5.174667	5.504425	9.801067	7.201727	3.547344	2.536498	3.007843	3.712741	2.734146	
Docking y	8.261292	3.120426	2.727008	2.339437	2.04745	3.863014	4.519564	2.887454	
Docking z	57.29816	4.36871	6.238663	5.095318	7.887022	6.446468	7.746614	11.02341	17.82054	21.32639	4.614899	3.151672	7.871826	5.445801	6.482178	4.635162	
Total MV Amount	1102.25


Angle TRE instances
Rotate	18	24	25	35	36	41	42	47	48	53	54	59	60	
ChildRotate	15	16	18	21	23	25	29	30	34	36	37	38	40	42	44	45	46	47	52	55	57	59	61	
RotateInverse	1	
ChildRotateInverse	24	26	27	28	29	31	33	36	40	42	46	48	52	54	58	60	
Docking x	22	30	
Docking y	11	14	23	27	42	
Docking z	24	27	30	
Total TRE Count	62


Correct Angles	Rotate	ChildRotate	RotateInverse	ChildRotateInverse	Docking x	Docking y	Docking z
	-3.321297E-16	-7.004918E-34	0	5.470321E-16	0	0	0

Angle Error	Rotate	ChildRotate	RotateInverse	ChildRotateInverse	Docking x	Docking y	Docking z
	0.9056205	5.860755	0	5.892914	6.641295	3.815674	2.025939

Time Taken	Hours	Minutes	Seconds	Milliseconds	Seconds float	Completion time
	0	0	3	645	3.644932	00h:00m:03s:645ms

Final Results	Tester Name	Time of Test	Dock Shape Style	Virtual Device Visible	Time Taken	Shape Precision %	Orientation Precision %	Overall Precision %	Efficiency %	Difficulty	Total MV	Total TRE	
	0	2018-11-05_17:17:15	ZEROING DATA	True	00h:00m:03s:645ms	98.24177	98.91822	98.00459	100	9.768464E-19	1102.25	62	
