
Angles Over Time
Frames	Rotate	ChildRotate	RotateInverse	ChildRotateInverse	Docking x	Docking y	Docking z	
0	-0.2810669	-1.172211	0	0.188096	-0.07562256	0.1413295	-0.1123962	
1	-1.294373	0.7032928	0	0.8155111	-0.01589966	0.02438861	-0.02935791	
2	-2.232086	-3.985352	0	5.26972	-0.06158447	0.0506788	-0.04351807	
3	-6.68631	0.9377285	0	0.3466467	-0.08151245	0.04824204	-0.009521484	
4	-1.763245	0.4688642	0	-0.1222229	-0.1017761	0.006869936	-0.03167725	
5	-1.528809	0.7032926	0	0.8155111	-0.1211853	0.03879087	-0.09002686	
6	-2.232086	0.7032926	0	1.284376	-0.08163452	0.09713264	-0.2291565	
7	-2.466522	-4.219788	0	4.097562	0.06068493	0.1982908	-0.4597168	
8	-5.748566	-2.34433	0	2.690969	0.464719	0.3064342	-0.8992615	
9	-3.873138	-0.234436	0	-0.1222229	1.331497	0.4691521	-1.464386	
10	-1.528809	0.7032923	0	0.581075	1.235906	0.6388021	-1.895569	
11	-0.5910645	0.9377283	0	-0.1222229	1.468794	0.7308584	-1.97226	
12	-1.763245	0.7032924	0	1.284375	1.611801	0.7703463	-2.215149	
13	-1.997681	-4.923065	0	5.973012	1.659465	0.7656361	-2.374237	
14	-6.920746	0.4688636	0	2.925397	1.683022	0.8051128	-2.281586	
15	-2.466522	0.937728	0	0.581075	1.66835	0.8520544	-2.186005	
16	-1.997681	2.57875	0	-0.1222229	1.706234	0.8813241	-2.235687	
17	0.112218	2.344314	0	-0.1222229	1.769496	0.9190477	-2.276947	
18	0.3466541	0.2344276	0	-0.1222229	1.787944	0.9263291	-2.295502	
19	-1.763245	-6.329681	0	7.145177	1.791765	0.9346467	-2.297485	
20	-8.092896	0.7032922	0	1.049939	1.782333	0.9812511	-2.315216	
21	-2.700958	0.9377282	0	0.5810747	1.755395	0.999327	-2.298584	
22	-2.700958	0.7032923	0	-0.1222229	1.729222	1.032848	-2.312927	
23	-1.763245	0.7032923	0	0.1122179	1.803926	1.035098	-2.419373	
24	-1.763245	2.57875	0	-0.1222229	1.722585	1.02428	-2.495331	
25	-1.294373	-1.641022	0	2.456533	1.707402	1.026939	-2.515656	
26	-4.107544	0.4688637	0	-0.1222229	1.863312	1.045178	-2.854431	
27	-1.763245	0.937728	0	1.284376	1.800217	1.07808	-3.496185	
28	-2.700958	0.703292	0	0.1122184	1.750368	1.087397	-4.642822	
29	-1.763245	-8.537576E-07	0	-0.1222229	1.744037	0.9514346	-6.300659	
30	-1.763245	-5.157501	0	6.441877	1.418381	0.8041601	-8.707062	
31	-7.858459	-1.17218	0	3.159834	-0.2721863	1.063316	-11.16968	
32	-3.873138	0.7032923	0	0.815511	-3.649811	1.91863	-13.47031	
33	-1.763245	2.57875	0	0.815511	-7.16925	2.738018	-18.22675	
34	-0.3566589	2.109886	0	-0.1222229	-9.906311	4.292375	-23.68954	
35	0.1122176	2.57875	0	0.3466466	-10.862	5.192634	-28.22577	
36	-0.3566589	-1.406586	0	2.456533	-12.27005	6.233442	-33.06012	
37	-4.34198	-0.234436	0	0.1122181	-10.76898	6.691185	-40.39429	
38	-1.528809	0.703292	0	-0.1222229	-7.687988	5.556766	-48.06348	
39	-1.528809	0.703292	0	0.581075	-5.481476	2.626933	-58.05292	
40	-1.997681	0.4688636	0	-0.1222229	-5.312042	0.2736279	-65.96133	
41	-1.763245	-4.68866	0	5.504148	-5.467682	-2.435028	-74.31104	
42	-6.68631	-2.578766	0	2.456533	-4.971344	-3.934204	-79.31696	
43	-3.404266	0.9377282	0	-0.1222229	-4.81601	-4.186066	-83.40176	
44	-1.528809	2.57875	0	0.5810755	-3.401184	-6.753632	-93.77924	
45	-0.1222229	2.57875	0	0.1122187	-1.886597	-8.518555	-101.8816	
46	0.1122179	2.57875	0	0.8155115	-2.012695	-10.97699	-110.846	
47	0.1122179	-1.875458	0	2.456534	-2.716064	-14.36545	-120.7299	
48	-3.16983	1.172156	0	0.8155118	-3.005981	-17.44452	-131.2837	
49	-1.997681	0.7032921	0	0.112219	-3.085541	-18.13406	-141.9372	
50	-1.528809	0.937728	0	16.05359	-5.858551	-20.36743	-151.3352	
51	-1.997681	0.937728	0	16.52246	-10.08099	-21.57877	-158.6583	
52	-1.294373	-5.157501	0	30.35394	-14.53732	-20.79965	-162.1286	
53	-6.217438	-1.406586	0	28.94736	-17.81256	-19.30548	-165.7404	
54	-2.935394	1.172156	0	28.47849	-18.00168	-18.63483	-167.119	
55	-2.232086	2.578749	0	31.05724	-16.32095	-18.39548	-165.4137	
56	-6.451874	2.813178	0	31.52611	-13.6532	-18.24854	-162.9415	
57	-20.51779	2.578749	0	32.69827	-13.63287	-18.58398	-161.946	
58	-20.28336	-2.109894	0	34.33929	-17.14102	-18.13989	-164.659	
59	-23.33099	0.937727	0	51.2184	-18.57782	-17.28607	-164.203	
60	-27.55075	0.937727	0	52.15612	-19.5578	-16.42188	-164.5194	
61	-29.89508	-1.763383E-06	0	53.09385	-21.44403	-15.25089	-164.2175	
62	-32.70825	0.937727	0	53.56272	-21.41171	-13.88553	-165.5147	
63	-36.22473	-4.454224	0	60.59568	-21.56549	-12.91095	-163.6721	
64	-43.961	-0.7033081	0	69.97296	-24.29251	-11.17343	-164.0353	
65	-42.31998	-1.932395E-06	0	73.48943	-27.60983	-8.656036	-167.5923	
66	-39.97565	1.875456	0	81.46013	-28.9548	-7.238281	-171.5121	
67	-38.56906	-1.920733E-06	0	92.47843	-30.81958	-5.772186	-176.0068	
68	-38.33463	-5.157501	0	95.76048	-32.35944	-3.659546	176.3344	
69	-32.94269	-18.05127	0	102.3246	-33.42035	-1.986603	173.7583	
70	-29.66064	-19.92673	0	103.0279	-33.90796	-0.2288818	171.683	
71	-26.14417	-18.98898	0	106.0755	-34.32104	0.396892	170.9302	
72	-27.55075	-23.67764	0	106.0755	-34.49323	0.3357091	171.4363	
73	-26.61304	-24.38092	0	108.1854	-34.63223	0.9041452	170.9305	
74	-27.31631	-36.33698	0	110.2953	-34.37466	1.061193	170.4786	
75	-30.83282	-36.57141	0	109.3575	-34.04706	1.080628	170.8576	
76	-28.72293	-38.44684	0	107.4821	-34.01498	1.629042	171.4543	
77	-26.61304	-48.05856	0	107.4821	-34.26938	2.009737	172.1963	
78	-24.73758	-56.96698	0	107.4821	-34.57022	2.418139	173.0804	
79	-21.92438	-60.24902	0	107.2476	-34.7356	2.810481	173.961	
80	-22.15881	-62.82779	0	109.3575	-35.07254	3.268934	175.0055	
81	-26.14417	-61.18677	0	107.9509	-35.19952	3.504211	175.9382	
82	-23.33099	-61.89005	0	107.9509	-35.47229	3.734667	177.2296	
83	-23.56543	-61.18677	0	108.1854	-35.32291	3.704967	177.8688	
84	-24.03427	-61.18677	0	108.4198	-35.21851	3.97584	179.011	
85	-24.26871	-64.93768	0	110.7641	-35.12015	4.468903	179.4178	
86	-27.78519	-62.82779	0	109.8264	-35.39996	4.872185	179.5048	
87	-24.97202	-62.12448	0	108.1854	-35.3082	4.60945	-179.6327	
88	-24.03427	-61.18677	0	107.9509	-34.70563	4.574059	179.7017	
89	-23.79987	-60.95233	0	107.9509	-34.78244	4.594943	179.9778	
90	-24.50314	-60.7179	0	108.4198	-34.56326	4.489573	-179.8945	
91	-28.7229	-63.53107	0	109.3575	-34.58191	4.575771	-179.7421	
92	-33.88043	-61.89008	0	108.6543	-34.68369	4.529406	-178.7842	
93	-35.52145	-61.89008	0	107.951	-34.51672	4.199528	-176.4433	
94	-37.39691	-61.89008	0	108.4198	-34.18768	4.074431	-175.2469	
95	-38.56906	-62.12448	0	107.951	-34.09262	3.911515	-174.4996	
96	-38.56906	-65.40652	0	110.9986	-34.0928	3.835611	-174.264	
97	-42.78885	-63.06223	0	109.592	-34.16858	3.798996	-174.3314	
98	-39.03793	-62.59335	0	107.951	-34.12286	3.75107	-174.4816	
99	-38.56909	-62.35892	0	107.951	-34.01245	3.806499	-174.6771	
100	-37.16248	-61.18677	0	107.951	-33.91608	3.782614	-174.8361	
101	-37.16248	-61.89005	0	108.4198	-34.02783	3.878791	-174.8382	
102	-38.56909	-63.29663	0	110.5297	-34.11594	3.852257	-174.7818	
103	-40.67896	-62.59335	0	107.951	-34.12958	3.822171	-174.6492	
104	-38.56909	-62.35892	0	108.1854	-34.01938	3.726005	-174.3738	
105	-38.33466	-61.89005	0	108.1854	-33.97873	3.650737	-174.2167	
106	-38.56909	-61.65561	0	108.1854	-33.93188	3.612371	-174.1138	
107	-38.56909	-65.8754	0	110.7641	-33.92847	3.603027	-173.9735	
108	-43.02328	-63.29663	0	109.592	-33.95798	3.595072	-173.8401	
109	-40.44455	-62.59335	0	107.951	-33.89853	3.61875	-173.8558	
110	-38.56909	-60.7179	0	107.951	-33.87341	3.595453	-173.8633	
111	-36.92807	-60.95233	0	107.951	-33.88846	3.580384	-173.7993	
112	-37.16248	-60.7179	0	107.951	-33.86038	3.581979	-173.7467	
113	-37.16248	-63.5311	0	109.1231	-33.84625	3.516312	-173.6475	
114	-40.21011	-62.12448	0	107.951	-33.82565	3.475738	-173.6128	


Angle MV instances
Rotate	4.454224	4.923065	3.282043	2.34433	4.923065	4.454224	6.329651	5.391937	2.813171	2.344299	6.095215	3.985321	2.109894	3.985321	2.813171	4.923065	3.282043	3.282048	4.923065	3.282043	4.219788	14.06592	3.047638	4.219757	2.34433	2.813171	3.516479	7.736267	2.34433	5.391937	3.282043	3.516479	3.51651	2.109894	2.109894	2.813202	3.985352	2.813171	3.516479	2.813171	4.219757	5.157532	4.219788	3.750916	2.109863	2.109863	4.454193	2.578735	3.047638	
ChildRotate	4.688644	4.92308	4.92308	2.109894	5.626358	5.391929	2.109886	6.564109	7.032974	5.1575	3.985321	5.157523	2.109894	6.095229	3.750916	5.391951	3.750916	5.157499	12.89377	4.68866	11.95605	9.611725	8.908417	3.282043	2.578766	3.750916	2.109894	2.813171	3.282043	2.344299	4.219788	2.578766	2.813202	
RotateInverse	
ChildRotateInverse	4.454208	4.923073	2.813187	2.813192	4.688637	3.047615	2.344322	7.2674	6.095238	2.578756	2.578756	6.5641	3.282044	2.344323	2.109886	2.344315	5.62637	3.047614	2.578756	15.94138	13.83148	2.578751	16.87911	7.032955	9.377285	3.516472	7.970695	11.0183	3.282043	6.564102	3.047623	2.109879	2.109894	2.109894	2.34433	3.047615	2.109886	2.578751	2.578758	
Docking x	3.377625	3.51944	2.737061	3.080994	2.206512	2.77301	4.222443	4.456329	3.275238	2.667755	3.508148	2.72702	3.317322	
Docking y	2.929833	2.353305	2.708656	2.567566	2.458435	3.388458	3.079071	2.233368	2.517395	2.11264	
Docking z	2.406403	2.462616	2.300629	4.756439	5.462799	4.536224	4.834351	7.334167	7.669189	9.989441	7.908417	8.349701	5.00592	4.084808	10.37747	8.102325	8.964462	9.883881	10.5538	10.6535	9.397995	7.32312	3.470322	3.611755	2.472214	2.712997	3.557007	3.9198	4.494659	2.576141	2.075333	2.340866	
Total MV Amount	796.8611


Angle TRE instances
Rotate	61	63	69	78	81	82	86	87	91	93	
ChildRotate	96	97	107	108	
RotateInverse	1	
ChildRotateInverse	
Docking x	1	33	42	50	
Docking y	1	35	39	44	68	
Docking z	
Total TRE Count	21


Correct Angles	Rotate	ChildRotate	RotateInverse	ChildRotateInverse	Docking x	Docking y	Docking z
	-30	-68.85028	0	90	-5.008957E-06	5.008956E-06	-150

Angle Error	Rotate	ChildRotate	RotateInverse	ChildRotateInverse	Docking x	Docking y	Docking z
	8.569092	6.491364	0	17.95097	33.78875	3.469543	23.65373

Time Taken	Hours	Minutes	Seconds	Milliseconds	Seconds float	Completion time
	0	0	6	784	6.78414	00h:00m:06s:784ms

Final Results	Tester Name	Time of Test	Dock Shape Style	Virtual Device Visible	Time Taken	Shape Precision %	Orientation Precision %	Overall Precision %	Efficiency %	Difficulty	Total MV	Total TRE	
	0	2018-11-05_17:19:12	Ltd Random	False	00h:00m:06s:784ms	95.41508	94.97717	92.54576	90.68058	0.3765003	796.8611	21	
