
Angles Over Time
Frames	Rotate	ChildRotate	RotateInverse	ChildRotateInverse	Docking x	Docking y	Docking z	
0	-7.967926	-145.8167	0	138.0832	83.09599	21.24747	44.1429	
1	-8.202362	-146.5199	0	138.0832	83.05172	20.77285	43.60894	
2	-8.436798	-146.2855	0	137.8488	83.03356	18.84546	41.6315	
3	-8.436798	-147.9265	0	140.662	83.01461	17.61227	40.21969	
4	-14.53201	-146.9888	0	138.3176	82.57571	14.77928	36.79574	
5	-8.436798	-146.2855	0	137.8488	82.41688	13.75001	35.33269	
6	-8.90564	-145.8167	0	138.3176	82.21568	10.88055	32.07954	
7	-7.73349	-145.8167	0	138.0832	81.78358	6.237911	26.70077	
8	-6.326904	-145.8167	0	138.0832	81.02451	-0.3614502	18.17455	
9	-7.030182	-146.9888	0	139.0209	79.81739	-5.106628	10.68657	
10	-10.54666	-146.2855	0	137.8488	77.61278	-10.68851	2.236403	
11	-3.748138	-146.2855	0	138.3176	75.26022	-10.16937	1.5016	
12	-3.044861	-144.8789	0	137.8488	72.45645	-9.466888	1.041031	
13	-2.341553	-134.5639	0	137.8488	65.93781	-6.555328	-0.8924255	
14	-2.341553	-119.5602	0	142.303	57.39077	-1.050232	1.500014	
15	-7.499054	-96.82034	0	142.0686	49.4281	1.351061	-3.424713	
16	-4.685883	-74.54932	0	141.3652	40.97284	2.328535	-7.760223	
17	-10.7811	-39.61893	0	140.8964	32.29411	4.561527	-14.1926	
18	-29.53568	-13.83142	0	140.8964	20.97569	9.620345	-23.40933	
19	-36.3342	-7.032898	0	139.2554	17.94503	8.943378	-39.76422	
20	-15.70416	-7.032898	0	123.314	15.78718	6.320271	-55.10693	
21	-3.982574	-2.109802	0	103.8561	9.394331	9.558894	-54.21951	
22	-0.466095	-2.344238	0	78.7719	4.072656	11.80959	-47.45358	
23	-0.700531	-2.344238	0	18.52288	1.49205	13.15945	-33.91541	
24	-0.700531	-2.578674	0	-0.934967	-1.404327	13.98186	-18.96616	
25	0.002762388	-7.50177	0	4.222525	-3.499054	12.52359	-15.43213	
26	-4.21701	-2.81311	0	0.9404817	-5.317719	11.64519	-12.49237	
27	-1.403839	6.913483E-05	0	-1.872711	-5.507294	10.21184	-10.80981	
28	0.9404914	1.875527	0	-1.638275	-5.850891	8.868882	-7.901794	
29	2.581513	0.7033697	0	-1.638275	-5.0242	5.979537	-4.597839	
30	2.815949	0.9377982	0	-1.403839	-1.732056	0.8391881	-0.7052917	
31	2.815949	-2.344238	0	1.17491	1.575613	-3.67688	1.218989	
32	-0.934967	6.928091E-05	0	-1.403839	3.016232	-6.952637	2.021614	
33	0.9404919	-1.172089	0	-1.638275	4.699674	-8.622437	1.750941	
34	1.174928	-0.2343445	0	-0.7005615	5.046019	-9.412109	2.147446	
35	0.002763066	6.923556E-05	0	-1.403839	4.602019	-9.622101	1.814048	
36	0.9404919	-5.15744	0	3.519233	4.596676	-9.382904	0.7486766	
37	-3.982574	-2.344238	0	1.409347	4.698656	-9.448853	0.4255892	
38	-1.403839	1.641099	0	-0.934967	4.639319	-9.39624	0.5318033	
39	1.87822	0.9377983	0	-1.403839	4.779615	-9.348297	0.494004	
40	3.050377	1.641099	0	-1.403839	4.609119	-9.178497	0.5621173	
41	2.581513	1.641099	0	-2.107147	4.536115	-9.25238	0.5540533	
42	2.815949	-2.109802	0	1.643775	4.496123	-9.306	0.5615923	
43	-1.872681	-0.9376526	0	-1.403839	4.53332	-9.332855	0.6306931	
44	1.174927	-0.2343445	0	-1.872711	4.492043	-9.218292	0.9980578	
45	0.9404913	6.948965E-05	0	-1.403839	4.399126	-9.143188	1.289694	
46	0.9404913	-0.2343445	0	-1.403839	4.497054	-8.694	0.7654039	


Angle MV instances
Rotate	7.967926	6.095215	6.095215	3.516479	6.798523	5.157501	2.813171	6.095215	18.75458	6.798523	20.63004	11.72159	3.516479	4.219773	2.813171	4.923066	2.578735	
ChildRotate	145.8167	10.31503	15.00365	22.7399	22.27103	34.93039	25.78751	6.798523	4.923096	4.923096	4.68866	2.813179	2.344308	5.157509	2.813202	
RotateInverse	
ChildRotateInverse	138.0832	2.813187	2.34433	4.454208	15.94136	19.45786	25.08423	60.24903	19.45784	5.157492	3.282043	4.923072	2.109886	
Docking x	83.09599	2.204613	2.352562	2.803764	6.518646	8.547031	7.962673	8.455265	8.67873	11.31841	3.030664	2.157846	6.392853	5.321675	2.580606	2.094727	3.292145	
Docking y	21.24747	2.832994	2.869463	4.642638	6.599361	4.745178	5.581879	2.91156	5.505096	2.232992	5.058818	2.623107	3.238623	2.250697	2.889346	5.140348	4.516068	3.275757	
Docking z	44.1429	3.423954	3.253151	5.378771	8.526222	7.487978	8.450167	4.33551	6.432373	9.216736	16.35489	15.34271	6.76593	13.53818	14.94925	3.534027	2.939758	2.90802	3.303955	3.892548	
Total MV Amount	1174.325


Angle TRE instances
Rotate	12	15	16	17	21	
ChildRotate	22	25	26	36	37	
RotateInverse	1	
ChildRotateInverse	25	
Docking x	23	26	30	34	35	
Docking y	14	18	30	32	
Docking z	11	16	29	
Total TRE Count	23


Correct Angles	Rotate	ChildRotate	RotateInverse	ChildRotateInverse	Docking x	Docking y	Docking z
	0	-3.291715E-25	0	7.016571E-12	0	0	0

Angle Error	Rotate	ChildRotate	RotateInverse	ChildRotateInverse	Docking x	Docking y	Docking z
	0.9404913	5.626282	0	4.456961	4.54998	8.291138	0.4630493

Time Taken	Hours	Minutes	Seconds	Milliseconds	Seconds float	Completion time
	0	0	2	774	2.774101	00h:00m:02s:774ms

Final Results	Tester Name	Time of Test	Dock Shape Style	Virtual Device Visible	Time Taken	Shape Precision %	Orientation Precision %	Overall Precision %	Efficiency %	Difficulty	Total MV	Total TRE	
	0	2018-11-05_17:20:44	ZEROING DATA	True	00h:00m:02s:774ms	98.46893	98.37885	98.06921	100	7.79619E-15	1174.325	23	
