
Angles Over Time
Frames	Rotate	ChildRotate	RotateInverse	ChildRotateInverse	Docking x	Docking y	Docking z	
0	-62.60837	-86.73993	0	122.3586	14.90337	-45.56854	-166.2643	
1	-58.85745	-85.33331	0	120.4831	14.96272	-45.97076	-166.2974	
2	-57.45084	-83.69229	0	121.1864	15.09365	-46.09772	-166.2636	
3	-55.80981	-84.3956	0	121.4208	15.11944	-46.2114	-166.2699	
4	-56.51312	-85.33331	0	120.952	15.04847	-46.39227	-166.1197	
5	-57.68527	-89.5531	0	124.9373	15.12896	-46.60413	-166.2983	
6	-63.07721	-84.63	0	120.952	15.46068	-46.69162	-167.161	
7	-57.68527	-85.56775	0	120.4831	15.61022	-47.00894	-167.0696	
8	-57.68527	-84.39557	0	117.2011	16.4732	-47.36902	-168.5992	
9	-50.18347	-94.47617	0	115.3256	18.44236	-48.026	-173.5513	
10	-30.72559	-102.9157	0	109.6993	19.8233	-47.93268	-178.187	
11	-7.28241	-105.26	0	97.97766	21.38403	-48.86377	-179.9456	
12	-7.28241	-103.619	0	83.44288	21.08769	-50.20984	-177.1483	
13	-4.469208	-102.4468	0	64.45388	21.17177	-51.38831	-173.4983	
14	-3.297058	-102.4468	0	43.58943	21.19503	-51.73325	-166.1794	
15	-4.469208	-84.16116	0	17.56748	21.06327	-51.02582	-158.3478	
16	-5.406952	-62.12454	0	10.76895	23.77606	-48.81647	-152.9809	
17	-11.26773	-48.99637	0	6.080309	25.26136	-47.91541	-152.814	
18	-4.703644	-34.22714	0	-2.124817	25.28535	-47.20786	-151.489	
19	-4.703644	-18.05133	0	-1.655945	26.16315	-45.15555	-148.1079	
20	-2.124908	2.109821	0	-2.124817	26.24095	-41.13895	-143.6633	
21	-1.4216	5.157436	0	-1.655945	27.38013	-36.68475	-139.1902	
22	-1.187164	-0.7033691	0	0.922808	27.08956	-34.19891	-133.8617	
23	-6.110229	3.516407	0	-0.9526367	26.95321	-32.29568	-128.15	
24	-3.76593	1.875385	0	-2.124817	27.98066	-30.37296	-120.0639	
25	-3.062622	3.04755	0	-0.7182312	27.5491	-28.91397	-111.6778	
26	-4.234772	1.875385	0	-1.890381	26.74776	-28.74713	-102.9416	
27	-3.297058	-4.219849	0	6.314738	23.99818	-29.47119	-91.33093	
28	-11.50217	0.2343637	0	1.391665	22.65171	-30.9278	-80.88913	
29	-5.406952	2.109822	0	-2.124817	21.81745	-29.67456	-70.45123	
30	-3.297058	4.923	0	-2.593689	22.81747	-26.25516	-61.01755	
31	-0.9527283	4.923	0	-2.124817	22.41881	-25.93414	-56.75439	
32	-0.9527283	4.454136	0	-1.655945	21.66565	-24.23352	-51.30417	
33	-0.9527283	0.2343637	0	0.9228079	21.09857	-23.3006	-46.92929	
34	-5.875793	2.813114	0	-2.124817	20.5049	-23.68491	-41.26563	
35	-2.828186	-6.095306	0	-2.124817	23.63033	-26.6282	-33.6163	
36	-3.297058	-33.52383	0	-2.124817	28.31645	-30.42703	-27.43134	
37	-2.828186	-33.99271	0	-0.9526367	28.18143	-30.55417	-24.95517	
38	-3.531494	-38.91577	0	5.14258	28.52946	-30.90616	-24.74628	
39	-8.454559	-32.58612	0	1.157236	27.02263	-30.61813	-23.8829	
40	-4.703644	-30.00735	0	-0.7182312	27.08202	-30.89334	-21.03934	
41	-3.76593	-24.84985	0	-2.124817	27.78048	-31.64636	-18.38147	
42	-0.4838562	-11.48724	0	-1.655945	27.76558	-30.32678	-18.26761	
43	-0.4838562	3.750844	0	-2.124817	25.95747	-30.87585	-22.73318	
44	0.6882896	1.640959	0	2.563829	26.38098	-29.08609	-20.18796	
45	-4.703644	3.750844	0	-2.124817	26.71414	-27.9491	-20.75464	
46	-1.187164	4.219709	0	-1.890381	25.16264	-26.92346	-17.25146	
47	-1.187164	3.047551	0	-2.124817	21.87587	-25.00848	-13.33743	
48	-1.187164	4.219709	0	-1.890381	21.59077	-21.28821	-9.830444	
49	-1.187164	-1.641083	0	1.626101	21.15905	-19.19113	-7.217468	
50	-7.985687	1.875387	0	1.626101	23.29506	-17.67065	-6.24765	
51	-3.76593	4.219709	0	-2.124817	24.18493	-15.77097	-5.718781	
52	-1.4216	4.454138	0	-1.187073	24.67491	-14.47385	-3.690704	
53	0.4538617	6.329595	0	-1.655945	24.57771	-13.11594	-2.241211	
54	0.4538617	3.28198	0	-1.890381	23.61695	-11.35419	-0.5716553	
55	-1.187164	-4.219849	0	6.314738	20.48857	-11.26233	0.6297405	
56	-8.923431	3.985274	0	-1.187073	14.56028	-12.37381	0.1705003	
57	-2.359314	3.985274	0	-1.187073	11.63438	-12.6788	1.148751	
58	-1.890472	5.157439	0	-1.890381	10.47082	-13.58887	1.866565	
59	0.6882895	5.860732	0	-2.124817	9.966654	-14.22287	1.311655	
60	0.6882895	5.860732	0	-1.187073	10.31477	-14.19232	1.43992	
61	0.2194251	1.172095	0	1.157237	9.877903	-14.2709	1.606121	
62	-3.76593	2.813116	0	-2.124817	9.682792	-14.45477	2.566562	
63	-1.4216	3.985274	0	-0.4837952	9.539145	-13.68045	3.955916	
64	-2.59375	3.985274	0	-1.890381	10.15631	-11.39771	4.989707	
65	-1.656036	3.516409	0	-2.124817	11.3218	-8.686066	5.168196	
66	-1.187164	-1.641083	0	4.908152	11.79043	-6.372833	4.338982	
67	-7.28241	0.9376583	0	0.9228081	11.70822	-5.119568	4.62275	
68	-3.76593	3.750845	0	-1.890381	11.69639	-4.403076	5.129279	
69	-1.187164	4.923002	0	-1.890381	12.48521	-3.847595	5.466575	
70	0.9227253	5.860732	0	-1.890381	12.56696	-3.655609	4.890326	
71	0.9227253	3.985274	0	-0.9526367	12.409	-3.735596	4.733388	
72	-2.359314	-4.923126	0	7.018039	12.88343	-3.762329	4.77698	
73	-9.157867	3.985274	0	-0.7182312	12.81081	-4.039215	4.428752	
74	-2.359314	3.985274	0	-1.421509	12.84066	-4.098389	4.634984	
75	-2.59375	6.095167	0	-1.890381	12.7119	-4.251434	4.496609	
76	0.6882889	6.329596	0	-0.9526367	12.447	-4.60376	4.383789	
77	-0.2494507	6.329596	0	-1.890381	12.15537	-4.99295	4.312389	
78	0.6882889	1.406523	0	1.391667	11.8749	-5.42981	3.886464	
79	-5.172516	3.750845	0	-1.421509	11.25307	-5.81778	3.619673	
80	-2.359314	3.985274	0	-1.890381	10.7462	-6.40509	3.481645	
81	-1.187164	3.985274	0	-1.890381	10.1532	-6.698608	3.130805	
82	-1.4216	3.281981	0	-1.890381	10.09684	-6.72995	3.281979	
83	-1.4216	-1.406647	0	2.563832	9.986899	-6.312958	3.082849	
84	-7.516815	1.406522	0	1.860532	9.785199	-6.310364	3.079378	
85	-4.469208	4.219709	0	-1.890381	9.68341	-5.724396	3.146566	
86	-1.890472	4.219709	0	-1.890381	9.548826	-5.373688	2.958007	
87	-2.124908	2.578687	0	-1.890381	9.488452	-5.008148	2.688709	
88	-1.4216	3.28198	0	-1.890381	9.302539	-4.951111	2.649153	
89	-0.9527283	-3.516541	0	4.908154	9.295115	-4.818024	2.698542	
90	-7.751251	1.875387	0	0.4539458	9.224166	-4.693695	2.729496	
91	-1.4216	3.516408	0	-2.359253	9.219838	-4.388336	2.901864	
92	-0.9527283	6.095167	0	-0.9526367	9.211683	-4.421326	2.931179	
93	-0.01501465	6.095167	0	-0.9526367	9.185316	-4.272919	2.832412	
94	-0.2494507	6.329595	0	-2.124817	9.214825	-4.308105	2.880768	
95	0.4538594	0.7032291	0	1.157239	9.210538	-4.29657	2.897161	
96	-4.000336	3.047551	0	-1.890381	9.191868	-4.268982	2.868452	
97	-1.656036	3.985273	0	-0.9526367	9.226868	-4.317291	2.993402	


Angle MV instances
Rotate	62.60837	3.750916	5.391937	5.391937	7.501801	19.45789	23.44318	2.813202	5.860779	6.564087	2.578735	4.923065	2.344299	8.205109	6.095215	2.109894	2.34433	4.923065	3.047607	4.923065	3.750916	3.282074	5.391933	3.516479	6.798523	4.219757	2.34433	7.736267	6.564117	3.985355	2.34433	6.095245	3.516479	2.578766	6.798553	6.798553	5.860805	2.813202	6.095215	3.047607	2.578735	6.798523	6.329651	4.454195	2.344299	
ChildRotate	86.73993	4.219788	4.923096	10.0806	8.439545	2.34433	18.28568	22.03662	13.12817	14.76923	16.17581	20.16115	3.047615	5.860805	4.219776	6.095234	4.454212	2.813179	4.219773	2.57875	8.908421	27.42853	4.923065	6.329651	2.578766	5.157501	13.36261	15.23809	2.109886	2.109886	5.860792	2.344322	3.047615	4.688637	2.813187	2.109894	4.923073	2.344323	2.813187	2.578758	5.626366	2.344322	
RotateInverse	
ChildRotateInverse	122.3586	3.985352	3.985336	3.282043	5.626373	11.7216	14.53478	18.989	20.86445	26.02195	6.798532	4.688636	8.205126	8.205118	4.923073	6.095216	3.985343	8.205118	7.501811	7.032969	3.985344	7.970676	7.73627	6.798535	4.454209	
Docking x	14.90337	2.712797	2.749584	3.125425	4.686121	3.286772	2.136005	3.128378	5.928295	2.9259	
Docking y	45.56854	2.209351	2.052307	4.016602	4.454193	2.48584	3.419403	2.943298	3.798828	3.720276	2.097076	2.282745	2.711639	2.313232	
Docking z	166.2643	4.952042	4.635773	2.797302	3.65007	7.318832	7.831619	5.366959	3.381149	4.44455	4.47319	5.328461	5.711655	8.086166	8.386108	8.736206	11.61063	10.4418	10.4379	9.433685	4.263153	5.450226	4.374878	5.663666	7.649323	6.184967	2.476166	2.843567	2.657867	4.465576	2.545227	3.503174	3.914032	3.506989	2.612976	2.028076	
Total MV Amount	1499.596


Angle TRE instances
Rotate	14	16	18	23	24	28	30	34	35	39	40	50	51	56	57	67	68	73	74	79	80	84	85	90	91	
ChildRotate	22	35	43	53	54	58	61	70	71	75	78	92	95	
RotateInverse	1	
ChildRotateInverse	19	27	28	38	39	55	56	72	73	
Docking x	
Docking y	69	78	88	
Docking z	53	65	66	68	70	
Total TRE Count	55


Correct Angles	Rotate	ChildRotate	RotateInverse	ChildRotateInverse	Docking x	Docking y	Docking z
	-2.808834E-26	-1.611493E-43	0	2.808834E-26	0	0	0

Angle Error	Rotate	ChildRotate	RotateInverse	ChildRotateInverse	Docking x	Docking y	Docking z
	2.124908	3.985273	0	0.9526367	9.316496	4.511627	2.870045

Time Taken	Hours	Minutes	Seconds	Milliseconds	Seconds float	Completion time
	0	0	5	771	5.771374	00h:00m:05s:771ms

Final Results	Tester Name	Time of Test	Dock Shape Style	Virtual Device Visible	Time Taken	Shape Precision %	Orientation Precision %	Overall Precision %	Efficiency %	Difficulty	Total MV	Total TRE	
	0	2018-11-05_17:17:56	ZEROING DATA	True	00h:00m:05s:771ms	99.01905	98.63303	98.1142	100	6.241853E-29	1499.596	55	
