
Angles Over Time
Frames	Rotate	ChildRotate	RotateInverse	ChildRotateInverse	Docking x	Docking y	Docking z	
0	-96.28934	-100.3369	0	82.81679	81.90961	171.2573	114.8644	
1	-96.0549	-100.3369	0	82.81679	81.92519	171.158	114.8091	
2	-96.0549	-100.3369	0	83.05122	81.98952	170.1821	113.8555	
3	-96.28934	-100.3369	0	82.81679	82.12835	169.8683	113.6206	
4	-96.0549	-100.3369	0	82.58237	82.2792	169.3363	113.2572	
5	-96.0549	-100.3369	0	82.8168	82.59	169.2114	113.4913	
6	-96.0549	-100.1025	0	82.8168	83.03503	167.9805	112.7871	
7	-96.28934	-100.3369	0	82.8168	84.01955	163.6549	110.422	
8	-96.28934	-100.3369	0	82.8168	86.99612	143.1449	94.18385	
9	-96.28934	-100.1025	0	82.58237	86.84204	32.22576	-11.41895	
10	-96.0549	-100.3369	0	81.87908	81.48897	5.646148	-32.58047	
11	-96.0549	-100.1025	0	76.48714	73.72949	-9.826477	-42.08966	
12	-99.33698	-90.72519	0	69.21975	66.28965	-15.97644	-37.32709	
13	-111.293	-85.33325	0	0.0623051	61.99138	-19.15573	-30.62051	
14	-117.6227	-81.58234	0	53.98167	58.65829	-22.80948	-24.30527	
15	-123.249	-81.3479	0	44.36996	53.85735	-28.50754	-19.81189	
16	-127.2344	-80.87903	0	26.3187	49.39716	-31.18958	-10.49454	
17	-132.8607	-80.87903	0	15.06596	45.65605	-32.16046	-3.139801	
18	-135.4395	-80.87903	0	11.54948	42.70939	-32.84933	2.147847	
19	-135.6739	-81.11346	0	7.564133	39.12837	-34.2674	4.666979	
20	-135.4395	-81.11346	0	4.985384	36.14393	-36.02188	6.930465	
21	-135.4395	-84.62994	0	-0.1721191	32.96889	-40.00189	8.388345	
22	-135.4395	-86.97427	0	-0.1721191	30.71933	-43.1532	13.21224	
23	-135.4395	-86.97427	0	-0.1721191	30.52606	-45.09485	14.63515	
24	-135.6739	-87.20871	0	0.06231068	30.55458	-46.34485	15.52845	
25	-135.6739	-86.97427	0	-0.1721191	31.01264	-48.06104	14.40453	
26	-135.6739	-86.97427	0	-0.1721191	30.64887	-49.32437	13.97168	
27	-135.6739	-86.97427	0	-0.1721191	31.38851	-50.0921	13.92156	
28	-135.6739	-86.97427	0	0.06231068	31.23724	-51.41266	12.07374	
29	-135.6739	-86.97427	0	-0.4065552	31.23384	-52.03479	12.431	
30	-135.6739	-87.20871	0	0.2967468	30.41534	-52.13284	13.89963	
31	-135.6739	-86.97427	0	-0.4065552	26.18593	-53.1134	18.49742	
32	-135.6739	-82.05121	0	-0.1721191	20.65164	-58.7858	27.90755	
33	-135.6739	-77.12814	0	0.06231073	16.60818	-62.33722	32.97998	
34	-135.6739	-76.42484	0	-0.1721191	11.37694	-63.36856	35.64487	
35	-135.6739	-62.12448	0	0.5311751	8.449965	-64.32739	40.09513	
36	-135.6739	-33.28937	0	0.2967468	8.837025	-65.81583	43.12158	
37	-135.6739	1.641016	0	-0.4065552	8.76538	-65.71579	39.34715	
38	-136.6116	1.641016	0	-0.1721191	9.257634	-65.54532	37.06486	
39	-136.3772	1.641016	0	-0.1721191	6.899108	-65.77151	36.24042	
40	-136.3772	1.641016	0	0.06231073	6.4932	-70.02295	42.34208	
41	-136.3772	0.9377153	0	1.000039	5.694664	-72.07855	43.09399	
42	-136.3772	1.172151	0	0.2967467	7.013505	-74.76727	45.16891	
43	-136.3772	1.172151	0	-0.1721191	10.12863	-75.64182	49.15562	
44	-136.3772	1.40658	0	-0.1721191	10.26237	-74.45139	50.36934	
45	-136.3772	1.40658	0	-0.1721191	11.92956	-72.31686	51.2995	
46	-131.2197	1.641016	0	0.06231074	11.47148	-72.05658	47.58353	
47	-111.293	0.9377154	0	0.2967468	9.159621	-72.49652	40.67311	
48	-81.52011	1.172152	0	0.06231076	5.002997	-70.71054	29.02791	
49	-44.24542	-22.97433	0	0.06231076	4.785093	-67.66357	15.84901	
50	-1.578796	-22.73993	0	-0.1721191	6.658414	-63.6055	16.31743	
51	-1.109924	-13.83148	0	0.06231076	5.591793	-61.6911	14.65892	
52	-1.109924	-6.564117	0	-0.1721191	2.772913	-61.39999	11.28236	
53	-1.109924	-1.17218	0	0.06231076	2.053646	-60.59872	9.361304	
54	-1.34436	-0.4688721	0	-0.1721191	-0.2382507	-60.12085	9.273734	
55	-1.109924	-0.4688721	0	0.06231076	-1.565277	-59.66431	10.13814	
56	-0.8754883	-0.234436	0	-0.1721191	-3.294617	-59.36246	10.40093	
57	-0.8754883	-0.234436	0	-0.1721191	-4.132385	-58.56781	10.21458	
58	-0.8754883	-0.4688721	0	0.5311751	-5.085419	-57.13876	10.30071	
59	-0.8754883	-0.4688721	0	0.06231078	-7.003815	-55.4382	10.79097	
60	-1.109924	-0.234436	0	-0.1721191	-8.686371	-51.13138	10.25912	
61	-1.109924	-5.949723E-06	0	-0.1721191	-9.657654	-46.76248	9.47049	
62	-0.6410522	-0.234436	0	-0.1721191	-9.244202	-43.23831	9.432006	
63	-0.8754883	-0.234436	0	0.06231078	-8.372742	-39.5094	9.393628	
64	-0.8754883	-0.4688721	0	0.7656112	-6.666656	-36.11246	10.4195	
65	-1.578796	-0.4688721	0	0.06231068	-1.800568	-31.92572	11.8274	
66	-0.8754883	-0.4688721	0	-0.1721191	6.544965	-26.65482	13.28261	
67	-0.8754883	-0.234436	0	-0.1721191	12.95505	-23.77274	15.20896	
68	-0.8754883	-0.234436	0	-0.1721191	15.98744	-22.67148	17.19888	
69	-0.6410522	-0.4688721	0	-0.1721191	19.49406	-21.63519	19.20571	
70	-0.6410522	-0.7033081	0	0.2967466	20.92106	-21.56085	19.81622	
71	-1.109924	-0.4688721	0	-0.1721191	21.10365	-22.33795	19.05937	
72	-0.8754883	-0.4688721	0	-0.1721191	21.41989	-23.07697	18.1387	
73	-0.8754883	-0.234436	0	-0.1721191	22.78267	-23.57123	17.71404	
74	-0.8754883	-0.4688721	0	0.06231068	23.80924	-23.79636	15.46856	
75	-0.8754883	-0.4688721	0	-0.1721191	24.63124	-24.34604	12.11525	
76	-0.8754883	-0.4688721	0	0.06231068	25.49138	-25.01529	6.649993	
77	-1.109924	-0.234436	0	-0.1721191	25.97871	-24.8475	0.58619	
78	-0.8754883	-0.4688721	0	-0.1721191	26.1308	-24.43839	-4.883331	
79	-0.8754883	-0.4688721	0	-0.1721191	27.21509	-23.27649	-7.435486	
80	-0.6410522	-0.4688721	0	-0.4065552	26.6821	-22.05469	-10.25284	
81	-0.8754883	-0.9377441	0	0.06231064	25.26563	-20.79611	-13.00107	
82	-1.34436	-0.7033081	0	0.06231063	24.30276	-20.02557	-14.13516	
83	-0.8754883	-0.234436	0	-0.1721191	23.4823	-19.35468	-14.36423	
84	-0.8754883	-0.234436	0	-0.1721191	22.33474	-18.86081	-14.57263	
85	-0.6410522	-5.923042E-06	0	0.06231062	21.27463	-17.55063	-15.2641	
86	-0.8754883	-0.234436	0	-0.4065552	20.02748	-16.10129	-15.41293	
87	-0.8754883	-0.9377441	0	0.7656112	19.38628	-14.4025	-15.40213	
88	-1.578796	-0.234436	0	0.06231067	17.9898	-12.56696	-15.76328	
89	-0.8754883	-0.234436	0	-0.1721191	18.29438	-9.973755	-15.65939	
90	-0.8754883	-0.234436	0	-0.1721191	16.94932	-7.901489	-16.54288	
91	-0.6410522	-0.234436	0	-0.1721191	16.21433	-6.40625	-16.23914	
92	-0.8754883	-0.234436	0	-0.1721191	14.52863	-4.777374	-16.48227	
93	-0.8754883	-0.4688721	0	0.2967467	12.637	-3.392853	-16.35864	
94	-1.109924	-0.234436	0	0.06231064	11.67803	-1.739899	-15.87799	
95	-1.109924	-0.234436	0	-0.1721191	11.57302	-1.080139	-14.70493	
96	-0.8754883	-0.234436	0	-0.1721191	10.44917	-0.1485291	-14.54721	
97	-0.8754883	-0.4688721	0	-0.1721191	10.04398	0.7271832	-13.49716	
98	-0.8754883	-0.4688721	0	0.7656112	10.05705	1.422433	-12.24832	
99	-1.109924	-0.7033081	0	0.2967468	9.693053	1.920423	-11.27338	
100	-1.34436	-0.4688721	0	-0.1721191	9.879435	2.760625	-10.36679	
101	-0.8754883	-0.4688721	0	0.06231077	9.840777	2.97144	-9.516052	
102	-0.8754883	-0.4688721	0	-0.1721191	10.12108	3.255944	-8.401001	
103	-0.8754883	-0.4688721	0	-0.1721191	10.03738	3.528648	-7.948761	
104	-0.8754883	-0.7033081	0	0.7656113	9.731863	3.593021	-7.697174	
105	-1.109924	-0.4688721	0	0.06231078	9.817468	3.325491	-6.870667	
106	-1.34436	-0.4688721	0	-0.1721191	9.903446	3.805475	-6.124298	
107	-0.6410522	-0.4688721	0	-0.1721191	9.646862	3.537023	-5.507111	
108	-0.8754883	-0.4688721	0	-0.1721191	9.39986	3.191985	-4.356171	
109	-0.6410522	-0.4688721	0	0.06231078	8.970537	2.594656	-3.084808	
110	-0.8754883	-1.17218	0	0.06231078	9.212216	2.136482	-2.075287	
111	-1.109924	-0.7033081	0	0.06231077	9.494983	1.623575	-1.004608	
112	-0.8754883	-0.7033081	0	-0.1721191	9.431191	1.238231	-0.5979004	
113	-0.6410522	-0.4688721	0	-0.1721191	9.220239	0.8921728	-0.4961243	
114	-0.8754883	-0.7033081	0	-0.4065552	9.118921	1.01105	-0.5024109	
115	-0.8754883	-0.4688721	0	-0.1721191	9.022903	1.054951	-0.68396	
116	-0.8754883	-1.17218	0	0.06231076	8.991298	1.093403	-0.8537292	
117	-1.109924	-0.7033081	0	0.2967468	9.002786	1.053112	-1.071594	
118	-0.8754883	-0.4688721	0	-0.1721191	8.943684	1.101593	-1.261169	
119	-0.8754883	-0.7033081	0	-0.1721191	8.756769	1.30607	-1.504181	
120	-0.8754883	-0.4688721	0	0.0623108	8.643912	1.224888	-1.469299	
121	-0.8754883	-0.7033081	0	-0.1721191	8.445064	1.116361	-1.191223	
122	-0.8754883	-1.17218	0	0.0623108	8.305301	0.9219896	-1.182556	
123	-1.109924	-0.7033081	0	0.2967468	8.284419	0.6959237	-0.9388123	
124	-0.8754883	-0.7033081	0	-0.1721191	7.414609	0.09175096	-0.597229	
125	-1.109924	-0.4688721	0	-0.1721191	7.072251	-0.08370972	-0.3964844	
126	-0.8754883	-0.7033081	0	-0.1721191	7.134542	-0.2437134	0.05458165	
127	-0.8754883	-0.4688721	0	-0.1721191	6.756213	-0.386322	0.3342278	
128	-0.8754883	-0.9377441	0	0.7656114	6.194503	-0.7351685	0.580239	
129	-1.34436	-0.9377441	0	0.06231088	6.012567	-0.9000549	0.6493524	
130	-1.109924	-0.4688721	0	-0.4065552	5.753407	-0.983429	0.4059971	
131	-0.8754883	-0.234436	0	0.06231087	5.823167	-0.9718933	0.3875687	
132	-0.8754883	-0.4688721	0	-0.4065552	5.777485	-0.7897034	0.2821372	
133	-0.8754883	-0.4688721	0	-0.1721191	5.747488	-0.6982422	0.1152491	
134	-0.8754883	-1.17218	0	0.5311753	5.804221	-0.7434998	0.01143212	


Angle MV instances
Rotate	96.28934	3.282074	11.95602	6.329651	5.626373	3.985352	5.626358	2.578751	5.157516	19.92673	29.77286	37.27469	42.66663	
ChildRotate	100.3369	9.377289	5.391937	3.750916	3.516479	2.34433	4.923065	4.923065	14.30035	28.83511	34.93038	24.14649	8.908447	7.267365	5.391937	
RotateInverse	
ChildRotateInverse	82.81679	5.391937	7.267395	69.15745	53.91937	9.611717	18.05126	11.25273	3.516487	3.985344	2.57875	5.157503	
Docking x	81.90961	2.97657	5.353073	7.759476	7.439842	4.298271	3.333084	4.800949	4.460182	3.741112	2.946659	3.581024	2.984436	3.175045	2.249554	4.229406	5.534288	4.043468	5.231236	2.926975	2.358526	3.115129	2.311854	4.156624	2.818881	4.866089	8.345532	6.410085	3.032387	3.506624	
Docking y	171.2573	4.325577	20.50999	110.9192	26.57961	15.47262	6.149963	3.179291	3.653748	5.698059	2.682037	3.980011	3.151306	5.672394	3.551422	4.251434	2.055603	2.688721	2.134521	3.046967	4.058075	4.306824	4.368896	3.52417	3.728912	3.396942	4.186737	5.270905	2.88208	2.593201	2.072266	
Docking z	114.8644	2.365135	16.23811	105.6028	21.16153	9.509186	4.762573	6.706573	6.315247	4.493378	9.317352	7.354736	2.519132	2.263485	4.823897	4.597786	9.41013	5.072432	2.664894	4.450256	3.026451	3.774429	2.282291	6.101654	2.074917	3.98671	3.715969	6.910427	11.6452	13.17889	3.376562	2.00683	2.245479	3.353312	5.465253	6.063803	5.469522	2.552155	2.817352	2.74823	
Total MV Amount	1884.056


Angle TRE instances
Rotate	51	
ChildRotate	38	49	53	
RotateInverse	1	
ChildRotateInverse	20	
Docking x	52	58	65	66	
Docking y	93	
Docking z	18	20	77	79	108	
Total TRE Count	15


Correct Angles	Rotate	ChildRotate	RotateInverse	ChildRotateInverse	Docking x	Docking y	Docking z
	-2.261674E-36	-1.611493E-43	0	2.261674E-36	0	0	0

Angle Error	Rotate	ChildRotate	RotateInverse	ChildRotateInverse	Docking x	Docking y	Docking z
	1.109924	0.7033081	0	0.1721191	5.825832	0.7086792	0.02294922

Time Taken	Hours	Minutes	Seconds	Milliseconds	Seconds float	Completion time
	0	0	7	920	7.920091	00h:00m:07s:920ms

Final Results	Tester Name	Time of Test	Dock Shape Style	Virtual Device Visible	Time Taken	Shape Precision %	Orientation Precision %	Overall Precision %	Efficiency %	Difficulty	Total MV	Total TRE	
	0	2018-11-05_17:05:36	ZEROING DATA	True	00h:00m:07s:920ms	99.72426	99.86451	99.322	100	5.025942E-39	1884.056	15	
