
Angles Over Time
Frames	Rotate	ChildRotate	RotateInverse	ChildRotateInverse	Docking x	Docking y	Docking z	
0	1.747661	-1.641052	0	2.216625	-0.008026123	0.02650208	-0.04745483	
1	-2.296875	0.9377288	0	-2.062439	0.007954463	0.09776855	0.01458286	
2	-0.4214172	1.641029	0	-1.359131	0.08439384	0.03999064	-0.008514404	
3	-0.8902588	1.641029	0	-1.124695	0.1175135	0.002646948	-0.01013184	
4	-1.359131	1.641029	0	-1.828003	0.07185195	0.04543213	0.01600148	
5	-0.6558533	-2.578766	0	3.329503	0.06146459	0.0239686	0.05827846	
6	-4.87561	0.234436	0	0.04745964	0.07080393	-0.01138306	0.09226529	
7	-2.062439	1.641029	0	-1.828003	0.05901943	0.03003036	0.2003174	
8	-0.6558533	3.047615	0	-1.124695	0.03758734	0.06817032	0.2612969	
9	0.04745944	3.047615	0	-1.828003	-0.02313232	0.2356496	0.3594272	
10	0.7507523	2.813187	0	-1.359131	-0.009613037	0.3969395	0.411289	
11	0.04745946	0.2344362	0	0.04745957	0.157666	0.6074176	0.1026976	
12	-2.296875	1.172165	0	-1.828003	1.113792	0.7513341	-1.380432	
13	-0.6558533	1.641029	0	5.908254	3.215884	0.5014579	-3.345825	
14	-0.4214172	0.9377289	0	13.87894	7.169186	0.01140965	-5.956451	
15	-0.6558533	1.406593	0	19.27088	10.7265	-0.302887	-6.79483	
16	-0.6558533	-1.17215	0	25.60055	13.00454	-0.440155	-7.258362	
17	-3.469025	6.98648E-08	0	32.16464	15.18881	-0.7944031	-8.17569	
18	-2.531281	1.406593	0	38.72874	17.62347	-1.30246	-10.2915	
19	-0.8902588	2.813187	0	48.34046	20.21721	-1.486511	-12.46729	
20	0.5163231	1.64103	0	58.65546	23.01966	-1.416931	-14.93558	
21	0.2818871	1.406594	0	65.21956	25.11873	-1.410553	-16.9563	
22	0.5163231	-3.516479	0	68.26717	26.44218	-1.315063	-16.42178	
23	-2.296875	-10.315	0	66.86059	26.77199	-1.492554	-15.30505	
24	-0.6558533	-16.87909	0	66.86059	27.91999	-1.306488	-13.88559	
25	-0.6558533	-20.39557	0	67.79831	29.11468	-0.999176	-12.25229	
26	-0.8902588	-22.03659	0	70.84592	30.27588	-0.7807922	-11.80875	
27	-1.359131	-27.19412	0	2.860641	31.23071	-0.8785095	-12.07867	
28	-3.703461	-32.35162	0	73.19025	32.28373	-0.8727417	-11.98853	
29	-2.765717	-37.27469	0	71.54924	34.19468	-0.571228	-10.84012	
30	-0.6558533	-42.43219	0	71.54924	35.77035	-0.2488403	-9.295654	
31	0.5163231	-46.88641	0	71.54924	37.75695	0.3156906	-7.794739	
32	0.5163231	-51.34061	0	71.54924	39.72929	1.028385	-6.195129	
33	0.2818871	-56.02924	0	75.06571	40.9038	1.450762	-5.085632	
34	-2.296875	-58.13913	0	71.3148	41.75304	1.486916	-5.327209	
35	-0.6558533	-60.48346	0	69.67377	43.36926	1.451166	-5.362335	
36	-0.6558533	-63.7655	0	71.08037	45.41013	1.267013	-4.642395	
37	-1.124695	-66.10983	0	71.31479	47.39243	0.5187191	-4.389862	
38	-0.8902588	-68.21973	0	75.769	49.20227	-1.357391	-4.733856	
39	-1.124695	-70.56403	0	79.05105	50.80269	-3.704956	-6.045135	
40	-2.296875	-69.86072	0	78.58219	51.9174	-6.234558	-8.274353	
41	-0.6558533	-70.32959	0	79.05106	52.46538	-6.806793	-7.954651	
42	-0.6558533	-70.56403	0	64.04741	53.14331	-7.198822	-7.949524	
43	-0.8902588	-70.79846	0	79.51993	54.19597	-9.608795	-11.05179	
44	-1.593567	-73.14279	0	80.92651	55.37569	-14.86441	-17.17865	
45	-4.172333	-71.50177	0	65.21957	55.84571	-16.16177	-16.28452	
46	-0.8902588	-71.26733	0	78.34776	55.41479	-15.34982	-13.34613	
47	-2.062439	-70.09515	0	78.11333	55.23992	-15.73669	-14.38113	
48	-0.4214172	-69.62631	0	78.58219	55.69419	-16.06583	-16.80371	
49	-0.6558533	-69.86075	0	78.58219	56.18569	-15.99606	-18.88123	
50	-0.6558533	-71.73621	0	79.75436	56.25825	-17.63403	-21.12839	
51	-3.703461	-70.79846	0	78.34777	55.99478	-18.20343	-21.75922	
52	-2.296875	-70.79846	0	75.76903	56.06468	-19.5452	-23.19147	
53	-2.062439	-70.79846	0	78.81664	56.05285	-20.90375	-25.46561	
54	-2.296875	-71.26733	0	83.50529	56.3549	-21.10248	-27.21823	
55	-1.828003	-73.61163	0	90.53825	56.44223	-21.7453	-31.24234	
56	-5.344482	-71.73621	0	90.06937	56.99125	-23.0188	-33.38046	
57	-3.937897	-71.50177	0	88.19392	57.38601	-25.31943	-35.53339	
58	-1.828003	-72.90836	0	88.19392	58.15051	-26.4454	-36.22656	
59	-2.062439	-73.37723	0	87.95949	58.91208	-27.07834	-36.38266	
60	-2.296875	-74.31494	0	88.19392	59.65877	-27.70956	-36.5752	
61	-2.531281	-77.83142	0	91.47598	59.96392	-28.49622	-36.95432	
62	-7.21994	-74.78381	0	89.13165	60.30992	-29.23615	-37.29553	
63	-2.062439	-74.54938	0	88.89722	60.42912	-29.65445	-37.97339	
64	-2.765717	-74.31494	0	88.66279	60.50568	-29.54987	-38.53113	
65	-1.593567	-73.61163	0	88.89722	60.63194	-30.16135	-39.65417	
66	-1.593567	-75.01825	0	88.42836	60.83366	-31.00702	-40.10876	
67	-3.000153	-77.12811	0	90.77268	60.83098	-31.67166	-40.41779	
68	-6.282196	-75.01825	0	88.19392	60.77666	-32.2995	-41.20084	
69	-5.110046	-74.78381	0	89.13165	60.76306	-33.16132	-42.20056	
70	-7.688812	-74.78381	0	88.66279	60.87222	-33.27954	-42.35364	
71	-8.39209	-74.08051	0	88.42836	60.79683	-33.29401	-42.58591	
72	-10.50198	-74.08051	0	88.66279	60.76274	-33.38254	-42.85281	
73	-11.4397	-75.95596	0	89.83496	60.61946	-33.30869	-43.05536	
74	-15.42505	-75.01825	0	88.6628	59.96143	-33.49982	-43.97342	
75	-14.72177	-75.25266	0	88.42837	59.36594	-33.50757	-44.34308	
76	-15.19061	-77.36255	0	88.6628	59.58682	-33.11932	-44.27313	
77	-15.42505	-79.47244	0	88.6628	59.21666	-33.08954	-44.65863	
78	-15.42505	-83.6922	0	92.64814	58.97127	-33.34018	-44.92645	
79	-20.81699	-83.6922	0	90.06938	59.36367	-33.92041	-45.76282	
80	-16.12836	-84.16107	0	89.36609	59.16628	-35.04657	-47.29578	
81	-17.76938	-83.22336	0	89.83496	58.3014	-34.85944	-47.27771	
82	-17.30051	-89.78745	0	90.06939	58.94317	-35.43448	-47.98792	
83	-17.76938	-92.60062	0	89.83496	61.08256	-36.48465	-49.33978	
84	-18.00381	-100.5713	0	91.00712	61.26303	-36.82498	-50.52853	
85	-20.11371	-104.5567	0	90.06939	61.08569	-38.6459	-52.48734	
86	-19.4104	-113.9339	0	89.83496	62.23029	-41.33453	-54.62408	
87	-18.47266	-116.7471	0	90.06939	62.9558	-43.91162	-56.79712	
88	-19.17596	-118.3882	0	89.83496	62.46035	-45.30621	-58.27951	
89	-18.47266	-120.2636	0	92.17928	62.67068	-47.62805	-60.12314	
90	-21.75473	-119.0914	0	91.00712	63.45692	-50.75	-63.06335	
91	-19.87927	-119.7947	0	90.0694	64.83913	-53.31985	-65.41531	
92	-19.17596	-121.4358	0	90.0694	64.10209	-54.33722	-67.11053	
93	-19.64484	-123.5457	0	90.0694	63.99694	-54.02322	-66.85632	
94	-22.22357	-125.4211	0	89.83497	62.78995	-53.48889	-66.76541	
95	-23.39575	-130.1098	0	92.41372	62.07089	-53.27051	-66.62604	
96	-24.80234	-132.6885	0	89.60052	61.17612	-51.93369	-64.6572	
97	-23.39575	-137.1427	0	89.83497	60.7631	-51.41156	-62.79279	
98	-23.39575	-137.6116	0	89.60052	60.19972	-51.87289	-63.40067	
99	-25.97449	-137.3771	0	89.83497	59.6576	-52.79999	-64.60895	
100	-30.19427	-137.6116	0	89.83497	58.81901	-53.35516	-65.50183	
101	-32.77301	-138.3149	0	91.24155	58.19133	-54.24869	-66.82596	
102	-35.35178	-138.0804	0	89.83497	57.13912	-55.59091	-68.76797	
103	-34.64847	-139.2526	0	89.60052	57.01817	-56.61804	-69.9202	
104	-34.64847	-140.8936	0	89.60052	56.62528	-57.23956	-70.57715	
105	-34.8829	-141.8314	0	89.3661	56.22445	-57.59821	-71.17328	
106	-34.64847	-143.9412	0	92.88258	55.86646	-57.98233	-71.77429	
107	-39.10269	-144.1757	0	90.7727	55.45131	-57.8226	-71.94446	
108	-34.8829	-144.4101	0	89.83497	54.629	-57.82199	-72.69431	
109	-34.8829	-144.6445	0	89.60053	54.30188	-58.2189	-73.41132	
110	-34.64847	-144.879	0	89.83497	54.04242	-58.88464	-74.41019	
111	-33.71075	-145.1134	0	89.83497	53.78664	-59.16403	-74.94693	
112	-35.11734	-146.2856	0	92.64815	53.65068	-59.69638	-75.71414	
113	-38.86826	-145.3478	0	89.83498	53.54708	-59.83994	-75.75635	
114	-34.8829	-145.1134	0	89.83498	52.90055	-59.88293	-76.02853	
115	-34.64847	-144.879	0	89.60054	52.70843	-59.98462	-76.08966	
116	-33.47632	-144.879	0	89.60054	52.34116	-59.72775	-75.85052	
117	-33.47632	-144.879	0	89.60054	51.92175	-59.85364	-75.96045	
118	-33.47632	-145.8167	0	90.53826	51.41598	-59.80231	-76.00354	
119	-36.28949	-145.1134	0	89.83497	50.872	-59.82074	-76.21951	
120	-34.6485	-145.3478	0	89.60053	50.42545	-59.81277	-76.51999	
121	-34.6485	-145.3478	0	89.60053	50.29999	-59.93195	-76.72992	
122	-34.6485	-145.3478	0	89.83497	50.01318	-59.91449	-76.85095	
123	-34.6485	-146.2856	0	92.41372	49.53119	-60.07104	-77.2626	


Angle MV instances
Rotate	4.219757	2.813171	2.344334	2.813171	2.34433	2.109863	2.578762	2.578766	3.282074	3.047607	3.516479	2.109894	4.68866	5.157501	3.282043	2.578766	2.109894	3.985352	5.391937	4.688629	2.109894	3.282074	2.578735	2.578735	4.219788	2.578735	2.578766	4.454224	4.219788	3.750916	3.985352	2.813171	
ChildRotate	2.813202	2.57875	4.923073	6.798523	6.564087	3.516479	5.157532	5.157501	4.923065	5.157501	4.454224	4.454193	4.688629	2.109894	2.34433	3.282043	2.34433	2.109894	2.344299	2.34433	2.344299	3.516479	3.047607	2.109863	2.109863	2.109894	2.109894	4.219757	6.564087	2.813171	7.970703	3.985336	9.377274	2.813202	2.109894	4.688644	2.578751	4.454208	2.109879	
RotateInverse	
ChildRotateInverse	2.216625	3.282043	7.736257	7.97069	5.391937	6.329664	6.564093	6.564102	9.611717	10.315	6.564098	3.047615	3.047615	67.98528	70.32961	3.516472	3.750916	4.454208	3.282051	15.00365	15.47252	15.70695	13.12819	2.578743	3.047615	4.688644	7.032959	3.282051	2.344322	2.344322	2.578758	3.985344	2.578758	2.344315	2.578751	2.813194	3.516472	2.109879	2.813179	2.813171	2.578751	
Docking x	2.102092	3.953302	3.557311	2.278048	2.184265	2.434663	2.593733	2.802458	2.099068	2.040874	2.139389	
Docking y	2.347565	2.529602	2.409973	5.255615	2.300629	2.688629	2.577087	2.321838	3.121948	2.569855	
Docking z	2.610626	2.115814	2.175781	2.468292	2.020721	2.229218	3.102264	6.126862	2.938385	2.422577	2.077515	2.247162	2.274139	4.024109	2.138123	2.152924	2.136749	2.173035	2.940216	2.351959	
Total MV Amount	710.2249


Angle TRE instances
Rotate	
ChildRotate	95	97	
RotateInverse	1	
ChildRotateInverse	56	
Docking x	22	30	
Docking y	
Docking z	
Total TRE Count	5


Correct Angles	Rotate	ChildRotate	RotateInverse	ChildRotateInverse	Docking x	Docking y	Docking z
	-90	-129.1324	0	90	30	180	180

Angle Error	Rotate	ChildRotate	RotateInverse	ChildRotateInverse	Docking x	Docking y	Docking z
	52.30389	16.21547	0	1.241554	19.28491	-119.9886	-102.393

Time Taken	Hours	Minutes	Seconds	Milliseconds	Seconds float	Completion time
	0	0	7	303	7.302639	00h:00m:07s:303ms

Final Results	Tester Name	Time of Test	Dock Shape Style	Virtual Device Visible	Time Taken	Shape Precision %	Orientation Precision %	Overall Precision %	Efficiency %	Difficulty	Total MV	Total TRE	
	0	2018-11-05_17:12:51	Ltd Random	False	00h:00m:07s:303ms	90.31098	58.81821	75.28353	87.25645	0.7768137	710.2249	5	
