
Angles Over Time
Frames	Rotate	ChildRotate	RotateInverse	ChildRotateInverse	Docking x	Docking y	Docking z	
0	0.3222392	3.51648	0	89.40638	63.15005	20.34515	-154.5112	
1	0.3222392	3.282052	0	90.34411	62.70201	19.86646	-155.2735	
2	0.3222392	3.282052	0	90.57854	62.10266	19.34146	-155.9112	
3	-0.146637	-2.578735	0	92.68843	61.28422	18.49518	-156.5004	
4	-5.069702	1.641023	0	91.0474	59.5859	17.29134	-156.8878	
5	0.08781047	3.985345	0	86.59319	56.88471	16.31944	-155.4143	
6	-0.8499146	2.813188	0	72.0584	54.46865	18.16237	-147.7678	
7	0.3222388	2.813188	0	56.82032	52.09052	21.66367	-137.9936	
8	0.5566749	3.750916	0	28.68848	49.13561	24.09293	-131.2215	
9	0.3222388	1.172159	0	20.0145	43.53307	24.4937	-123.0051	
10	-2.2565	3.282052	0	24.23427	38.57763	25.30734	-112.5576	
11	0.08781055	4.688639	0	23.76541	34.18052	24.69797	-104.062	
12	1.728832	2.578752	0	23.29654	29.68163	23.56186	-96.33377	
13	0.5566749	2.578752	0	23.53097	25.16418	23.9369	-87.39587	
14	0.5566749	-3.047607	0	29.39177	21.63724	24.89475	-77.75647	
15	-5.069702	3.047616	0	23.7654	16.79664	24.82208	-69.43286	
16	0.5566746	3.282052	0	24.23427	12.12091	24.74988	-63.35043	
17	0.5566746	4.219781	0	21.42108	7.337112	23.63825	-57.67715	
18	2.900989	4.45421	0	17.43574	4.928622	21.34202	-52.25958	
19	2.432124	3.282053	0	13.91926	2.343718	19.02145	-46.63205	
20	1.728832	0.9377304	0	15.79471	0.3627277	17.57965	-44.61356	
21	-1.553223	3.282053	0	8.996181	-0.9922485	16.73571	-42.41571	
22	1.025539	4.219781	0	-1.084381	0.3747628	15.81114	-40.59958	
23	2.900989	3.750917	0	-1.084381	0.9380156	15.47137	-39.89252	
24	1.963268	4.688639	0	-2.022125	0.3293228	14.961	-39.27716	
25	3.135425	1.641023	0	3.135381	-1.085876	14.02968	-37.48907	
26	-1.318787	3.985346	0	14.38812	-2.701996	13.3356	-36.70044	
27	2.900989	4.923074	0	31.50165	-4.107727	12.51552	-33.30463	
28	3.135425	5.860803	0	31.26723	-4.845093	11.89886	-30.41632	
29	4.307583	6.564096	0	21.88994	-4.437744	10.16769	-22.00443	
30	0.08780997	6.798532	0	16.96687	-3.049835	8.014659	-17.1496	
31	-0.3810425	3.282053	0	5.948571	-1.411102	6.134499	-11.51306	
32	-5.304138	5.860803	0	-1.553253	0.07018778	4.876278	-6.175232	
33	-4.366394	-6.564087	0	-2.490967	1.349703	4.078866	-2.309692	
34	-4.366394	-17.5824	0	-1.553253	2.039436	3.298591	-0.08865356	
35	-4.835266	-27.42856	0	-2.256561	2.19562	2.64116	-0.118042	
36	-3.897522	-29.53842	0	1.728791	2.549155	1.976176	-0.04806519	
37	-5.069702	-28.36627	0	-0.3811035	3.160538	1.280375	0.09655368	
38	0.08780993	-15.4725	0	-2.256561	3.242011	1.041136	0.1505224	
39	1.494403	-7.032959	0	-2.256561	3.343159	1.110196	0.05805688	
40	2.666561	-5.391937	0	-1.553253	3.50414	1.225881	-0.08825684	
41	2.432124	-6.329681	0	-2.490967	3.374392	1.374188	-0.2823792	
42	1.728832	-9.377289	0	2.197656	3.312886	1.570077	-0.3837585	
43	0.3222382	-6.329681	0	-1.553253	3.288248	1.674877	-0.3936462	
44	1.259967	-6.564087	0	-2.256561	3.268766	2.361504	-0.4457397	


Angle MV instances
Rotate	4.923065	5.157513	2.344311	5.626377	5.626377	2.344315	4.219773	4.923096	5.157512	
ChildRotate	3.51648	2.344322	2.578758	2.109893	2.109887	2.344322	2.344322	3.047615	2.344322	3.516479	2.57875	11.01831	9.846161	2.109863	12.89377	8.439545	3.047607	3.047607	
RotateInverse	
ChildRotateInverse	89.40638	2.109894	4.454208	14.53479	15.23808	28.13184	8.673986	4.219778	5.860802	5.626366	2.813187	3.985346	3.516479	6.798531	10.08056	11.25274	17.11353	9.377283	4.923071	11.0183	7.501824	
Docking x	63.15005	2.701195	2.416054	2.378139	2.954903	5.602543	4.955437	4.397118	4.49888	4.517454	3.526937	4.840603	4.675726	4.783802	2.40849	2.584904	
Docking y	20.34515	3.501295	2.429264	2.296238	2.32057	2.153027	
Docking z	154.5112	7.646439	9.7742	6.772156	8.21637	10.44754	8.495514	7.728271	8.937897	9.639404	8.323608	6.082428	5.673279	5.417572	5.627533	2.018494	2.197845	3.395813	2.888306	8.411896	4.854828	5.636536	5.33783	3.86554	2.221039	
Total MV Amount	843.7566


Angle TRE instances
Rotate	1	4	5	15	16	32	33	37	38	
ChildRotate	1	28	31	32	
RotateInverse	1	
ChildRotateInverse	23	26	32	
Docking x	19	
Docking y	33	
Docking z	34	
Total TRE Count	17


Correct Angles	Rotate	ChildRotate	RotateInverse	ChildRotateInverse	Docking x	Docking y	Docking z
	0	0	0	1.525874E-11	0	0	0

Angle Error	Rotate	ChildRotate	RotateInverse	ChildRotateInverse	Docking x	Docking y	Docking z
	1.728831	6.329681	0	2.256561	3.259846	2.676783	0.4718628

Time Taken	Hours	Minutes	Seconds	Milliseconds	Seconds float	Completion time
	0	0	2	651	2.650814	00h:00m:02s:651ms

Final Results	Tester Name	Time of Test	Dock Shape Style	Virtual Device Visible	Time Taken	Shape Precision %	Orientation Precision %	Overall Precision %	Efficiency %	Difficulty	Total MV	Total TRE	
	1	2018-11-14_15:05:37	ZEROING DATA	True	00h:00m:02s:651ms	98.56735	99.41692	98.67273	100	1.695415E-14	843.7566	17	
