
Angles Over Time
Frames	Rotate	ChildRotate	RotateInverse	ChildRotateInverse	Docking x	Docking y	Docking z	
0	-1.695648	-5.157501	0	1.820936	0.01551001	0.2802904	-0.07843018	
1	2.65726	0.9377288	0	-0.3903503	0.0058642	0.4100206	-0.07702637	
2	1.953959	0.2344284	0	-1.328094	0.03012607	0.5713343	-0.1087341	
3	2.422823	0.4688645	0	-1.093658	0.06266608	0.7077811	-0.1469116	
4	2.65726	0.4688645	0	-1.093658	0.1107705	0.9890977	-0.2077026	
5	2.422823	-12.4249	0	0.7818022	0.150542	1.079117	-0.2025452	
6	1.485095	-30.47617	0	-0.8592224	0.2036469	1.348852	-0.1729126	
7	2.188395	-46.18311	0	-1.093658	0.2190821	1.406753	-0.158905	
8	3.126116	-58.84244	0	-0.6247864	0.2185148	1.672215	-0.2041626	
9	1.953959	-70.32959	0	-0.8592224	0.2179998	1.816881	-0.2273254	
10	2.422823	-74.54938	0	1.719531	0.2330508	1.866356	-0.2127686	
11	0.3129374	-77.36255	0	0.3129374	0.2298911	1.902067	-0.1496582	
12	2.422823	-79.0036	0	5.704875	0.2080489	2.134024	-0.06445313	
13	2.422823	-80.41016	0	45.08945	0.2373477	2.112607	-0.1676331	
14	3.594981	-83.45779	0	70.64253	0.2880145	1.69283	-0.1290283	
15	3.594981	-90.25632	0	96.66448	0.2319295	1.55496	-0.1166992	
16	2.422824	-97.75815	0	115.8879	0.1911693	1.555002	-0.110321	
17	-1.562531	-100.5713	0	116.3568	0.1744784	1.539513	-0.09402466	
18	2.422824	-101.7435	0	116.8256	0.2002188	1.485653	0.2751173	
19	1.95396	-106.4321	0	120.811	0.3003126	1.84552	1.220615	
20	3.594981	-107.1354	0	124.5619	0.3183692	1.786615	1.021137	
21	2.657259	-107.8387	0	124.5619	0.3907259	1.805552	2.542389	
22	-2.500244	-108.7764	0	124.5619	0.4532071	1.791793	3.577646	
23	-12.81525	-109.2453	0	124.3275	0.7448838	2.128292	8.114858	
24	-24.06799	-109.4797	0	124.3275	0.8447454	2.450602	11.49705	
25	-32.27313	-109.4797	0	124.3275	0.7506207	2.807456	14.62349	
26	-38.60278	-109.4797	0	124.3275	0.7905325	2.958387	15.61107	
27	-40.2438	-109.0109	0	124.5619	1.137511	3.064406	14.72034	
28	-42.3537	-109.2453	0	124.3275	2.475855	3.779021	13.31602	
29	-41.41595	-109.4797	0	124.3275	3.492574	4.517113	12.60834	
30	-40.94711	-109.4797	0	124.3275	3.160588	4.646237	13.63654	
31	-42.3537	-109.4797	0	124.3275	3.962137	4.418301	15.8602	
32	-44.22916	-109.4797	0	124.093	7.118884	4.568089	17.14854	
33	-48.68335	-109.2453	0	120.1077	9.865396	4.892527	22.09159	
34	-56.18518	-109.2453	0	120.1077	13.71398	4.029241	23.99815	
35	-55.95074	-109.4797	0	120.1077	16.54224	3.404846	23.67217	
36	-55.95074	-109.2453	0	119.8733	19.62543	2.692293	25.02945	
37	-56.18518	-109.4797	0	119.8733	25.34137	1.118521	23.09566	
38	-55.95074	-108.7764	0	120.1077	35.50576	-0.5245056	15.82745	
39	-57.12292	-109.2453	0	119.8733	45.95429	-9.189697	1.925201	
40	-56.65405	-109.2453	0	118.9355	52.70998	-21.59454	-17.78485	
41	-57.35736	-109.4797	0	118.7011	56.29217	-26.04395	-23.79221	
42	-56.65405	-109.4797	0	118.7011	60.72042	-23.19876	-19.48972	
43	-56.65405	-109.4797	0	118.7011	65.53226	-18.23111	-13.14365	
44	-56.88849	-109.2453	0	118.9355	70.47351	-10.42679	-2.915924	
45	-58.06064	-109.2453	0	118.7011	78.54919	15.28452	28.036	
46	-57.12292	-109.2453	0	118.7011	79.21049	56.35777	73.81015	
47	-57.12292	-109.2453	0	118.7011	79.32966	68.88015	87.78209	
48	-57.35736	-109.2453	0	118.7011	79.6124	79.53252	99.77197	
49	-57.35736	-109.0109	0	119.1699	75.01215	95.20609	119.0929	
50	-58.52951	-109.2453	0	118.9355	68.88795	98.45365	125.8531	
51	-57.35736	-109.2453	0	118.7011	62.06181	96.38106	128.3157	
52	-57.35736	-109.4797	0	118.7011	55.28736	94.14527	130.2549	
53	-56.88849	-109.4797	0	118.7011	50.12158	92.05943	131.011	
54	-57.12292	-109.4797	0	118.9355	45.33806	90.19149	130.8264	
55	-56.88849	-109.0109	0	118.9355	40.80819	88.78886	131.4582	
56	-57.82623	-109.2453	0	118.9355	37.03803	88.15937	131.997	
57	-57.5918	-109.2453	0	118.7011	33.60618	88.27046	133.5995	
58	-57.35736	-109.0109	0	118.7011	31.59418	88.43027	134.7879	
59	-57.5918	-109.2453	0	118.7011	30.1897	89.10075	136.5143	
60	-57.35736	-109.0109	0	118.9355	28.76244	89.91734	139.5047	
61	-58.29507	-109.0109	0	118.9355	28.25346	89.81547	142.7575	
62	-57.5918	-109.2453	0	118.7011	28.30766	88.93105	146.625	
63	-57.35736	-109.4797	0	118.7011	28.07399	88.47041	148.6979	
64	-56.88849	-109.2453	0	118.7011	27.81851	87.93726	150.5494	
65	-56.88849	-109.2453	0	118.9355	27.67812	88.59618	152.8231	
66	-56.88849	-109.2453	0	118.9355	27.02714	89.03233	155.3115	
67	-57.8262	-109.2453	0	118.7011	27.09346	89.54398	156.5635	
68	-57.35736	-109.2453	0	118.9355	26.84076	90.39995	158.1703	
69	-57.5918	-109.2453	0	118.7011	26.64546	91.0051	159.2833	
70	-57.35736	-109.2453	0	118.7011	26.36468	91.32812	159.9741	
71	-57.35736	-109.0109	0	118.9355	26.15864	91.51867	160.3346	


Angle MV instances
Rotate	2.109886	2.109886	10.315	11.25275	8.205139	6.329651	2.109894	4.454193	7.501831	
ChildRotate	5.157501	6.09523	12.89376	18.05127	15.70694	12.65933	11.48715	4.219788	2.813171	3.047638	6.798523	7.501831	2.813171	4.68866	
RotateInverse	
ChildRotateInverse	5.391937	39.38457	25.55308	26.02195	19.22343	3.985352	3.750908	3.985344	
Docking x	3.156747	2.746512	3.848583	2.828258	3.083197	5.715939	10.16439	10.44852	6.755692	3.582191	4.428246	4.81184	4.941254	8.075684	4.600243	6.124199	6.826145	6.774448	5.165779	4.78352	4.529869	3.770164	3.431847	2.011997	
Docking y	8.665192	12.40485	4.449402	2.845184	4.967651	7.804321	25.71131	41.07325	12.52238	10.65237	15.67357	3.247559	2.072594	2.235786	2.085846	
Docking z	4.537212	3.382196	3.126432	2.22366	4.943047	7.268209	13.90225	19.71005	6.007355	4.30249	6.346069	10.22772	30.95192	45.77415	13.97194	11.98988	19.3209	6.760262	2.46257	2.990448	3.252747	3.867493	2.072891	2.273636	2.488388	
Total MV Amount	808.7891


Angle TRE instances
Rotate	
ChildRotate	
RotateInverse	1	
ChildRotateInverse	
Docking x	56	60	
Docking y	
Docking z	
Total TRE Count	2


Correct Angles	Rotate	ChildRotate	RotateInverse	ChildRotateInverse	Docking x	Docking y	Docking z
	-90	-90	0	90	34.90768	127.1709	169.6958

Angle Error	Rotate	ChildRotate	RotateInverse	ChildRotateInverse	Docking x	Docking y	Docking z
	31.47049	19.2453	0	28.93552	9.03677	35.87951	9.567612

Time Taken	Hours	Minutes	Seconds	Milliseconds	Seconds float	Completion time
	0	0	4	252	4.251555	00h:00m:04s:252ms

Final Results	Tester Name	Time of Test	Dock Shape Style	Virtual Device Visible	Time Taken	Shape Precision %	Orientation Precision %	Overall Precision %	Efficiency %	Difficulty	Total MV	Total TRE	
	1	2018-11-14_15:08:13	Presets_dockPreset_2	False	00h:00m:04s:252ms	88.93732	91.58387	89.35435	91.08074	0.6686382	808.7891	2	
