
Angles Over Time
Frames	Rotate	ChildRotate	RotateInverse	ChildRotateInverse	Docking x	Docking y	Docking z	
0	-94.57831	3.282062	0	140.7914	27.34672	108.4047	64.35938	
1	-94.57831	2.578769	0	140.7915	27.55522	108.0888	65.08282	
2	-94.57831	3.282062	0	140.7915	28.03189	107.4483	65.15015	
3	-94.57831	3.282062	0	140.7915	28.33988	107.1335	65.02753	
4	-94.57831	0.4688831	0	140.557	28.80809	106.6651	65.04604	
5	-94.81274	2.344334	0	140.7915	29.64378	105.5426	64.62558	
6	-94.57831	3.047634	0	141.0259	30.99619	103.1581	63.87397	
7	-94.57831	3.047634	0	140.7915	34.74868	97.8138	61.78717	
8	-94.57831	3.750927	0	141.0259	44.28512	89.15526	62.02591	
9	-94.34387	3.985363	0	141.0259	55.13062	74.98284	58.30135	
10	-94.57831	1.875469	0	140.7915	58.20707	44.88549	41.38654	
11	-94.57831	2.813198	0	141.0259	48.74849	22.49688	31.57286	
12	-94.57831	3.282062	0	140.7915	32.63258	8.572996	28.79486	
13	-94.57831	3.047634	0	140.7915	16.82873	0.1448592	30.67326	
14	-94.57831	3.282062	0	140.7915	9.899591	-9.216522	33.3315	
15	-94.57831	-0.2344055	0	140.557	3.280243	-16.41843	36.44202	
16	-94.81274	1.875469	0	140.7915	2.304524	-24.29349	40.57637	
17	-93.64059	-8.439545	0	141.0259	5.078147	-32.62512	34.82382	
18	-80.27795	-27.66296	0	140.7915	4.271195	-34.73309	27.33159	
19	-60.8201	-33.28934	0	140.7915	3.782807	-34.65482	19.11393	
20	-60.58566	-34.69592	0	140.7915	3.155639	-33.90085	13.52202	
21	-55.6626	-35.63367	0	141.0259	5.576339	-34.12982	4.334332	
22	-44.17542	-34.93036	0	141.0259	10.48309	-36.68289	-5.659058	
23	-22.8421	1.172173	0	140.7915	13.21494	-38.69171	-15.87411	
24	-0.3366394	2.578766	0	124.3812	16.96936	-40.19678	-21.8829	
25	1.538814	2.578766	0	107.2677	15.69012	-41.32056	-20.26132	
26	1.773242	0.2344436	0	80.54244	11.31383	-42.54047	-16.20145	
27	-1.039948	1.406609	0	16.07365	6.106956	-44.46375	-9.918549	
28	0.6010852	-10.54944	0	27.32639	3.110098	-45.89587	-2.557068	
29	1.773242	-16.17578	0	13.96376	2.429543	-45.98929	5.770379	
30	2.476535	-16.41022	0	6.461938	2.22129	-46.30698	6.469566	
31	2.710971	1.172171	0	6.227509	3.625341	-46.15543	4.099061	
32	1.304378	-1.875458	0	7.165238	5.68234	-44.38788	3.600796	
33	-1.743225	-3.985321	0	2.242166	6.095458	-43.92377	5.969951	
34	1.773242	-3.516479	0	2.71103	7.909818	-43.70746	12.23345	
35	-6.431885	-0.4688416	0	1.538865	8.12071	-43.89752	16.62708	
36	-16.98132	1.641036	0	2.00773	8.204812	-45.07327	17.53854	
37	-21.43552	0.9377427	0	-1.743164	8.707995	-47.51465	20.31945	
38	-23.07654	-5.626373	0	-0.5710144	7.936574	-49.54211	25.29778	
39	-31.04724	-4.454193	0	-1.508759	5.907052	-51.00073	26.9492	
40	-34.09485	-8.908417	0	1.773301	6.123214	-52.24487	24.30107	
41	-34.32928	-24.61536	0	7.165237	5.438804	-52.78906	21.37284	
42	-24.952	-33.0549	0	16.77695	5.267826	-53.53833	12.24312	
43	-11.12051	-34.93036	0	26.38866	3.254966	-53.65146	11.93974	
44	-12.99597	-33.75821	0	34.59378	3.691522	-53.85175	5.408195	
45	-1.743225	-29.06955	0	34.82821	3.724714	-54.00504	3.778688	
46	0.3666472	-21.56775	0	32.24946	3.585195	-54.04889	3.956774	
47	-0.1022034	-7.501801	0	23.34104	3.348726	-54.15784	3.892192	
48	0.1322188	0.4688797	0	17.9491	3.068529	-54.70578	3.789998	
49	1.538812	0.2344436	0	-0.5710144	3.019093	-54.65637	3.681611	
50	0.3666472	0.703308	0	-2.212036	2.978868	-54.64838	3.139187	
51	1.773241	2.109901	0	-1.508759	2.925986	-54.61942	3.333218	
52	2.476533	0.703308	0	-2.446472	2.981516	-54.6131	3.392193	
53	1.773241	0.9377441	0	-2.212036	3.010041	-54.60245	3.429723	


Angle MV instances
Rotate	94.57831	13.36264	19.45786	4.923065	11.48718	21.33331	22.50546	8.205127	10.54944	4.454193	7.970703	3.047607	9.377289	13.83148	11.25275	
ChildRotate	3.282062	2.813179	2.109894	3.516468	10.31501	19.22342	5.626373	36.10253	2.344322	11.95605	5.626343	17.58239	2.109863	3.047638	6.564116	4.454224	15.70694	8.439545	4.68866	7.501801	14.06595	7.97068	
RotateInverse	
ChildRotateInverse	140.7914	16.41024	17.11354	26.72525	64.46879	11.25273	13.36262	7.501824	4.923073	5.391936	9.611708	9.611712	8.20512	2.578751	8.908419	5.391935	18.52012	
Docking x	27.34672	3.752493	9.536438	10.84549	3.07645	9.458576	16.11591	15.80385	6.929142	6.619349	2.773623	2.4207	4.906753	2.731845	3.754424	4.376287	5.206876	2.996858	2.056999	2.029522	2.012859	
Docking y	108.4047	2.384407	5.344353	8.658539	14.17242	30.09735	22.38861	13.92389	8.428137	9.361382	7.201904	7.875061	8.331635	2.107971	2.55307	2.00882	2.441376	2.027466	
Docking z	64.35938	2.0868	3.724556	16.91481	9.813675	2.777996	2.658237	3.110523	4.134342	5.752544	7.492233	8.217655	5.59191	9.187692	10.21506	6.008789	4.059875	6.282898	7.361481	8.327446	2.370505	2.369155	6.263503	4.393629	2.780918	4.978323	2.648134	2.928221	9.129721	6.531548	
Total MV Amount	1457.087


Angle TRE instances
Rotate	25	35	45	
ChildRotate	1	17	23	28	31	38	39	40	48	
RotateInverse	1	
ChildRotateInverse	34	41	49	
Docking x	16	17	18	21	28	32	43	
Docking y	
Docking z	28	29	31	33	45	
Total TRE Count	26


Correct Angles	Rotate	ChildRotate	RotateInverse	ChildRotateInverse	Docking x	Docking y	Docking z
	-4.077306E-14	-1.874586E-29	0	6.52257E-14	0	0	0

Angle Error	Rotate	ChildRotate	RotateInverse	ChildRotateInverse	Docking x	Docking y	Docking z
	1.773241	2.109894	0	1.7733	3.036878	54.59964	3.451158

Time Taken	Hours	Minutes	Seconds	Milliseconds	Seconds float	Completion time
	0	0	3	184	3.184066	00h:00m:03s:184ms

Final Results	Tester Name	Time of Test	Dock Shape Style	Virtual Device Visible	Time Taken	Shape Precision %	Orientation Precision %	Overall Precision %	Efficiency %	Difficulty	Total MV	Total TRE	
	1	2018-11-14_15:08:58	ZEROING DATA	True	00h:00m:03s:184ms	99.21439	89.24986	94.70285	100	1.177764E-16	1457.087	26	
