
Angles Over Time
Frames	Rotate	ChildRotate	RotateInverse	ChildRotateInverse	Docking x	Docking y	Docking z	
0	1.638475	3.282061	0	-0.00253337	0.0344445	-0.4631348	0.02641988	
1	-0.9644165	9.119285E-11	0	-0.2611389	0.01716928	-0.2061462	0.0121294	
2	-0.2611389	-0.234436	0	-0.7299805	0.03381352	-0.3043213	0.01954246	
3	-0.02670288	-2.34433	0	0.6766031	0.03489781	-0.4694519	0.02663078	
4	-2.136597	-0.234436	0	-0.495575	0.04240546	-0.6594849	0.04433767	
5	-0.02670288	-0.234436	0	-0.2611389	0.05115027	-1.014618	0.0690778	
6	-0.2611389	-0.234436	0	-0.7299805	0.05932492	-1.23642	0.08803581	
7	-0.2611389	-0.234436	0	-0.2611389	0.05129919	-1.391815	0.1010645	
8	-0.495575	-2.109894	0	0.9110315	0.05790241	-1.467468	0.1138417	
9	-2.136597	-1.17215	0	-0.7299805	0.08464219	-1.572296	0.1148055	
10	-0.9644165	-1.17215	0	-0.7299805	0.1089098	-1.793854	0.1366445	
11	-0.9644165	-1.17215	0	-0.7299805	0.1501818	-1.793518	0.1361489	
12	-1.198853	-1.17215	0	-0.7299805	0.2738696	-1.934235	0.2390202	
13	-0.9644165	-7.970703	0	1.614332	0.3382918	-2.099274	0.4389543	
14	-3.777618	-36.80582	0	0.6766033	0.3290534	-2.079437	0.6673654	
15	-2.371033	-60.48346	0	8.647292	0.2964422	-2.124481	0.8032995	
16	-1.198853	-77.83142	0	32.55936	0.2112229	-2.074036	0.6783653	
17	-0.2611389	-95.17938	0	40.2956	0.2333827	-2.090973	0.6501111	
18	-0.9644165	-104.0878	0	57.17471	0.2867728	-2.1091	0.5864477	
19	-0.9644165	-105.4944	0	69.59961	0.2968016	-2.107391	0.6212337	
20	-4.480896	-109.0109	0	73.58495	0.3386628	-2.10498	0.6618975	
21	-0.9644165	-109.9486	0	91.87064	0.36401	-2.104797	0.6583442	
22	-0.9644165	-112.5274	0	112.7351	0.2895404	-2.07431	0.7918117	
23	-0.9644165	-112.7618	0	120.4713	0.3206212	-1.998596	0.8360375	
24	-1.198853	-112.2929	0	120.9402	0.3196732	-1.99295	0.7530939	
25	-3.543182	-112.5274	0	117.6582	0.1843926	-1.934998	0.4534105	
26	-2.371033	-112.7618	0	116.9549	-0.1333923	-0.9934998	-0.0009635543	
27	-1.433289	-112.7618	0	117.4237	-1.157684	0.5092117	-1.513489	
28	-0.02670288	-112.9962	0	119.0648	-4.960144	1.912488	-1.494019	
29	0.2077319	-112.7618	0	118.8303	-12.30881	3.794495	4.769557	
30	-16.67136	-112.5273	0	117.4237	-22.0307	5.134058	16.47391	
31	-45.74094	-111.5896	0	108.5153	-32.76611	6.319643	29.58516	
32	-64.49548	-111.3552	0	108.0465	-42.13223	6.092888	35.24081	
33	-65.90207	-111.3552	0	107.5776	-46.28418	8.080994	36.25745	
34	-66.13651	-111.3552	0	107.5776	-49.60281	8.641395	39.02974	
35	-66.13651	-111.1208	0	107.5776	-52.38531	7.628984	43.38811	
36	-67.07422	-111.3552	0	107.3432	-52.88025	7.880975	45.68491	
37	-66.60538	-111.3552	0	107.1087	-53.73099	8.802133	46.63116	
38	-66.13651	-111.3552	0	107.3432	-54.86136	8.987686	48.96012	
39	-66.13651	-111.3552	0	107.1087	-56.03195	8.254272	51.42713	
40	-65.90207	-111.3552	0	107.3432	-57.52158	7.48295	53.46871	
41	-66.37094	-111.1208	0	107.812	-59.0249	6.668226	54.78138	
42	-66.60538	-111.3552	0	107.1087	-59.74652	6.547307	54.09775	
43	-65.19879	-111.3552	0	107.3432	-60.31732	6.203583	53.22597	
44	-60.04129	-111.3552	0	107.1087	-60.69714	5.507614	51.92128	
45	-55.11823	-111.3552	0	107.3432	-60.89511	4.796882	50.81427	
46	-50.42957	-111.3552	0	107.1087	-61.22882	2.425309	50.08791	
47	-44.33435	-110.6519	0	105.7021	-61.69778	1.130661	49.05442	
48	-40.349	-109.4797	0	104.7644	-62.24149	-0.3248596	50.07594	
49	-38.70798	-109.4797	0	102.889	-62.52054	-0.2679138	50.45464	
50	-35.66037	-109.4797	0	101.4824	-63.43112	-1.149506	50.08537	
51	-33.78491	-109.2453	0	100.7791	-64.20618	-2.076447	49.81629	
52	-31.67502	-109.0109	0	100.0758	-65.37405	-3.857727	51.33511	
53	-31.44058	-109.2453	0	99.84133	-66.26932	-5.662567	53.05293	
54	-27.68967	-109.2453	0	99.37247	-67.29669	-8.720276	55.24164	
55	-26.04865	-109.2453	0	99.37247	-68.33954	-10.47095	56.95175	
56	-25.57977	-109.2453	0	99.6069	-68.65277	-11.26022	56.83237	
57	-26.04865	-109.2453	0	99.84133	-69.07971	-12.38873	56.65394	
58	-26.51752	-109.2453	0	100.5446	-70.10208	-13.87326	57.09851	
59	-28.62738	-109.2453	0	100.0758	-71.37958	-15.74289	58.43766	
60	-26.51752	-108.542	0	99.60688	-71.61905	-20.10168	60.27818	
61	-26.04865	-106.901	0	99.84132	-71.54144	-25.76492	63.04105	
62	-25.81421	-105.4944	0	99.60688	-72.03177	-30.09052	65.28799	
63	-25.34534	-104.7911	0	99.60688	-72.5282	-33.52325	66.80415	
64	-25.34534	-104.0878	0	100.0757	-72.8288	-36.12811	67.43183	
65	-26.98639	-103.8534	0	99.84131	-72.72333	-37.77103	66.85207	
66	-26.28308	-102.9156	0	99.60688	-72.883	-39.02353	66.4384	
67	-26.28308	-100.8058	0	99.60688	-72.92499	-39.81161	65.60057	
68	-26.28308	-99.63361	0	99.37244	-72.61292	-40.63092	63.53054	
69	-26.28308	-97.28928	0	99.13802	-72.40912	-41.3233	61.20223	


Angle MV instances
Rotate	2.109894	2.109894	2.813202	3.516479	3.516479	2.34433	16.87909	29.06958	18.75455	5.157501	4.923065	4.68866	6.095215	3.985352	3.047607	2.109894	3.750916	2.109863	2.109863	
ChildRotate	3.282061	3.282061	2.109894	2.109894	6.798553	28.83511	23.67764	17.34796	17.34796	8.908432	3.516479	2.578766	2.109894	2.34433	
RotateInverse	
ChildRotateInverse	7.970689	23.91206	7.736248	16.87911	12.4249	3.985344	18.28569	20.86444	7.736259	3.282043	8.908417	
Docking x	3.80246	7.348663	9.721893	10.73541	9.366119	4.151947	3.318634	2.782501	
Docking y	2.371573	3.057709	4.358795	5.663239	4.325592	3.432739	2.604858	
Docking z	6.263576	11.70435	13.11125	5.655647	2.772285	4.358372	2.296799	2.32896	2.467014	2.04158	2.188705	2.762871	2.246933	2.07003	2.328308	
Total MV Amount	516.9644


Angle TRE instances
Rotate	
ChildRotate	
RotateInverse	1	
ChildRotateInverse	1	15	
Docking x	56	
Docking y	
Docking z	
Total TRE Count	2


Correct Angles	Rotate	ChildRotate	RotateInverse	ChildRotateInverse	Docking x	Docking y	Docking z
	-110	-37.91626	0	5.493699E-36	-72.41791	-86.22839	169.5971

Angle Error	Rotate	ChildRotate	RotateInverse	ChildRotateInverse	Docking x	Docking y	Docking z
	82.31033	58.20087	0	99.13802	0.286438	44.26492	109.5388

Time Taken	Hours	Minutes	Seconds	Milliseconds	Seconds float	Completion time
	0	0	4	134	4.133792	00h:00m:04s:134ms

Final Results	Tester Name	Time of Test	Dock Shape Style	Virtual Device Visible	Time Taken	Shape Precision %	Orientation Precision %	Overall Precision %	Efficiency %	Difficulty	Total MV	Total TRE	
	1	2018-11-14_15:11:45	Presets_dockPreset_4	False	00h:00m:04s:134ms	66.71539	71.51782	68.75084	94.5488	0.5290663	516.9644	2	
