
Angles Over Time
Frames	Rotate	ChildRotate	RotateInverse	ChildRotateInverse	Docking x	Docking y	Docking z	
0	0.7122194	-83.92664	0	77.84033	63.31068	80.42651	15.56117	
1	1.415512	-83.92664	0	77.6059	63.16853	80.09724	15.8666	
2	2.353241	-83.92664	0	77.6059	62.92925	80.0629	16.21413	
3	2.353241	-83.92664	0	77.6059	62.32341	80.62366	17.43968	
4	2.353241	-84.16107	0	75.73045	60.92021	81.29404	19.61897	
5	-0.4599304	-84.16107	0	67.75976	58.88956	80.72663	21.12393	
6	1.64994	-83.92664	0	57.91362	54.25827	77.67177	22.53343	
7	1.64994	-82.28561	0	45.48872	49.42481	73.14032	22.79119	
8	1.181076	-73.84607	0	50.64623	45.7817	67.82867	18.31455	
9	1.415512	-66.57867	0	54.39714	41.36908	62.7763	13.51786	
10	-1.163239	-59.31128	0	49.47406	37.56031	58.11966	9.895467	
11	0.4777835	-50.16843	0	45.25429	36.12396	54.79968	8.088036	
12	1.181076	-42.66663	0	44.78542	35.55097	53.50126	6.602676	
13	2.353241	-40.79117	0	41.73781	33.59279	52.18233	4.805727	
14	2.353241	-30.24173	0	40.09678	30.25063	51.08927	4.301743	
15	1.649941	-19.9267	0	37.51803	25.81464	49.61996	4.492748	
16	-1.866547	-16.87909	0	27.20303	21.68648	47.46099	8.404213	
17	-8.430634	-11.01828	0	24.62427	18.47675	45.91652	11.54265	
18	-12.65039	-11.01828	0	22.74882	17.01143	44.61563	13.28193	
19	-13.82257	-11.01828	0	22.27995	14.99573	42.81686	13.35151	
20	-13.58813	-13.12817	0	25.32757	11.777	41.42553	6.860308	
21	-15.69803	-12.4249	0	23.68654	6.573989	40.74722	7.086515	
22	-14.05701	-11.01828	0	29.31291	3.515067	39.31923	5.698052	
23	-10.77496	-10.78387	0	32.36053	1.034818	38.52498	2.914092	
24	-9.368347	-10.08057	0	38.92463	0.5022535	37.55528	2.544089	
25	-4.210846	-10.08057	0	40.09678	0.9064417	37.22273	-3.739838	
26	-0.6943665	-12.19046	0	40.56564	0.8604137	36.67481	-3.701294	
27	-2.335388	0.9377381	0	40.09678	0.07224592	35.44933	-3.52359	
28	0.2433548	0.9377381	0	35.64257	-0.3528442	34.84101	-3.625092	
29	0.4777832	0.4688738	0	26.73417	-0.4241638	34.32459	-3.557587	
30	0.4777832	0.7033022	0	8.214031	-0.4320984	33.80737	-3.489899	
31	0.4777832	-1.17215	0	2.118802	-0.3326721	33.7894	-3.702332	
32	-1.397675	9.247452E-06	0	0.9466448	-0.2945251	33.82621	-3.644562	
33	0.008918771	2.109895	0	-0.694397	-0.3390198	33.83018	-3.602081	
34	1.884376	2.109895	0	-0.2255249	-0.3241272	33.82973	-3.595703	
35	1.64994	2.344332	0	-0.694397	-0.3241272	33.82973	-3.595703	
36	1.884376	2.344332	0	-0.694397	-0.3135071	33.82902	-3.599945	
37	1.64994	9.249822E-06	0	1.181073	-0.3135071	33.82902	-3.599945	
38	-0.4599609	2.109895	0	0.2433445	-0.3135071	33.82902	-3.599945	
39	1.415512	1.172167	0	-0.4599609	-0.3029175	33.82833	-3.604187	
40	1.884376	1.406603	0	0.008916054	-0.3164673	33.37224	-3.561188	
41	0.2433548	0.7033021	0	-0.2255249	-0.3300476	32.81872	-3.502716	
42	0.7122192	-1.875458	0	3.525395	-0.348999	32.12267	-3.437439	
43	-2.569824	1.406603	0	0.2433441	-0.3594971	31.70261	-3.395874	
44	0.008918555	1.172167	0	-0.4599609	-0.3893738	30.73463	-3.316803	
45	0.9466475	1.406603	0	-0.2255249	-0.3893738	30.73463	-3.316803	


Angle MV instances
Rotate	6.564087	4.219757	2.109894	3.282043	5.157501	3.516479	2.578743	2.578743	
ChildRotate	83.92664	8.439545	7.267395	7.267395	9.142853	7.501801	10.54944	10.31503	3.047607	5.860809	2.109894	2.109894	13.1282	2.109886	2.344322	2.109886	
RotateInverse	
ChildRotateInverse	77.84033	7.970688	9.846138	12.4249	5.157509	3.750908	4.923073	4.219772	3.047615	2.578751	10.315	2.578756	3.047617	5.626371	3.047615	6.564098	4.454208	8.908409	18.52013	6.095229	3.75092	3.282051	
Docking x	63.31068	2.030655	4.63129	4.833458	3.643112	4.412613	3.808777	3.342161	4.435991	4.128155	3.20973	2.015706	3.218728	5.203012	3.058922	2.480249	
Docking y	80.42651	3.054863	4.531448	5.311646	5.052372	4.656639	3.319981	2.158966	
Docking z	15.56117	2.179296	4.476635	4.796694	3.622392	3.911465	3.138434	6.491199	2.783961	
Total MV Amount	688.4247


Angle TRE instances
Rotate	1	17	25	
ChildRotate	28	
RotateInverse	1	
ChildRotateInverse	32	
Docking x	23	
Docking y	
Docking z	14	16	23	
Total TRE Count	8


Correct Angles	Rotate	ChildRotate	RotateInverse	ChildRotateInverse	Docking x	Docking y	Docking z
	0	0	0	6.651085E-12	0	0	0

Angle Error	Rotate	ChildRotate	RotateInverse	ChildRotateInverse	Docking x	Docking y	Docking z
	0.7122191	1.172167	0	0.008915706	0.4049988	30.06405	3.252106

Time Taken	Hours	Minutes	Seconds	Milliseconds	Seconds float	Completion time
	0	0	2	717	2.717116	00h:00m:02s:717ms

Final Results	Tester Name	Time of Test	Dock Shape Style	Virtual Device Visible	Time Taken	Shape Precision %	Orientation Precision %	Overall Precision %	Efficiency %	Difficulty	Total MV	Total TRE	
	1	2018-11-14_15:08:43	ZEROING DATA	True	00h:00m:02s:717ms	99.73704	93.83034	97.17345	100	7.390095E-15	688.4247	8	
