
Angles Over Time
Frames	Rotate	ChildRotate	RotateInverse	ChildRotateInverse	Docking x	Docking y	Docking z	
0	-83.76755	-109.4797	0	92.05643	15.83312	-62.0488	127.7851	
1	-83.53311	-109.4797	0	92.29085	15.91152	-62.00131	128.3949	
2	-83.76755	-109.4797	0	92.05642	15.94365	-62.20917	128.8299	
3	-83.53311	-109.2453	0	92.7597	16.22708	-62.47208	129.4431	
4	-84.00198	-109.2453	0	92.05642	17.16624	-63.35699	132.3395	
5	-83.76755	-109.2453	0	83.61687	19.96923	-64.77542	141.8622	
6	-90.33163	-109.2453	0	81.97585	24.16428	-66.26245	150.4301	
7	-91.73822	-109.2453	0	81.74141	29.78264	-67.12772	158.8175	
8	-91.50378	-109.0109	0	82.91357	36.56502	-66.17044	171.2342	
9	-91.97266	-109.2453	0	82.21027	46.7055	-61.51718	-173.0775	
10	-91.50378	-109.2453	0	81.7414	56.13939	-45.95792	-144.1346	
11	-91.50378	-109.4797	0	81.7414	57.33426	-17.94553	-100.7084	
12	-91.50378	-109.2453	0	81.97585	49.20089	3.227037	-60.85199	
13	-91.50378	-109.2453	0	81.74141	37.32456	13.83143	-32.20847	
14	-91.50378	-109.2453	0	82.21027	30.26235	16.07185	-18.43369	
15	-91.73822	-109.2453	0	81.74142	28.56936	17.29162	-15.50735	
16	-91.50378	-109.2453	0	77.99049	28.99982	14.63279	-9.725616	
17	-93.14481	-109.2453	0	45.87332	26.66729	11.94801	6.255746	
18	-100.8811	-109.2453	0	2.972259	20.75785	11.51146	25.8784	
19	-104.632	-109.0109	0	2.268966	13.39154	10.43519	33.64834	
20	-104.3976	-109.2453	0	0.6279439	8.496182	9.464156	30.5457	
21	-104.3976	-109.2453	0	-0.54422	9.416354	9.152869	26.80078	
22	-104.3976	-109.2453	0	-0.3097839	9.524185	6.41367	32.17613	
23	-104.3976	-109.2453	0	-1.013092	9.117703	4.754514	37.3452	
24	-104.1631	-109.2453	0	-0.778656	8.706477	5.802139	41.19277	
25	-104.3976	-109.0109	0	2.972259	9.304549	7.532841	47.02616	
26	-103.9287	-109.2453	0	0.3935079	9.641082	9.393167	52.10894	
27	-93.61365	-109.2453	0	-1.013092	8.494714	10.77956	48.41542	
28	-70.40491	-109.4797	0	-0.3097839	5.791339	11.03418	38.26083	
29	-53.29138	-109.2453	0	-1.247528	5.562515	10.97883	37.75653	
30	-36.88113	-109.0109	0	-0.778656	6.211134	11.1419	32.68914	
31	-8.04599	-108.542	0	0.6279439	5.557316	10.14423	29.31387	
32	-2.888489	-102.9156	0	-1.013092	3.488937	9.045229	31.9935	
33	-1.247467	-91.42847	0	-1.013092	1.35001	7.688118	29.53288	
34	-1.481903	-76.19037	0	-0.54422	0.3673237	7.258101	26.17091	
35	-1.481903	-56.73254	0	-0.3097839	-1.670929	6.700358	24.5015	
36	-2.419617	-36.10251	0	1.331237	-1.856659	5.512582	21.9722	
37	-7.577118	-15.94138	0	0.8623724	-0.3222656	4.538094	16.75584	
38	-6.404968	1.542265E-05	0	15.63159	-0.0406189	3.680644	11.62041	
39	-5.70166	0.9377367	0	21.25796	0.8173652	3.24484	4.224634	
40	-4.060638	0.9377367	0	21.49239	1.11712	3.025693	0.1857801	
41	-1.716339	1.552495E-05	0	20.78909	1.103707	3.022941	0.136346	
42	-2.654053	-3.750885	0	11.17738	1.109519	3.026386	0.03896303	
43	-5.936096	-0.2344055	0	-0.54422	1.095938	3.000195	-0.1478577	
44	-0.778595	1.558134E-05	0	-0.0753479	0.8817704	2.954753	-0.5240173	
45	-1.481903	-0.2344055	0	-0.778656	0.8710859	2.948223	-0.4836426	
46	-0.5441589	1.558134E-05	0	-0.54422	0.8778158	2.949511	-0.4589539	


Angle MV instances
Rotate	83.76755	6.564087	7.736267	3.7509	10.31503	23.20874	17.11353	16.41025	28.83514	5.157501	5.157501	2.344299	3.282043	5.157501	
ChildRotate	109.4797	5.626358	11.48718	15.2381	19.45782	20.63004	20.16113	15.94139	3.750901	3.516479	
RotateInverse	
ChildRotateInverse	92.05643	8.439552	3.750923	32.11718	42.90106	3.750915	2.578751	14.76922	5.626366	9.611709	11.7216	
Docking x	15.83312	2.802984	4.195051	5.618361	6.782377	10.14048	9.433887	8.133377	11.87633	7.06221	2.332531	5.909441	7.366302	4.895362	2.703374	2.068379	2.138927	
Docking y	62.0488	4.653259	15.55927	28.01239	21.17256	10.60439	2.240417	2.658828	2.684785	2.7392	
Docking z	127.7851	2.896469	9.522705	8.567841	8.387421	12.41675	28.94293	43.42613	39.85645	28.64352	13.77478	2.926331	5.781738	15.98136	19.62265	7.769941	3.102646	3.744919	5.375355	5.169067	3.847572	5.833389	5.082775	3.693516	10.15459	5.067383	3.375273	2.679626	2.460613	3.361971	2.529291	5.216366	5.135426	7.395779	4.038854	
Total MV Amount	1396.646


Angle TRE instances
Rotate	33	37	40	43	44	
ChildRotate	39	
RotateInverse	1	
ChildRotateInverse	19	38	43	
Docking x	33	
Docking y	23	24	37	
Docking z	40	
Total TRE Count	14


Correct Angles	Rotate	ChildRotate	RotateInverse	ChildRotateInverse	Docking x	Docking y	Docking z
	-4.003532E-12	-1.788061E-25	0	4.003532E-12	0	0	0

Angle Error	Rotate	ChildRotate	RotateInverse	ChildRotateInverse	Docking x	Docking y	Docking z
	1.013031	0.4688416	0	0.778656	0.8607569	2.950214	0.4436646

Time Taken	Hours	Minutes	Seconds	Milliseconds	Seconds float	Completion time
	0	0	2	770	2.769997	00h:00m:02s:770ms

Final Results	Tester Name	Time of Test	Dock Shape Style	Virtual Device Visible	Time Taken	Shape Precision %	Orientation Precision %	Overall Precision %	Efficiency %	Difficulty	Total MV	Total TRE	
	1	2018-11-14_15:10:03	ZEROING DATA	True	00h:00m:02s:770ms	99.68604	99.37151	99.48293	100	8.896738E-15	1396.646	14	
