
Angles Over Time
Frames	Rotate	ChildRotate	RotateInverse	ChildRotateInverse	Docking x	Docking y	Docking z	
0	3.047632	3.047616	0	0.7032825	0.5080041	-0.09362793	-0.1551514	
1	1.795348	1.172157	0	-0.7834167	0.2959943	-0.09298706	-0.248291	
2	3.436377	3.685133E-08	0	-0.3145447	0.4792661	-0.2166443	-0.2953491	
3	2.029784	3.685133E-08	0	0.1543259	0.2628892	-0.3681335	-0.7054138	
4	1.795348	-3.750916	0	4.84297	0.5266844	-0.569397	-0.7622986	
5	-2.190002	-1.406586	0	1.56092	0.836861	-0.5041199	-0.5081482	
6	1.560919	0.2344286	0	0.1543262	0.912549	-0.2037964	-0.3147583	
7	1.560919	1.172158	0	0.3887622	0.8409333	-0.05853271	-0.402832	
8	2.733076	1.406594	0	-0.08010864	0.7518678	-0.1035767	-0.3222961	
9	2.733076	0.2344286	0	-0.7834167	1.034047	-0.08746338	-0.4692688	
10	2.029783	-2.813171	0	2.967513	1.244845	-0.2033081	-0.4449463	
11	-0.7834167	2.590961E-07	0	-0.5489807	1.163802	-0.2911987	-0.3191223	
12	2.498648	-0.234436	0	-0.5489807	0.9815012	-0.2792053	-0.4468994	
13	2.498648	1.406594	0	-0.08010864	0.9185548	-0.2733765	-0.7319946	
14	3.201941	0.2344286	0	0.1543259	1.046809	-0.3033142	-0.8134766	
15	2.967512	1.172158	0	-0.5489807	1.151426	-0.3453064	-0.8033142	
16	2.967512	-2.109894	0	1.092055	1.035425	-0.3762512	-0.4946899	
17	0.857626	0.2344286	0	0.1543258	0.7709756	-0.5125427	-0.5218506	
18	1.560919	-0.234436	0	-0.08010864	0.536095	-0.9203186	-0.9593811	
19	1.560919	-0.7033081	0	-0.5489807	-0.9017944	-2.089386	-4.195313	
20	2.264212	-0.7033081	0	-0.7834167	-3.893219	-3.265045	-5.608398	
21	2.029783	1.172158	0	-0.5489807	-5.62265	-3.054596	-6.128784	
22	2.264212	-1.406586	0	1.326491	-4.614899	-2.558014	-6.071655	
23	0.857626	-0.4688721	0	-0.7834167	-4.228088	-2.395203	-6.269562	
24	2.264212	-0.234436	0	-0.5489807	-3.490509	-2.309784	-5.672821	
25	2.498648	0.2344288	0	0.1543258	-2.581635	-2.114349	-5.505432	
26	2.029783	0.2344288	0	0.1543258	-0.4924927	-1.266571	-5.51355	
27	1.560919	-36.57138	0	3.201941	6.487499	1.402694	-2.424896	
28	-1.486694	-52.27835	0	1.326491	14.62393	4.855557	6.877176	
29	1.092054	-51.57504	0	-0.5489807	16.77349	7.734539	9.150524	
30	2.264212	-51.34061	0	2.733076	18.04895	12.30488	10.43974	
31	2.733076	-50.63733	0	32.50594	21.21068	18.8756	8.169736	
32	2.967512	-49.93402	0	53.3704	24.77465	25.42675	3.954062	
33	3.436376	-51.57504	0	65.092	30.54552	30.40606	5.416641	
34	0.3887613	-56.96698	0	65.32644	37.48568	33.83541	11.88566	
35	2.498647	-76.42484	0	65.32644	47.13437	34.39207	21.40828	
36	2.264212	-88.6153	0	67.20189	55.35553	30.596	24.90564	
37	2.264212	-92.13177	0	71.42166	61.34338	27.46336	25.32498	
38	2.264212	-93.30396	0	85.48759	65.17149	27.38133	26.51058	
39	-1.486694	-92.60065	0	103.7733	66.87182	29.94273	27.6124	
40	1.092055	-92.83508	0	109.6341	66.80211	32.76202	30.50533	
41	2.264212	-92.60065	0	108.9308	67.46922	34.91455	32.72537	
42	3.670806	-94.4761	0	107.0553	67.93962	34.99229	34.61298	
43	3.436378	-94.2417	0	99.55352	68.75614	33.62687	38.95377	
44	-0.3145447	-94.94498	0	97.91249	69.2831	34.85846	43.4043	
45	-6.878632	-94.4761	0	97.20919	70.58079	39.26352	46.99804	
46	-6.175354	-94.4761	0	97.44363	72.80959	45.01275	52.42269	
47	-7.816376	-94.2417	0	97.44363	74.6328	50.26424	57.7581	
48	-8.050781	-94.4761	0	97.44363	75.46851	51.80319	59.38565	
49	-8.285217	-94.94498	0	98.38136	75.63459	49.36738	56.76138	
50	-12.27057	-94.4761	0	98.14693	73.83047	43.73305	51.51868	
51	-12.03613	-94.4761	0	97.44363	71.54951	40.77299	49.06556	
52	-15.31818	-94.00726	0	97.44363	69.54698	39.65861	49.64038	
53	-22.11673	-94.2417	0	97.44363	67.39517	40.05016	52.15245	
54	-31.72842	-94.2417	0	97.20919	64.72937	43.4118	57.77781	
55	-36.18265	-94.94498	0	98.85023	62.97583	44.55087	58.54776	
56	-38.99582	-94.2417	0	97.67805	60.66235	46.516	58.44647	
57	-36.18265	-94.2417	0	100.2568	57.92215	46.44153	56.28209	
58	-36.18265	-94.00723	0	100.0224	55.0937	44.9995	54.40108	
59	-37.3548	-94.00723	0	100.2568	52.61014	42.8431	52.54472	
60	-40.4024	-94.00723	0	100.4912	53.151	43.99381	51.99374	
61	-40.4024	-105.7288	0	106.5865	56.3096	45.3531	48.36729	
62	-27.50867	-112.5274	0	106.8209	62.17707	51.34822	47.51674	
63	-17.19363	-114.1684	0	106.8209	66.79464	66.18153	62.18093	
64	-17.42807	-114.4028	0	106.8209	66.19056	79.62711	75.12184	
65	-16.95923	-114.6372	0	106.8209	64.0248	90.54974	84.26378	
66	-16.95923	-114.6372	0	110.103	60.48047	99.72926	86.80759	
67	-20.00684	-114.4028	0	110.103	60.74699	102.8945	79.25501	
68	-18.13138	-114.6372	0	109.6341	67.12883	105.318	72.08214	
69	-17.19366	-114.6372	0	109.1652	75.41871	98.3996	61.83744	
70	-20.94455	-114.6372	0	109.1652	83.48895	49.40513	11.31091	
71	-22.11673	-114.6372	0	109.1652	82.77781	-10.70956	-48.36496	
72	-23.28888	-114.6372	0	109.8685	78.58251	-25.3862	-65.83939	
73	-27.50867	-114.6372	0	111.744	76.4347	-39.58185	-85.58484	
74	-39.93356	-114.6372	0	111.9784	75.97049	-44.75223	-92.34497	
75	-39.93356	-114.6372	0	111.9784	79.02733	-50.26779	-96.1456	
76	-45.79434	-114.6372	0	102.6011	78.81398	-63.52374	-104.3192	
77	-56.81265	-114.8717	0	91.3484	74.39897	-81.13098	-115.6294	
78	-65.01779	-114.6372	0	83.14327	66.78625	-93.71805	-126.2474	
79	-67.59653	-114.6372	0	78.68906	60.94831	-95.20706	-126.0447	
80	-70.64413	-114.6372	0	80.79895	51.94209	-97.27612	-122.6049	
81	-73.2229	-114.6372	0	80.33009	37.74073	-102.1448	-119.8364	
82	-74.62952	-114.4028	0	76.57918	33.09406	-104.1277	-111.7488	
83	-78.38043	-114.6372	0	77.04805	35.07098	-103.3573	-106.0834	
84	-79.08371	-116.7471	0	76.57919	34.61477	-103.8609	-106.0208	
85	-78.61487	-121.9046	0	79.39238	31.99491	-105.1083	-108.911	
86	-78.61487	-125.6555	0	83.61216	30.65122	-106.1614	-110.9354	
87	-78.8493	-125.89	0	83.37772	28.8523	-106.8087	-113.7961	
88	-78.61487	-125.6555	0	85.01875	26.1421	-108.4829	-118.0296	
89	-79.55258	-125.89	0	83.84659	21.88717	-109.8773	-120.5286	
90	-78.8493	-125.89	0	83.84659	16.90911	-110.5107	-118.8738	
91	-78.61487	-126.1244	0	92.05171	14.00856	-111.6753	-115.0149	
92	-77.91156	-126.1244	0	98.85023	8.028874	-114.682	-115.775	
93	-78.146	-126.1244	0	100.2568	0.8816414	-118.3606	-121.0277	
94	-77.91156	-125.89	0	100.9601	-3.92218	-121.8172	-125.6073	
95	-74.62952	-126.1244	0	100.7257	-3.557678	-123.1834	-126.3216	
96	-73.6918	-126.1244	0	100.7257	-5.383667	-124.0182	-129.648	
97	-73.6918	-125.89	0	100.2568	-9.485443	-125.5454	-135.2682	
98	-73.92621	-126.3588	0	88.53522	-7.671387	-123.4196	-139.0081	
99	-73.92621	-126.1244	0	101.6634	-6.27179	-124.1902	-137.8889	
100	-75.33282	-126.5933	0	101.429	-2.963104	-126.6511	-131.91	
101	-74.86395	-126.3588	0	100.9601	-0.978241	-129.6412	-128.8404	
102	-73.92621	-126.3588	0	100.9601	-0.2500916	-132.1954	-131.7394	
103	-73.6918	-126.3588	0	100.9601	-1.483002	-134.0297	-140.0817	
104	-73.45734	-126.3588	0	100.7257	-1.985809	-134.6454	-143.9847	
105	-73.45734	-126.5933	0	101.429	-2.754974	-136.163	-147.8656	
106	-74.62952	-126.3588	0	100.0224	-3.922058	-137.2335	-158.692	
107	-73.92621	-126.5933	0	93.69275	-2.416626	-136.1342	-165.3971	
108	-74.16068	-126.3588	0	72.35944	0.2240257	-138.5767	-154.852	
109	-74.86395	-126.5933	0	56.88692	0.5249698	-140.857	-144.2259	
110	-74.62952	-126.5933	0	59.23124	-2.111755	-141.367	-141.621	
111	-76.27057	-126.5933	0	63.68546	-4.917389	-141.1151	-146.342	
112	-74.86395	-119.7947	0	73.06274	-3.831543	-144.7211	-146.3004	
113	-72.05078	-108.0732	0	90.87957	-0.4487305	-148.2147	-144.1279	
114	-68.29987	-91.42847	0	106.3521	1.963458	-146.2609	-145.5927	
115	-65.72113	-85.09882	0	116.6671	-1.006744	-144.5607	-159.6522	
116	-50.71747	-86.03653	0	116.9015	-1.734955	-143.0145	-165.3519	
117	-52.12408	-89.55301	0	117.6048	0.86755	-142.3626	-158.5644	
118	-51.18634	-94.94495	0	117.3704	3.777774	-141.3973	-153.9822	
119	-50.71747	-98.22699	0	117.136	2.124793	-140.6796	-158.5992	
120	-50.71747	-99.16473	0	115.2605	2.111917	-139.6383	-158.196	
121	-50.71747	-100.8058	0	117.8392	1.897543	-139.1973	-156.4005	
122	-53.53067	-99.86801	0	117.6048	2.412315	-138.4453	-154.9315	
123	-51.42078	-100.3369	0	116.6671	2.801671	-137.4051	-154.7379	
124	-50.71747	-99.86804	0	115.9638	2.300908	-134.3577	-155.2924	
125	-49.54532	-99.86804	0	115.9638	3.321057	-131.1284	-157.9174	
126	-49.77975	-100.1024	0	111.2752	5.34388	-129.8969	-161.0796	
127	-50.01419	-100.8058	0	117.136	5.856447	-129.7471	-162.7625	
128	-51.65521	-100.5713	0	116.4327	6.980416	-128.5996	-164.3105	
129	-50.48303	-100.3369	0	116.6671	7.236847	-129.1744	-165.4216	
130	-50.48303	-100.3369	0	116.6671	7.592785	-129.3661	-166.2773	
131	-50.71747	-100.3369	0	116.4327	8.113556	-129.591	-167.2373	
132	-50.9519	-101.2746	0	117.8393	9.008768	-129.7657	-167.911	
133	-53.0618	-100.5713	0	117.3704	9.898621	-129.88	-168.7061	
134	-51.65521	-100.3369	0	116.6671	9.780782	-129.9086	-168.9217	
135	-50.48306	-100.5713	0	116.6671	9.936167	-129.5389	-169.0159	


Angle MV instances
Rotate	3.047632	2.109886	3.047615	2.109886	3.750922	6.564087	3.985352	3.282043	6.798553	9.611694	4.454224	2.813171	2.813171	3.047607	12.89374	10.31503	3.047607	3.750885	4.219788	12.4249	5.860779	11.01831	8.205139	2.578735	3.047607	2.578766	3.750916	3.282043	2.813171	3.750916	2.578735	15.00366	2.813202	2.109894	2.109894	
ChildRotate	3.047616	3.750916	2.34433	3.0476	2.813172	36.80581	15.70697	5.391937	19.45786	12.19046	3.516479	11.7216	6.798523	2.109894	5.157501	3.750916	6.798523	11.72159	16.64468	6.329651	3.516479	5.391937	3.282043	
RotateInverse	
ChildRotateInverse	4.688644	3.282051	3.75093	3.516494	3.047615	3.282057	29.77287	20.86445	11.72161	4.219772	14.06593	18.28568	5.860809	7.501816	2.578758	6.095238	3.282059	9.377281	11.25273	8.205124	4.454208	2.109886	3.750908	2.813194	4.21978	8.205124	6.798523	11.7216	13.1282	6.329666	21.33331	15.47251	2.344318	4.45422	9.377274	17.81683	15.47251	10.31501	2.578751	4.688637	5.860794	
Docking x	2.991425	2.089142	6.979991	8.136435	2.149551	3.161734	3.563967	5.770872	6.940155	9.648697	8.221161	5.987843	3.82811	2.228798	2.28096	2.002525	2.15181	2.665802	2.313473	2.740204	2.828453	2.483555	3.158596	5.867474	4.617569	2.165756	3.544331	6.381836	8.289879	8.070236	4.195297	2.147812	3.056839	4.415009	7.612724	5.837936	9.006222	14.20136	4.646671	2.619862	2.710194	4.254938	4.978054	2.900553	5.979684	7.147233	4.803822	4.101776	3.308685	2.640652	2.805634	3.382813	2.910224	2.022822	
Docking y	3.452863	2.878981	4.570341	6.57072	6.551151	4.979305	3.429352	3.796078	3.132641	2.561399	2.819294	2.152531	4.405064	5.749229	5.251492	2.435814	5.634327	2.960064	3.361641	2.156403	5.995121	14.83331	13.44557	10.92264	9.179512	3.165215	2.423569	6.918434	48.99448	60.11469	14.67664	14.19565	5.17038	5.515564	13.25595	17.60724	12.58707	2.069061	4.868683	3.006653	3.678589	3.456665	2.125854	2.460846	2.990158	2.554214	2.442505	2.280289	3.606064	3.493561	3.047394	3.229355	
Docking z	3.235931	3.088654	9.302073	2.273348	2.27	4.215674	6.469024	9.522616	3.497356	2.892927	2.220043	4.340797	4.450523	3.593739	5.424656	5.335411	2.624268	5.242702	2.453114	2.512066	5.625355	2.164375	3.62645	14.6642	12.94091	9.141937	2.543816	7.552582	7.172874	10.2447	50.52653	59.67587	17.47443	19.74545	6.760132	3.800629	8.173615	11.31017	10.61803	3.439804	2.768463	8.087631	5.665421	2.890228	2.024429	2.860687	4.233505	2.499008	3.858917	5.252777	4.579605	3.326401	5.620178	3.739944	5.978958	3.069595	2.899048	8.342224	3.903046	3.880844	10.82648	6.705032	10.5451	10.6261	2.604904	4.721008	2.172562	14.05949	5.699707	6.787582	4.582123	4.616928	2.625061	3.16214	
Total MV Amount	1870.272


Angle TRE instances
Rotate	
ChildRotate	37	61	114	119	
RotateInverse	1	
ChildRotateInverse	
Docking x	1	21	22	27	93	96	100	126	
Docking y	114	115	
Docking z	108	109	111	113	114	115	118	119	122	124	
Total TRE Count	23


Correct Angles	Rotate	ChildRotate	RotateInverse	ChildRotateInverse	Docking x	Docking y	Docking z
	-90	-90	0	30	-4.695755E-06	-150	-150

Angle Error	Rotate	ChildRotate	RotateInverse	ChildRotateInverse	Docking x	Docking y	Docking z
	39.75137	10.57132	0	86.19823	9.98783	21.00589	19.06863

Time Taken	Hours	Minutes	Seconds	Milliseconds	Seconds float	Completion time
	0	0	8	22	8.021872	00h:00m:08s:022ms

Final Results	Tester Name	Time of Test	Dock Shape Style	Virtual Device Visible	Time Taken	Shape Precision %	Orientation Precision %	Overall Precision %	Efficiency %	Difficulty	Total MV	Total TRE	
	0	2018-11-11_13:24:52	Ltd Random	False	00h:00m:08s:022ms	81.03876	92.57879	85.1918	78.62273	0.5666667	1870.272	23	
