
Angles Over Time
Frames	Rotate	ChildRotate	RotateInverse	ChildRotateInverse	Docking x	Docking y	Docking z	
0	1.447809	-2.578735	0	0.2756408	0	0	0	
1	-0.234436	0	0	0.4688644	0	0	0	
2	-0.7032776	0.234436	0	0.7032928	0	0	0	
3	-0.9377136	-3.516479	0	2.813179	0	0	0	
4	-3.516479	2.133429E-07	0	0	0	0	0	
5	-0.234436	2.133429E-07	0	0.4688644	0	0	0	
6	-0.7032776	-0.234436	0	0	0.1043458	-0.01556396	0.01709241	
7	-0.234436	2.13443E-07	0	-0.234436	0.5493319	-0.1585999	-0.06491089	
8	2.13443E-07	-0.234436	0	0.2344284	1.017353	-0.3799438	0.0003933454	
9	-1.17215	-1.641022	0	2.344315	1.234331	-1.319611	0.4059504	
10	-2.34433	-18.05127	0	1.641022	2.484483	-2.107574	5.096244	
11	-4.688629	-23.44321	0	0.4688646	-1.742889	-4.095123	15.261	
12	-8.908417	-23.91205	0	0.2344286	-2.749512	-7.765076	17.26081	
13	-10.315	-24.14648	0	-0.234436	-3.579407	-9.00885	15.60167	
14	-15.70694	-26.49081	0	4.219773	-1.455536	-12.09836	15.06718	
15	-18.98898	-22.7399	0	1.875458	3.047921	-16.51456	8.10616	
16	-13.59705	-12.89377	0	0.4688649	5.235151	-20.54102	-2.579224	
17	-0.7033081	-11.48715	0	-0.234436	6.714066	-24.5531	-7.833832	
18	0.9377283	-11.48715	0	0.2344288	8.449842	-27.57828	-13.51816	
19	0.7032923	-11.72159	0	4.002056E-07	8.745592	-28.82645	-16.66803	
20	1.172157	-13.59705	0	2.578751	6.643693	-28.71622	-16.05835	
21	-2.109894	-12.4249	0	-0.234436	6.339245	-29.45532	-15.58344	
22	0.2344277	-12.19046	0	0.7032931	6.341738	-31.11084	-17.01096	
23	-0.4688721	-19.69229	0	0.7032931	8.768954	-32.95764	-17.66306	
24	-0.7033081	-30.94501	0	-0.234436	14.10874	-35.33789	-17.4523	
25	-0.234436	-30.71057	0	-0.234436	17.21194	-39.03647	-18.78546	
26	-7.063969E-07	-31.64832	0	1.641022	18.49324	-42.99023	-19.77792	
27	-1.406586	-11.72159	0	-0.4688721	18.1284	-47.64447	-18.29666	
28	-7.469957E-07	2.578753	0	-0.4688721	17.7976	-52.13211	-19.00665	
29	1.641021	1.87546	0	0.2344286	22.67544	-57.58148	-22.84525	
30	0.2344275	1.87546	0	0.4688647	25.04862	-58.638	-24.78027	
31	-11.48718	-2.109894	0	5.157502	22.97656	-58.94586	-22.59598	
32	-36.80582	0.7033027	0	1.641022	18.37409	-60.88406	-21.9321	
33	-49.23071	1.641024	0	-0.234436	11.18842	-64.87225	-13.48254	
34	-66.57867	3.047617	0	5.336074E-07	2.785385	-70.46509	-9.157593	
35	-69.86072	3.047617	0	5.336074E-07	-4.722626	-74.27039	-14.21033	
36	-70.09515	2.578753	0	-0.234436	-14.92001	-79.1442	-18.46011	
37	-70.32959	2.560672E-06	0	1.875458	-29.61691	-88.19391	-20.29785	
38	-70.79846	1.87546	0	6.402445E-07	-46.65231	-98.50208	-20.80899	
39	-70.56403	2.109889	0	6.402445E-07	-60.74725	-109.3034	-19.33881	
40	-71.0329	2.109889	0	6.402445E-07	-73.39001	-122.0786	-14.6731	
41	-75.25269	0.9377315	0	-0.234436	-80.64804	-155.1892	13.74277	
42	-79.23801	-1.875458	0	2.813179	-82.35101	161.1393	55.62384	
43	-81.58234	0.4688672	0	1.641022	-83.78839	141.2829	77.79807	
44	-83.92664	1.875461	0	12.65933	-84.83185	87.0042	134.6979	
45	-84.16107	-10.08057	0	12.89376	-84.0495	58.82692	164.3101	
46	-84.16107	-33.52377	0	13.36263	-84.7785	44.80606	-177.3344	
47	-84.16107	-48.99628	0	12.65933	-86.10132	12.52922	-143.232	
48	-84.16107	-58.13913	0	17.5824	-86.0889	-20.80698	-107.8722	
49	-84.16107	-60.7179	0	12.89376	-86.62885	-56.18604	-72.0571	
50	-83.92664	-67.04755	0	12.89376	-87.53915	-104.5113	-23.52429	
51	-84.16107	-75.01825	0	12.65933	-87.10342	-162.7075	37.17312	
52	-84.16107	-82.05121	0	12.65933	-85.1149	164.4045	73.48596	
53	-84.16107	-84.16107	0	13.12819	-84.05786	154.1436	84.57581	
54	-84.16107	-89.08417	0	15.00365	-82.91556	151.9878	88.4503	
55	-84.16107	-96.35156	0	7.267389	-83.47598	150.7829	91.01208	
56	-84.39551	-102.4468	0	-0.234436	-86.04102	142.486	99.63057	
57	-84.16107	-104.5567	0	-0.234436	-86.50122	115.8554	128.9627	
58	-86.97427	-104.5567	0	18.52013	-85.98981	86.4271	159.1133	
59	-87.20871	-103.3845	0	45.01094	-84.32593	67.52434	174.8659	
60	-87.20871	-99.63361	0	55.79482	-84.25687	71.20611	168.5577	
61	-87.20871	-95.17938	0	59.31129	-84.63782	69.4866	170.1821	
62	-87.44315	-94.24167	0	75.25268	-84.70654	68.82346	171.1804	
63	-87.91199	-94.47607	0	78.76915	-84.18842	66.6401	173.9125	
64	-88.6153	-94.24167	0	78.06586	-84.55835	74.42248	167.8885	
65	-88.6153	-93.7728	0	79.47245	-84.69644	75.42583	165.5003	
66	-88.38086	-94.00723	0	78.76915	-81.22073	79.13406	165.011	
67	-88.38086	-94.24167	0	78.76915	-76.30286	80.49953	167.9895	
68	-88.6153	-94.00723	0	78.76915	-70.58612	81.89388	169.3616	
69	-88.6153	-94.00723	0	79.23802	-68.11325	80.02669	167.2974	
70	-88.6153	-93.53836	0	79.47246	-68.49268	79.23769	166.5331	
71	-88.38086	-93.7728	0	79.47246	-72.04114	74.38312	169.9954	
72	-88.6153	-94.24167	0	79.00359	-75.23102	74.13852	172.6268	
73	-88.6153	-94.24167	0	79.23802	-78.4119	75.6217	173.0013	
74	-88.84973	-94.24167	0	80.41019	-84.07837	69.5441	178.9547	
75	-88.6153	-94.24167	0	105.4944	-86.18033	41.85111	-159.4203	
76	-88.14642	-93.7728	0	128.4688	-86.62744	3.750357	-131.6424	
77	-83.45776	-94.00723	0	131.7508	-87.47937	-34.33206	-101.7355	
78	-77.59698	-94.24167	0	134.7984	-87.87219	-57.53717	-78.95898	
79	-78.06586	-94.71051	0	135.0328	-86.97406	-27.56387	-100.4798	
80	-82.75449	-105.4944	0	135.5017	-83.66028	-12.53214	-103.5837	
81	-94.24167	-111.5896	0	139.2526	-80.65384	-5.817841	-103.8057	
82	-94.24167	-112.2929	0	139.7215	-79.47375	3.905406	-109.1768	
83	-94.00723	-113.2307	0	140.1903	-79.15018	-0.5217896	-104.1268	
84	-94.47607	-113.2307	0	140.1903	-79.05249	-3.34549	-100.788	
85	-94.24167	-113.2307	0	140.1903	-79.20593	-6.325897	-96.62021	
86	-94.94495	-112.9962	0	140.4248	-79.64465	-16.17139	-86.71283	
87	-94.71051	-112.2929	0	139.4871	-79.55292	-23.78177	-77.69479	
88	-94.47607	-112.7618	0	140.4248	-78.26453	-17.88416	-82.04703	
89	-94.47607	-113.4651	0	140.8936	-76.76828	-6.934998	-91.58603	
90	-94.71051	-113.934	0	141.1281	-78.65054	-2.797974	-97.07404	
91	-94.94495	-113.4651	0	141.1281	-82.14014	-0.9343262	-100.4126	
92	-94.94495	-113.2307	0	141.1281	-87.35242	-14.49057	-86.76593	
93	-94.71051	-112.2929	0	140.1903	-84.81085	120.8206	143.3888	
94	-94.47607	-113.4651	0	140.6592	-75.42599	128.8817	143.9115	
95	-94.71051	-113.4651	0	140.8936	-74.6535	124.086	148.1413	
96	-94.71051	-113.6995	0	141.1281	-76.13422	110.4159	161.3595	
97	-95.17938	-113.934	0	141.1281	-76.13174	104.3078	167.1489	
98	-95.17938	-113.934	0	140.8936	-76.78348	106.8378	164.6685	
99	-94.94495	-112.9962	0	140.6592	-78.8429	116.9413	155.4716	
100	-94.71051	-113.2307	0	141.1281	-81.39999	144.3713	128.8728	
101	-94.94495	-113.4651	0	140.8936	-80.16516	-170.2765	84.13053	
102	-94.94495	-113.4651	0	141.1281	-77.37659	-152.931	66.58727	
103	-94.71051	-113.4651	0	141.1281	-76.73932	-152.6588	66.0557	
104	-94.94495	-112.2929	0	140.6592	-77.79227	-160.9647	74.61463	
105	-94.47607	-112.9962	0	140.4248	-78.68115	-168.543	82.55548	
106	-94.71051	-113.4651	0	141.1281	-79.33386	-173.4099	87.70211	
107	-94.71051	-114.1684	0	140.8936	-79.97305	-176.4201	90.91966	
108	-94.94495	-113.4651	0	141.1281	-79.97449	-177.3322	91.95382	
109	-94.94495	-113.4651	0	141.1281	-79.83774	-177.8725	92.43541	
110	-94.94495	-112.0585	0	139.9559	-79.79791	-179.8163	94.44003	
111	-94.47607	-112.9962	0	140.8936	-79.76639	177.8626	96.82572	
112	-94.71051	-113.4651	0	141.1281	-79.54166	177.3333	97.30051	
113	-94.71051	-113.6995	0	141.1281	-79.28552	175.8246	98.83821	
114	-95.17938	-113.4651	0	141.1281	-79.289	172.2613	102.4286	
115	-94.94495	-113.4651	0	141.1281	-79.5676	168.3631	106.2717	
116	-94.71051	-112.2929	0	139.7215	-79.72855	167.6292	106.9984	
117	-94.47607	-112.9962	0	140.6592	-79.90808	167.854	106.6881	
118	-94.71051	-113.4651	0	140.8936	-79.96701	166.5301	107.9552	
119	-94.71051	-113.6995	0	141.1281	-80.01553	165.3994	108.9531	
120	-94.94495	-113.4651	0	141.1281	-79.94958	164.5522	109.706	
121	-94.94495	-113.4651	0	140.8936	-80.04016	163.9989	110.2552	


Angle MV instances
Rotate	2.578766	3.282043	2.344299	4.219788	5.391937	3.282043	5.391937	12.89374	11.72161	25.31863	12.4249	17.34796	3.282043	4.219788	3.985321	2.34433	2.344299	2.813202	4.68866	5.860779	4.688629	11.48718	
ChildRotate	2.578735	2.578735	3.750916	3.51648	16.41025	5.391937	2.34433	3.750916	9.84613	7.501831	11.25272	19.92673	14.30034	2.57875	11.95603	23.44321	15.4725	9.142853	2.578766	6.329651	7.970703	7.032959	2.109863	4.923096	7.267395	6.095215	2.109894	3.750916	4.454224	10.78391	6.095215	
RotateInverse	
ChildRotateInverse	2.109886	2.813179	2.109886	4.454209	2.344315	2.578751	2.813187	4.688638	3.51648	3.047616	11.0183	4.923072	4.688635	7.736259	7.501825	18.75457	26.49081	10.78387	3.516476	15.94138	3.516472	25.08422	22.97434	3.282043	3.047623	3.750916	
Docking x	2.123871	2.18723	2.101899	2.427216	5.33979	3.1032	4.87784	2.373177	2.072058	4.602474	7.185673	8.40303	10.19739	14.6969	17.0354	14.09494	12.64276	7.258026	2.565033	3.475708	4.917877	5.716736	2.47287	3.548462	3.18988	3.180878	5.666473	2.101959	3.313782	3.006439	3.489594	5.21228	2.541565	9.384857	2.059418	2.557098	2.788574	
Docking y	3.669952	3.089508	4.416199	4.026459	4.012085	3.025177	2.380249	3.698578	3.953766	4.654236	4.48764	5.449371	3.98819	5.592834	3.805298	4.87381	9.049713	10.30817	10.80128	12.77519	33.11061	316.3285	19.85637	54.27872	28.17728	14.02087	32.27683	33.3362	35.37906	48.3253	58.19617	10.26091	2.155792	8.296875	26.63055	29.42834	18.90276	3.68177	2.183357	7.782379	3.708229	4.854568	6.077599	27.69299	38.10075	38.08242	23.20511	29.9733	15.03174	6.714294	4.427196	2.8237	2.980408	9.84549	7.610382	5.897614	10.94916	4.137024	13.55624	135.3111	8.061096	4.795639	13.67014	6.108101	2.530037	10.10348	27.42999	314.6477	17.34541	8.305878	7.578278	4.866852	3.010269	3.563309	3.898224	
Docking z	4.690294	10.16476	6.961019	10.68538	5.254608	5.684326	3.149872	3.838593	2.184296	8.449554	4.324951	5.052734	4.249786	4.66571	41.88107	22.17423	56.89982	29.61218	341.6445	34.10239	35.3598	35.81514	48.53281	60.69741	36.31284	11.08984	3.874496	2.561775	8.618492	29.33214	30.15062	15.75256	6.308151	2.732025	6.024002	2.388184	2.978485	2.064209	3.462234	2.631393	5.9534	338.375	27.77791	29.90686	22.77655	21.52084	3.103912	5.371124	5.049973	3.338821	4.167786	9.907379	9.018036	4.352234	9.539001	5.488007	3.338562	13.64667	230.1547	4.229767	13.21819	5.789368	2.480377	9.196854	26.59885	44.74226	17.54326	8.558929	7.940849	5.146629	3.217552	2.004623	2.385689	3.590378	3.843147	
Total MV Amount	4369.747


Angle TRE instances
Rotate	59	77	81	97	99	114	115	
ChildRotate	62	80	
RotateInverse	1	
ChildRotateInverse	
Docking x	
Docking y	101	102	105	106	
Docking z	
Total TRE Count	13


Correct Angles	Rotate	ChildRotate	RotateInverse	ChildRotateInverse	Docking x	Docking y	Docking z
	-90	-90	0	90	-51.44391	-167.6998	136.9196

Angle Error	Rotate	ChildRotate	RotateInverse	ChildRotateInverse	Docking x	Docking y	Docking z
	4.71051	22.29294	0	49.72148	28.65924	-28.47284	26.49553

Time Taken	Hours	Minutes	Seconds	Milliseconds	Seconds float	Completion time
	0	0	7	192	7.191967	00h:00m:07s:192ms

Final Results	Tester Name	Time of Test	Dock Shape Style	Virtual Device Visible	Time Taken	Shape Precision %	Orientation Precision %	Overall Precision %	Efficiency %	Difficulty	Total MV	Total TRE	
	0	2018-11-11_13:33:44	Presets_dockPreset_2	False	00h:00m:07s:192ms	89.34376	89.82067	87.27361	60.42623	0.695626	4369.747	13	
