
Angles Over Time
Frames	Rotate	ChildRotate	RotateInverse	ChildRotateInverse	Docking x	Docking y	Docking z	
0	3.04762	-85.33328	0	13.12822	75.60713	-24.07547	-56.93109	
1	3.750913	-85.33328	0	13.12822	75.41058	-23.11737	-56.10339	
2	3.750913	-85.33328	0	13.12822	75.3667	-23.48804	-56.72342	
3	3.750913	-84.16113	0	13.59708	75.31842	-24.78613	-58.04608	
4	2.813184	-84.62997	0	13.12822	75.25356	-25.49161	-58.78622	
5	3.516484	-84.86441	0	12.89378	75.23366	-26.28461	-59.90244	
6	3.282048	-84.86441	0	13.12822	74.87385	-27.04163	-61.3139	
7	3.282048	-84.62997	0	13.12822	73.5336	-28.987	-64.46332	
8	3.282048	-83.22339	0	13.83151	71.605	-32.91785	-70.01093	
9	2.344327	-82.75452	0	13.83151	69.40229	-36.35223	-75.5834	
10	2.813184	-79.47247	0	13.12822	68.14844	-34.89236	-76.36316	
11	3.282048	-68.21976	0	13.59708	68.11144	-35.33539	-80.01291	
12	3.750913	-45.01099	0	20.86447	69.57968	-32.82889	-81.67377	
13	3.750913	-41.02563	0	27.663	70.84622	-33.0329	-86.78946	
14	3.282048	-41.02563	0	30.71061	73.28531	-34.97546	-89.54523	
15	1.875463	-41.02563	0	28.83516	76.16926	-13.9606	-68.61755	
16	3.516484	-35.86813	0	12.19049	66.74947	33.18196	-18.71384	
17	3.750913	-26.25641	0	-1.406555	50.27722	47.20016	0.05334736	
18	3.750913	-20.86447	0	-1.17215	39.37387	51.38824	6.40998	
19	3.516484	-16.64471	0	-1.17215	27.66889	50.45171	5.83567	
20	3.516484	-12.65936	0	-0.4688416	18.61119	49.54221	5.126562	
21	3.04762	0.9377003	0	10.0806	13.36224	49.01411	-7.546692	
22	3.282049	1.640993	0	13.83151	10.97398	46.87225	-11.99142	
23	3.750913	1.640993	0	13.59708	6.836827	46.05117	-13.35233	
24	3.750913	1.875429	0	15.9414	6.613139	45.6368	-14.62762	
25	3.750913	0.703272	0	26.02198	3.02573	45.12804	-13.56641	
26	2.813185	1.406565	0	34.2271	1.542196	44.04401	-13.422	
27	3.282049	1.640993	0	38.44688	0.2957999	44.36525	-10.47147	
28	3.516485	2.109858	0	39.3846	0.5745798	44.28039	-7.678009	
29	-3.047607	1.875429	0	37.50914	1.700979	44.53665	-2.361847	
30	-7.267395	-1.875488	0	26.95971	2.066417	44.1235	-2.369446	
31	-7.032959	-18.52014	0	18.98902	2.368384	43.84332	-2.277039	
32	-2.813171	-21.09891	0	11.4872	2.735519	44.22774	-2.384491	
33	0.4688705	-20.86447	0	6.329687	2.750572	44.34616	-2.522736	
34	0.7032989	-21.09891	0	-1.640991	2.296172	44.49165	-2.430878	
35	0.9377348	-20.16119	0	-1.875427	1.943227	44.92547	-2.469696	
36	1.641028	-18.52014	0	-0.4688416	2.131462	46.05904	-2.617828	
37	0.7032989	-16.41028	0	-0.9377136	2.03505	47.52822	-2.669189	
38	1.172163	-14.06595	0	-1.875427	1.831726	48.92403	-2.65744	
39	1.641028	-9.846191	0	-1.640991	1.273932	49.54509	-2.528412	
40	1.875464	1.640992	0	-1.875427	0.9293422	49.57986	-2.509308	
41	1.641028	1.640992	0	-1.875427	0.8241137	49.45589	-2.55719	
42	1.641028	0.7032707	0	2.05996E-05	0.3221357	49.01741	-2.440765	
43	0.9377347	1.406564	0	-1.17215	0.2659365	48.3999	-2.415131	
44	1.641028	1.640992	0	-2.109863	0.1596803	46.94854	-2.345032	
45	1.641028	1.875428	0	-1.406555	0.1077079	46.41175	-2.319885	
46	1.875464	1.875428	0	-1.640991	0.07422604	45.72544	-2.289948	
47	1.875464	1.640992	0	-1.640991	0.05431591	45.09603	-2.261139	
48	1.641028	0.7032707	0	2.058627E-05	0.07742086	44.72863	-2.250946	
49	1.406599	1.406564	0	-1.875427	0.246203	44.2415	-2.261108	


Angle MV instances
Rotate	3.04762	4.219788	4.219788	3.282042	
ChildRotate	85.33328	3.282043	11.25272	23.20877	3.985352	5.157501	9.611725	5.391937	4.219757	3.985352	13.59706	16.64465	2.578766	2.109863	2.34433	4.219757	11.48718	
RotateInverse	
ChildRotateInverse	13.12822	7.267387	6.798531	3.047615	16.64467	13.59704	10.54944	3.750907	2.344322	10.08057	8.20512	4.21978	10.54944	7.97069	7.501822	5.157508	7.970678	
Docking x	75.60713	2.202705	2.439087	2.883949	9.419785	16.47225	10.90335	11.70498	9.057707	5.248945	2.388263	4.137152	3.587409	
Docking y	24.07547	3.930847	3.434387	2.5065	21.01486	47.14256	14.0182	4.18808	2.141869	
Docking z	56.93109	3.149414	5.547607	5.572479	3.64975	5.115692	2.755768	20.92767	49.90372	18.76718	6.356632	12.67325	4.444733	2.950531	2.793457	5.316162	
Total MV Amount	847.3237


Angle TRE instances
Rotate	1	30	32	
ChildRotate	22	31	40	
RotateInverse	1	
ChildRotateInverse	18	21	34	
Docking x	26	
Docking y	
Docking z	29	
Total TRE Count	10


Correct Angles	Rotate	ChildRotate	RotateInverse	ChildRotateInverse	Docking x	Docking y	Docking z
	0	0	0	6.994337E-13	0	0	0

Angle Error	Rotate	ChildRotate	RotateInverse	ChildRotateInverse	Docking x	Docking y	Docking z
	1.641028	1.640992	0	1.640991	0.3220278	43.33469	2.215393

Time Taken	Hours	Minutes	Seconds	Milliseconds	Seconds float	Completion time
	0	0	2	938	2.938372	00h:00m:02s:938ms

Final Results	Tester Name	Time of Test	Dock Shape Style	Virtual Device Visible	Time Taken	Shape Precision %	Orientation Precision %	Overall Precision %	Efficiency %	Difficulty	Total MV	Total TRE	
	0	2018-11-22_11:56:07	ZEROING DATA	True	00h:00m:02s:938ms	99.31625	91.5648	95.96864	100	7.771486E-16	847.3237	10	
