
Angles Over Time
Frames	Rotate	ChildRotate	RotateInverse	ChildRotateInverse	Docking x	Docking y	Docking z	
0	-94.97897	-83.92667	0	80.8452	-6.568146	40.5583	100.8449	
1	-91.22806	-85.09885	0	81.07964	-6.558289	40.75815	100.9656	
2	-93.57239	-88.14645	0	81.78292	-6.504639	41.37239	100.7706	
3	-95.68228	-87.67761	0	81.54849	-6.552307	41.64001	100.9334	
4	-96.15112	-88.14645	0	81.78292	-6.764709	41.77769	101.4176	
5	-96.15112	-87.67761	0	82.01736	-7.25882	41.81641	101.6924	
6	-96.15112	-85.56769	0	80.8452	-7.359711	41.58518	101.5315	
7	-92.86908	-86.9743	0	81.78292	-7.12561	41.73883	101.066	
8	-94.51013	-86.9743	0	81.78292	-6.597076	41.79173	100.5971	
9	-94.74454	-86.9743	0	82.01736	-6.522339	41.96284	100.2352	
10	-94.74454	-86.03656	0	81.54849	-6.554108	42.08545	100.0387	
11	-94.2757	-75.95599	0	80.8452	-6.574066	42.48118	98.16147	
12	-91.22806	-74.54941	0	80.8452	-6.206879	42.17794	87.98443	
13	-82.31964	-71.73624	0	81.54849	-5.822174	42.14492	75.5407	
14	-73.8801	-67.75089	0	81.31406	-5.482147	43.5205	61.10699	
15	-57.00101	-59.0769	0	81.31406	-4.151581	43.24237	42.16278	
16	-40.59076	-49.46518	0	81.07963	-1.327667	42.32003	18.18465	
17	-6.83255	-43.36996	0	73.10895	0.2921486	41.69846	0.07275373	
18	-2.143921	-42.66666	0	67.24815	0.0424573	41.86182	-0.002628738	
19	-0.9717407	-36.33701	0	55.29212	0.170335	41.78421	-0.2599182	
20	-0.9717407	-30.71063	0	41.92949	0.451701	41.09374	-0.3996582	
21	-1.206177	-25.08426	0	17.783	0.3531977	40.68968	-0.4718933	
22	-0.9717407	-21.80222	0	0.6694638	0.5917484	40.28784	-0.6140442	
23	-1.440613	-18.98901	0	0.9038923	0.6189305	39.98321	-0.70578	
24	-0.9717407	-15.70697	0	-0.26828	0.7290478	39.7113	-0.7871399	
25	-0.9717407	-9.142883	0	-0.26828	0.8909253	39.5444	-0.8434143	
26	-0.9717407	-6.329712	0	-0.26828	1.011082	39.56307	-0.8961182	
27	-0.7373047	-3.985382	0	-0.03384399	0.9845827	39.5273	-0.9148865	
28	-0.9717407	-3.985382	0	2.310486	0.982911	39.52698	-0.926239	
29	-1.675049	-2.109924	0	0.2005997	1.240808	39.49467	-1.056793	
30	-0.7373047	-1.641052	0	0.2005998	1.49933	39.45844	-1.187378	
31	-0.9717407	-1.641052	0	-0.03384399	1.416692	39.45988	-1.198334	
32	-0.7373047	-1.875488	0	-0.2682495	1.401642	39.46114	-1.21936	
33	-0.7373047	-1.641052	0	-0.03384399	0.8869998	39.4782	-1.096924	
34	-0.7373047	-2.109924	0	0.4350281	0.5695078	39.488	-1.050079	
35	-0.9717407	-1.875488	0	-0.2682495	0.5565028	39.48801	-1.059753	
36	-0.5028687	-1.641052	0	-0.2682495	0.5888123	39.48685	-1.076111	


Angle MV instances
Rotate	94.97897	3.750916	2.34433	2.109894	3.282043	3.047638	8.908417	8.439545	16.87909	16.41025	33.75821	4.688629	
ChildRotate	83.92667	3.047607	2.109924	10.08057	2.813171	3.985352	8.673981	9.611725	6.095215	6.329651	5.626373	5.626373	3.282043	2.813202	3.282043	6.564087	2.813171	2.34433	
RotateInverse	
ChildRotateInverse	80.8452	7.97068	5.860802	11.95603	13.36263	24.14649	17.11353	2.34433	2.109886	
Docking x	6.568146	2.823914	
Docking y	40.5583	
Docking z	100.8449	10.17704	12.44373	14.43371	18.94421	23.97813	18.1119	
Total MV Amount	782.217


Angle TRE instances
Rotate	19	
ChildRotate	28	
RotateInverse	1	
ChildRotateInverse	23	
Docking x	16	
Docking y	
Docking z	18	
Total TRE Count	5


Correct Angles	Rotate	ChildRotate	RotateInverse	ChildRotateInverse	Docking x	Docking y	Docking z
	-2.378987E-09	-6.306061E-20	0	2.378987E-09	0	0	0

Angle Error	Rotate	ChildRotate	RotateInverse	ChildRotateInverse	Docking x	Docking y	Docking z
	0.5028687	1.641052	0	0.2682495	0.5871358	39.48656	1.087433

Time Taken	Hours	Minutes	Seconds	Milliseconds	Seconds float	Completion time
	0	0	2	184	2.184323	00h:00m:02s:184ms

Final Results	Tester Name	Time of Test	Dock Shape Style	Virtual Device Visible	Time Taken	Shape Precision %	Orientation Precision %	Overall Precision %	Efficiency %	Difficulty	Total MV	Total TRE	
	0	2018-11-22_11:43:04	ZEROING DATA	True	00h:00m:02s:184ms	99.66498	92.4863	96.5418	100	5.286638E-12	782.217	5	
