
Angles Over Time
Frames	Rotate	ChildRotate	RotateInverse	ChildRotateInverse	Docking x	Docking y	Docking z	
0	1.406202	-3.516479	0	2.812838	-0.001682243	0.1179325	-0.00218375	
1	-2.342133	1.641022	0	-1.169983	-0.0003048418	0.01565394	-0.0002246845	
2	-0.4666748	1.641022	0	-2.576569	-0.03463745	0.2352732	-0.01281738	
3	-0.2322693	1.172157	0	-2.811005	-0.03656006	0.3589193	-0.01498413	
4	-0.2322693	1.172157	0	-3.045441	-0.03692627	0.3844953	-0.01550293	
5	-0.2322693	-0.9377136	0	-2.576569	-0.01928711	0.5337733	-0.02954102	
6	-2.342133	0.7032928	0	-1.404419	0.04615417	0.6370516	-0.03005981	
7	-0.9355469	1.641022	0	-2.342133	0.177189	0.9028241	0.08632261	
8	-0.4666748	1.172157	0	-2.811005	0.1706009	0.9356124	0.1683053	
9	0.002180322	1.406593	0	-2.576569	0.5150523	0.05550899	0.2967811	
10	-0.7011108	1.172157	0	-2.811005	0.5023323	-1.286163	0.5229563	
11	0.002180325	-9.611725	0	25.08641	1.460322	-2.916046	0.4750164	
12	-2.576569	-30.24173	0	27.66516	2.661044	-4.238251	3.035603	
13	0.2366087	-31.41388	0	24.85197	2.250433	-3.849304	4.461034	
14	0.002180338	-30.94504	0	18.05344	2.965904	-4.123535	6.368887	
15	-2.576569	-32.11719	0	-2.811005	3.548756	-4.131195	14.03984	
16	-14.53259	-31.88275	0	-3.045441	6.712825	-4.351746	22.52644	
17	-20.15897	-33.0549	0	-1.638855	13.10969	-5.771606	24.38046	
18	-25.08206	-13.36261	0	-3.045441	20.23698	-7.126587	26.65775	
19	-47.11865	4.219775	0	-2.342133	25.1073	-9.104156	30.99458	
20	-66.34207	3.985347	0	-2.811005	32.47287	-14.2265	29.34353	
21	-74.54718	4.219775	0	-2.811005	36.76352	-19.15314	26.2154	
22	-77.12595	2.344317	0	0.4710465	41.35939	-23.90393	16.23937	
23	-76.6571	3.282046	0	27.66516	46.75837	-30.75714	-4.805267	
24	-65.63879	4.454211	0	30.71278	50.58708	-40.22153	-22.798	
25	-64.70105	4.923075	0	32.82267	52.10477	-50.93893	-33.27515	
26	-64.70105	4.923075	0	30.24391	51.34471	-57.05399	-34.28128	
27	-65.16992	-3.985352	0	31.18164	51.9749	-63.80188	-37.76361	
28	-65.16992	-34.46149	0	31.88494	55.52706	-70.15945	-43.84058	
29	-55.32376	-44.77652	0	31.18164	61.34882	-81.63831	-56.4772	
30	-47.58752	-59.78015	0	24.61755	65.12576	-86.35825	-59.31802	
31	-40.55457	-76.42484	0	20.16334	64.78355	-79.9978	-50.10764	
32	-33.05273	-84.62994	0	17.58459	65.40881	-83.7074	-48.56046	
33	-33.28717	-84.86438	0	21.56993	67.16389	-83.42966	-42.33447	
34	-33.99045	-85.09882	0	37.74574	67.57127	-83.69864	-35.34714	
35	-36.10034	-85.09882	0	43.60654	67.07169	-86.94559	-34.08994	
36	-43.60217	-85.09882	0	37.98018	67.80606	-92.84286	-34.81781	
37	-44.77432	-85.09882	0	40.55893	67.80777	-102.795	-44.91589	
38	-45.94647	-84.86438	0	47.12302	66.23254	-113.0046	-56.05432	
39	-45.94647	-84.86438	0	57.90689	64.36629	-125.977	-72.5387	
40	-47.35309	-85.09882	0	-3.045441	60.7671	-141.5169	-89.26282	
41	-46.64978	-85.09882	0	75.25486	57.14306	-146.2306	-97.1723	
42	-46.88422	-84.39551	0	80.6468	53.36702	-150.257	-102.3606	
43	-47.11865	-84.39551	0	84.39771	49.4258	-157.083	-111.8521	
44	-46.88422	-84.16107	0	88.38306	46.89037	-160.2627	-118.2612	
45	-47.58749	-83.45779	0	92.60282	44.21204	-163.4507	-123.1566	
46	-47.11865	-81.3479	0	96.35374	41.17264	-166.4545	-129.4483	
47	-45.00876	-78.76917	0	98.22919	38.16798	-169.147	-133.3288	
48	-39.85126	-78.53473	0	98.93249	35.66837	-170.2829	-136.489	
49	-32.34943	-78.53473	0	99.16693	35.40855	-169.722	-134.9682	
50	-31.17728	-78.53473	0	99.16693	35.02978	-168.6998	-131.8254	
51	-32.11499	-78.76917	0	99.16693	34.31528	-168.2045	-129.3972	
52	-31.64615	-78.53473	0	98.93249	33.26159	-168.3537	-127.5437	
53	-33.75601	-85.33325	0	98.93249	31.84373	-168.231	-126.6346	
54	-35.86591	-95.17938	0	98.93249	31.0779	-168.9656	-125.969	
55	-35.86591	-96.11713	0	99.16693	31.35081	-168.3266	-123.3773	
56	-37.03809	-97.05484	0	98.93249	31.52269	-167.9097	-122.2841	
57	-36.33478	-97.28928	0	98.93249	30.9023	-168.5886	-122.801	
58	-39.38239	-88.84973	0	98.93249	29.7807	-168.7491	-122.6063	
59	-50.86957	-62.35892	0	99.16693	29.51627	-168.7958	-122.0779	
60	-74.54718	-14.30035	0	98.93249	28.08075	-170.8776	-124.6808	
61	-103.8512	-11.25275	0	99.16693	26.15509	-172.2078	-131.7239	
62	-105.0233	-10.78387	0	99.16693	27.53885	-172.0093	-132.0013	
63	-105.7267	-9.377258	0	99.16693	28.06353	-172.0502	-132.8065	
64	-105.4922	-6.095215	0	99.16693	27.94217	-172.1981	-132.8718	
65	-105.2578	-27.66296	0	99.16693	27.96135	-171.8375	-132.0535	
66	-91.66071	-53.21606	0	101.5112	27.50384	-171.6503	-133.4231	
67	-75.01605	-62.12448	0	103.1523	27.35208	-171.6653	-134.3325	
68	-71.96844	-62.82776	0	107.8409	26.82472	-171.8931	-135.1648	
69	-71.73401	-62.59335	0	115.8116	26.84866	-173.39	-139.6747	
70	-74.07831	-58.608	0	124.72	26.84426	-176.0489	-148.5683	
71	-74.54718	-55.56039	0	127.0643	27.34286	-177.7023	-154.9257	
72	-74.31274	-55.7948	0	126.8299	28.06077	-177.257	-155.3803	
73	-74.78162	-55.56039	0	127.0643	28.7697	-176.9156	-155.146	
74	-76.65704	-50.87173	0	126.8299	28.73292	-176.8579	-153.7325	
75	-83.69003	-47.58969	0	123.5479	28.45307	-176.9252	-150.8786	
76	-88.84753	-47.35526	0	121.438	27.2875	-176.9048	-150.3216	
77	-89.78525	-48.05856	0	115.1083	25.58155	-177.4748	-148.3835	
78	-90.25412	-47.82413	0	110.4197	24.35429	-177.3067	-143.8495	
79	-90.72296	-47.58969	0	109.4819	23.77028	-177.2456	-141.799	
80	-90.95743	-47.12085	0	109.0131	23.68178	-177.1685	-141.2667	
81	-91.19183	-47.58969	0	109.0131	23.88738	-176.7218	-140.688	
82	-91.42627	-47.58969	0	107.372	23.83062	-176.8444	-140.1811	
83	-91.19183	-48.293	0	107.1376	23.04909	-176.4315	-139.3385	
84	-90.72296	-47.35529	0	105.731	22.91478	-176.0712	-138.4134	
85	-91.89514	-47.35529	0	101.9801	23.34451	-174.4979	-137.0971	
86	-92.12958	-47.35529	0	98.46362	24.25162	-172.9635	-136.0834	
87	-92.36401	-47.35529	0	94.94714	24.62355	-170.8983	-135.0514	
88	-92.12958	-47.12085	0	94.24384	24.94566	-168.6806	-133.8707	
89	-92.12958	-47.82413	0	94.24384	24.8209	-166.3594	-132.4835	
90	-91.89514	-47.58972	0	94.47828	25.06163	-162.4614	-131.6557	
91	-92.12958	-47.12085	0	95.65043	24.19086	-161.4305	-132.4331	
92	-92.12958	-43.83881	0	103.3867	23.53651	-160.6968	-134.1831	
93	-92.12958	-39.85345	0	106.9032	22.83079	-159.885	-135.7639	
94	-92.12958	-36.57141	0	113.2328	21.60166	-159.5511	-137.5447	
95	-91.89514	-30.24173	0	120.9691	20.46539	-159.1126	-139.461	
96	-92.12958	-29.30402	0	121.6724	19.59441	-158.6449	-140.1945	
97	-92.12958	-29.06958	0	121.9068	19.25199	-157.9732	-138.655	
98	-94.00504	-29.30402	0	121.9068	17.93707	-156.4923	-135.1893	
99	-96.58377	-29.06958	0	121.9068	17.58603	-155.6017	-132.3813	
100	-99.39697	-29.77289	0	121.6724	17.83713	-154.6429	-129.241	
101	-100.8036	-29.06958	0	121.6724	18.25103	-153.7747	-127.5522	
102	-101.5069	-29.30402	0	121.9068	19.39194	-152.7886	-126.3289	
103	-102.4446	-29.30402	0	121.6724	20.64267	-152.0342	-125.6017	
104	-103.1479	-29.06958	0	121.9068	21.1368	-151.649	-125.1065	
105	-103.3823	-28.60071	0	121.438	21.04545	-151.0044	-126.0056	
106	-102.9135	-19.92673	0	121.438	20.96077	-150.685	-127.8377	
107	-103.3823	-7.267395	0	121.6724	20.97826	-150.01	-129.9457	
108	-103.6168	-0.9377441	0	121.6724	22.35729	-148.221	-129.989	
109	-103.6168	2.344308	0	121.6724	22.59019	-146.0894	-126.0163	
110	-105.0233	1.641015	0	121.6724	23.31118	-145.8698	-125.6407	
111	-105.0233	1.406587	0	124.0167	24.50877	-146.4711	-129.8944	
112	-104.32	3.047609	0	131.753	25.20237	-147.7615	-138.3395	
113	-91.19186	3.516473	0	136.2072	26.67033	-150.0746	-155.0551	
114	-75.25049	3.516473	0	135.7383	28.76794	-150.1475	-161.3035	
115	-74.07831	3.516473	0	135.2694	30.89435	-148.5935	-159.9445	
116	-74.31274	3.985337	0	130.1119	32.90536	-145.2257	-155.7162	
117	-71.96844	1.875444	0	129.8775	38.93977	-140.8887	-155.2064	
118	-67.27979	3.282037	0	129.8775	43.17447	-137.7858	-155.2436	
119	-63.5289	3.985338	0	130.1119	47.50127	-135.2237	-152.0574	
120	-62.82559	2.813172	0	130.1119	50.16051	-131.6502	-144.7005	
121	-62.82559	3.282037	0	130.1119	50.48159	-127.766	-139.1564	
122	-60.01239	1.406587	0	129.4086	50.09398	-125.6248	-137.0332	
123	-60.7157	3.047608	0	129.8775	48.99413	-125.0681	-138.4269	
124	-60.01239	3.047608	0	130.1119	48.0441	-125.0287	-140.6988	
125	-60.01239	4.219765	0	130.1119	46.21004	-127.2278	-140.6103	
126	-59.54355	3.985337	0	129.8775	42.58024	-130.0297	-141.4664	
127	-58.60583	3.985337	0	130.1119	39.27171	-134.5125	-142.6969	
128	-58.60583	-13.36264	0	129.8775	36.3795	-140.4565	-145.5441	
129	-50.4007	-44.54208	0	130.5808	36.00835	-144.1477	-148.6909	
130	-28.12967	-70.56403	0	130.8152	35.02911	-147.8359	-153.5683	
131	-4.920898	-75.72156	0	130.8152	34.32632	-151.4467	-153.887	
132	-3.748718	-79.94131	0	133.1596	33.1341	-154.2459	-154.5671	
133	-3.748718	-79.70688	0	135.9727	32.75098	-155.5532	-154.9417	
134	-6.093048	-79.94131	0	137.3793	32.82348	-157.704	-155.1834	
135	-6.327484	-79.94131	0	138.5515	32.21499	-158.8483	-154.1381	
136	-17.81464	-79.94131	0	138.5515	31.90411	-160.1737	-153.9692	
137	-28.83295	-71.50177	0	138.5515	31.05886	-161.7764	-153.7282	
138	-46.64978	-54.38824	0	138.7859	31.25565	-162.3975	-152.8987	
139	-62.12231	-47.12085	0	138.0826	30.75726	-161.9694	-152.9872	
140	-68.92084	-45.01096	0	138.5515	30.53274	-162.3434	-153.0035	
141	-71.73404	-41.96335	0	138.3171	29.7696	-161.6456	-150.9828	
142	-76.6571	-31.88275	0	137.8482	29.66688	-161.7743	-150.236	
143	-84.62778	-25.08423	0	136.4416	28.45576	-161.7019	-151.6693	
144	-88.37869	-20.63004	0	135.2695	27.19091	-161.8776	-153.9238	
145	-88.84753	-11.72162	0	132.6907	25.77066	-161.4157	-155.4821	
146	-91.66074	-3.047607	0	129.6431	25.23526	-161.3223	-155.7402	
147	-94.94278	2.10988	0	126.8299	24.67836	-160.5517	-155.4778	
148	-96.81824	2.10988	0	125.6577	24.8504	-160.8041	-155.2658	
149	-96.81824	2.344308	0	125.4233	24.65945	-160.7851	-155.1982	
150	-96.81824	1.172151	0	125.1889	24.39787	-161.2907	-155.9564	
151	-96.5838	1.875444	0	124.4856	24.6301	-161.621	-155.8336	
152	-96.81824	2.10988	0	124.0167	24.83612	-161.349	-154.257	
153	-96.5838	1.875444	0	124.0167	24.79595	-161.2697	-153.8105	
154	-96.5838	1.875444	0	124.0167	24.81706	-160.9316	-153.0458	
155	-96.5838	-0.7033081	0	123.5478	24.40952	-160.4804	-151.105	
156	-96.11493	1.172151	0	123.7823	24.82251	-160.5118	-149.7554	
157	-96.34937	1.875444	0	123.7823	25.26192	-160.3023	-147.9892	
158	-96.34937	-1.641022	0	124.2511	26.23372	-160.1688	-146.1066	
159	-96.5838	-20.86444	0	124.0167	26.30577	-159.8513	-144.3611	
160	-89.78528	-42.90106	0	124.2511	26.6716	-159.3843	-144.8189	
161	-79.47028	-47.82413	0	124.2511	26.92724	-158.8349	-144.8225	
162	-79.47028	-47.12085	0	125.1889	26.45457	-158.5706	-145.2049	
163	-79.47028	-47.35529	0	125.4233	25.71959	-158.5956	-146.1108	
164	-79.70471	-47.35529	0	125.4233	25.51942	-158.5689	-146.4594	
165	-80.40802	-47.35529	0	125.4233	25.11286	-158.6411	-146.8149	
166	-81.34573	-48.05856	0	124.72	24.82386	-158.3962	-147.0639	
167	-82.04904	-47.58969	0	124.9544	24.41485	-157.7503	-147.3882	
168	-82.04904	-47.35526	0	125.1889	24.655	-157.328	-147.8427	
169	-82.04904	-46.88641	0	125.1889	24.89541	-157.0901	-148.3732	
170	-82.04904	-47.12085	0	125.1889	24.87046	-156.3115	-148.5867	
171	-82.04904	-47.35526	0	125.1889	24.6177	-155.9888	-149.5075	
172	-82.75232	-47.58969	0	124.9544	24.08372	-155.6989	-150.1259	
173	-84.15894	-47.35526	0	125.1889	23.91965	-154.8501	-150.4005	
174	-85.33109	-47.12085	0	125.1889	23.77523	-154.4905	-150.4094	
175	-86.50323	-46.18311	0	125.1889	23.82792	-154.3818	-150.8301	
176	-89.31644	-42.90106	0	125.1889	23.79412	-153.8642	-151.0228	
177	-90.72302	-43.60434	0	124.72	23.72816	-153.8857	-151.7729	
178	-90.72302	-43.1355	0	124.9544	23.73695	-153.6102	-152.0013	
179	-90.72302	-42.66663	0	125.1889	23.40575	-153.2311	-151.9437	
180	-90.95746	-42.90106	0	125.1889	23.53755	-153.1245	-151.5662	
181	-90.95746	-42.66663	0	125.1889	23.53944	-152.8265	-151.1005	
182	-90.95746	-42.66663	0	125.1889	23.54728	-152.9696	-150.8819	
183	-90.95746	-43.83878	0	124.72	23.81819	-152.744	-150.1601	
184	-90.48859	-42.90106	0	125.1889	23.98809	-152.9015	-149.4456	
185	-90.72302	-42.90106	0	125.4233	23.97688	-152.2945	-148.4012	
186	-90.95746	-42.66663	0	125.1889	23.99002	-152.3329	-148.035	
187	-90.95746	-42.43219	0	125.1889	23.79121	-151.6928	-147.7123	
188	-90.95746	-42.66663	0	125.1889	23.73995	-151.6806	-147.4802	
189	-90.95746	-43.60434	0	124.9544	23.83053	-151.3372	-146.5087	
190	-90.72302	-42.90106	0	125.1889	24.04352	-150.4633	-145.3185	
191	-90.95746	-42.90106	0	125.4233	24.02795	-149.9036	-144.2715	
192	-90.95746	-43.36993	0	125.1889	24.15516	-149.6476	-142.7988	
193	-90.95746	-44.54208	0	125.1889	24.1563	-149.3224	-142.5969	
194	-90.95746	-45.71423	0	124.4856	24.21157	-149.0609	-142.6179	
195	-90.48859	-45.4798	0	125.1889	24.13675	-149.2664	-143.2571	
196	-90.95746	-45.24536	0	125.4233	24.34811	-149.7582	-143.6474	
197	-90.95746	-45.01096	0	125.1889	24.47993	-149.7534	-143.8148	
198	-90.95746	-45.24536	0	125.4233	24.65055	-149.9193	-143.9809	
199	-90.95746	-45.01096	0	125.1889	24.74299	-150.1345	-144.253	
200	-90.72302	-45.94867	0	124.72	24.96893	-150.0831	-144.3435	


Angle MV instances
Rotate	2.109863	2.578749	2.813177	2.578749	11.95602	5.626373	4.923096	22.03659	19.22342	8.205109	2.578766	11.01831	9.846161	7.736237	7.032959	7.501831	2.109894	7.501831	2.109894	5.157501	7.501831	2.109863	2.109894	3.047607	11.48718	23.67761	29.30402	13.59708	16.64465	3.047607	2.344299	7.03299	5.157501	2.578735	2.813202	13.12817	15.94138	2.344299	4.68866	3.750885	2.813202	8.205139	22.27103	23.20877	2.34433	11.48715	11.01831	17.81683	15.47253	6.798523	2.813202	4.923065	7.970673	3.750916	2.813202	3.282043	6.798523	10.315	2.813202	
ChildRotate	3.516479	10.78388	20.63	19.69229	17.58239	30.47614	10.31503	15.00363	16.64468	8.205109	2.109894	2.578735	6.798523	9.84613	8.439545	26.49081	48.05856	3.047607	3.282043	21.56775	25.5531	8.908417	3.985352	3.047607	4.68866	3.282043	3.282043	3.985352	3.282043	6.329681	8.673981	12.65933	6.329651	2.109894	17.34798	31.17944	26.02194	5.157532	4.219757	8.439545	17.11353	7.267395	2.109894	3.047607	10.0806	6.798523	4.454193	8.908417	8.674011	19.22342	22.03662	4.923065	3.282043	
RotateInverse	
ChildRotateInverse	2.812838	27.89741	2.578753	2.813189	6.798529	20.86445	3.282051	27.19411	3.047621	2.109884	2.578753	6.564095	4.45421	2.578749	3.985344	16.1758	5.860809	5.626369	2.578751	6.564098	10.78387	60.95233	78.3003	5.391945	3.750908	3.985344	4.219765	3.750923	2.344315	4.688644	7.970688	8.908409	2.344322	3.282043	2.109886	6.329674	4.688637	3.750908	3.516487	3.516479	7.736259	3.516479	6.329666	7.736252	2.344322	7.736259	4.454193	5.157501	2.344315	2.813187	2.578751	3.047638	2.813171	
Docking x	3.164068	6.396866	7.127286	4.870327	7.365566	4.290646	4.595875	5.398975	3.828712	3.552162	5.821754	3.776947	3.599194	3.624043	3.776043	3.941216	2.535431	2.678329	3.039398	3.004662	2.499611	2.097612	2.126413	2.011011	6.034409	4.234695	4.326797	2.659248	3.629799	3.308537	2.892208	
Docking y	5.122345	4.926636	4.750793	6.85321	9.464386	10.71741	6.115051	6.747894	6.357574	11.47885	4.71994	6.360443	3.709595	3.246948	5.897278	9.952148	10.20959	12.97243	15.5399	4.713654	4.026367	6.826019	3.179703	3.188004	3.00383	2.69249	2.081802	2.658966	2.065216	2.217697	2.321121	3.89801	2.131607	2.313171	3.367798	4.337051	3.102844	2.562119	3.573456	3.884277	2.141113	2.19902	2.801941	4.482758	5.944016	3.691193	3.688248	3.610733	2.79921	2.150848	
Docking z	2.560586	7.670949	8.486601	2.277288	4.336834	3.128122	9.976034	21.04464	17.99274	10.47714	3.48233	6.076965	12.63663	2.84082	9.210388	6.225983	6.987335	10.09808	11.13843	16.48438	16.72412	7.909485	5.188293	9.491486	6.409149	4.895355	6.291748	3.880447	3.160248	3.142746	2.428192	2.591644	2.602875	7.043106	4.509827	8.8936	6.357422	2.853928	4.53392	2.050522	3.465729	2.807983	3.140366	2.108002	3.972672	4.253754	8.445053	16.71558	6.248459	4.228394	3.186203	7.356857	5.544189	2.123108	2.271835	2.847229	3.14682	4.87738	2.020767	2.254425	
Total MV Amount	2259.009


Angle TRE instances
Rotate	76	99	113	114	144	148	160	161	174	
ChildRotate	
RotateInverse	1	
ChildRotateInverse	12	13	23	30	
Docking x	1	16	
Docking y	1	17	
Docking z	
Total TRE Count	15


Correct Angles	Rotate	ChildRotate	RotateInverse	ChildRotateInverse	Docking x	Docking y	Docking z
	-90	-129.3736	0	30	-5.008957E-06	5.008957E-06	-90

Angle Error	Rotate	ChildRotate	RotateInverse	ChildRotateInverse	Docking x	Docking y	Docking z
	0.7230225	84.12823	0	95.18887	25.29457	149.9064	54.36812

Time Taken	Hours	Minutes	Seconds	Milliseconds	Seconds float	Completion time
	0	0	11	864	11.86373	00h:00m:11s:864ms

Final Results	Tester Name	Time of Test	Dock Shape Style	Virtual Device Visible	Time Taken	Shape Precision %	Orientation Precision %	Overall Precision %	Efficiency %	Difficulty	Total MV	Total TRE	
	0	2018-11-22_11:53:10	Ltd Random	False	00h:00m:11s:864ms	74.99442	62.17138	67.49133	84.36852	0.3770818	2259.009	15	
