
Angles Over Time
Frames	Rotate	ChildRotate	RotateInverse	ChildRotateInverse	Docking x	Docking y	Docking z	
0	-97.50247	-139.0182	0	105.9847	-57.09668	6.567622	68.78412	
1	-97.97131	-139.0182	0	105.9847	-55.22424	6.545737	68.49551	
2	-98.20575	-136.6739	0	105.5158	-54.65652	5.431207	69.33443	
3	-97.0336	-138.5493	0	105.7502	-52.78586	3.314175	70.47404	
4	-97.50247	-138.5493	0	105.7502	-50.46954	0.7847168	71.86848	
5	-97.97131	-138.0805	0	105.9847	-45.79169	-2.850189	74.30177	
6	-97.73691	-138.3149	0	105.7502	-38.42413	-6.874115	76.94072	
7	-97.73691	-135.2673	0	105.2814	-26.09839	-10.29117	80.91782	
8	-96.33032	-137.3772	0	105.5158	-13.31464	-13.81491	85.40799	
9	-97.0336	-138.3149	0	105.9847	-2.631439	-15.60263	90.06507	
10	-97.73691	-139.2526	0	105.9847	3.1366	-15.31525	91.70309	
11	-97.97131	-139.0182	0	105.9847	2.511052	-11.89163	93.55222	
12	-97.97131	-139.0182	0	105.7502	4.014	-7.497955	90.30125	
13	-97.97131	-136.9083	0	105.5158	8.632784	-3.740509	80.76082	
14	-97.26804	-138.3149	0	105.7502	9.695589	1.406992	75.76426	
15	-97.73691	-138.0805	0	105.5158	10.37949	7.373925	71.98133	
16	-97.73691	-138.3149	0	105.5158	16.75325	10.35189	61.34272	
17	-97.50247	-138.3149	0	105.5158	26.41683	12.633	47.65974	
18	-97.50247	-135.7361	0	105.0469	27.45094	12.70921	41.11935	
19	-96.09589	-137.1427	0	105.5158	32.7577	12.7993	31.16207	
20	-97.26804	-137.846	0	105.7502	31.90623	12.4117	33.24763	
21	-97.73691	-139.2526	0	105.7502	30.80278	8.658898	25.73201	
22	-97.97131	-139.2526	0	105.7502	27.78225	6.677076	13.25831	
23	-97.97131	-139.2526	0	105.7502	24.65495	8.951196	12.66095	
24	-98.20575	-137.1427	0	105.5158	23.87243	10.91223	12.83355	
25	-97.26804	-138.3149	0	105.7502	26.75317	13.645	16.57265	
26	-97.73691	-138.3149	0	105.7502	25.25609	15.08643	16.14663	
27	-96.09589	-138.3149	0	105.7502	23.56438	15.81761	13.70582	
28	-81.79553	-138.3149	0	101.0616	21.21252	17.6363	10.73438	
29	-71.71497	-135.5017	0	88.40225	18.32225	18.93762	11.06031	
30	-65.61972	-137.1427	0	78.79054	17.02653	19.99718	13.23755	
31	-63.9787	-138.3149	0	74.1019	15.32164	20.01247	10.72609	
32	-63.04095	-139.2526	0	72.22644	14.5317	20.27884	8.731508	
33	-40.30106	-139.2526	0	72.22644	11.40848	18.57614	-4.026581	
34	-1.385345	-139.2526	0	72.22644	8.787134	18.48028	-7.536499	
35	-1.385345	-137.1427	0	68.9444	10.18745	17.78283	-4.549866	
36	-3.026367	-138.0805	0	61.20814	8.387375	15.94884	-4.559418	
37	-1.854218	-138.3149	0	29.09096	5.846273	14.78579	1.279594	
38	-2.32309	-138.3149	0	1.896842	7.558343	13.17225	14.11796	
39	-2.088654	-138.0805	0	1.427977	8.639283	11.32856	13.41626	
40	-1.619781	-135.2673	0	4.241163	4.172508	10.90401	13.30456	
41	-3.495239	-136.6739	0	2.600142	3.68849	10.3331	12.24436	
42	-2.32309	-138.0805	0	1.427977	6.922286	9.128515	6.525177	
43	-1.385345	-118.1537	0	1.896842	7.69357	7.634501	7.036501	
44	-0.9165039	-83.92667	0	1.193549	12.72134	7.786855	3.76896	
45	-0.9165039	-54.15381	0	1.193549	9.473977	9.414838	1.878136	
46	-9.356049	-29.06958	0	3.069007	8.432907	10.65291	4.862885	
47	-25.29742	-18.52014	0	1.427978	9.076577	10.31783	7.47444	
48	-28.34503	-17.58243	0	8.226508	8.961437	9.062857	7.062156	
49	-28.34503	-9.142853	0	11.97742	6.925611	7.642543	1.805749	
50	-28.1106	-1.641052	0	7.523213	5.957158	6.434052	1.748241	
51	-28.34503	0.234417	0	11.74299	5.40099	5.663136	1.958914	
52	-28.34503	-0.234436	0	6.585485	4.502556	5.213686	1.83197	
53	-27.87616	0.9377099	0	11.74299	5.598723	4.530089	0.08024438	
54	-22.01538	2.344303	0	5.41332	5.844452	3.699065	-1.946899	
55	-19.90549	-2.34433	0	6.585485	5.600739	3.458657	-1.444489	
56	-10.99707	-17.34796	0	5.882184	4.999994	3.28879	-0.4374695	
57	-2.791962	-20.3956	0	7.992078	3.188396	2.914859	-0.3505249	
58	-3.260803	-19.69229	0	6.585486	3.342963	2.809982	-0.3233032	
59	-1.385345	-18.98901	0	4.475599	3.111349	2.829508	-0.3009033	
60	-1.385345	-18.52014	0	1.896841	2.541551	2.836258	-0.2684937	
61	-0.4476318	-18.75458	0	2.131277	2.679919	2.7319	-0.5641174	
62	0.7245311	-18.52014	0	1.896841	2.41181	2.667885	-0.460022	
63	0.7245311	-18.98901	0	2.83457	2.226757	2.693836	-0.4216614	
64	-0.4476318	-16.64468	0	1.427977	1.917077	2.791566	-0.3494568	
65	0.4901027	-16.41025	0	1.896841	1.388524	3.568095	-0.144165	
66	0.02123829	-15.94141	0	1.427977	1.304028	4.438595	-0.1551514	
67	0.4901027	-15.2381	0	1.193548	1.079319	5.400734	-0.1429443	
68	0.7245311	-15.70697	0	3.53787	1.026153	7.326967	-0.2267456	
69	-1.619781	-14.30035	0	2.600142	0.8301423	6.740456	-0.2184143	
70	-0.4476318	-13.1282	0	1.662413	0.6896135	5.636812	-0.1974182	
71	0.4901026	-11.95605	0	1.896842	0.6116827	4.503231	-0.1765747	
72	0.2556666	-10.31503	0	1.427977	0.6026128	3.806038	-0.1704407	
73	0.4901026	-9.142853	0	1.662413	0.6569362	3.493056	-0.1896362	
74	0.4901026	-9.142853	0	4.944464	0.6936268	3.37627	-0.166626	
75	-1.619781	-7.03299	0	1.193549	0.6431071	3.288599	-0.1661987	
76	0.4901027	-2.813202	0	1.662413	0.697798	3.493585	-0.1836548	
77	0.7245311	-0.7033081	0	1.896841	0.389261	4.574968	-0.3025513	
78	0.4901027	-8.590935E-06	0	1.427977	0.3486643	6.188387	-0.3702087	
79	1.193396	0.2344198	0	1.896841	0.4727798	7.672678	-0.3814087	
80	0.9589673	-1.875458	0	2.83457	0.5784892	9.438524	-0.4368286	
81	-0.4476318	-0.7033081	0	1.193549	0.573401	9.62326	-0.4507446	
82	0.7245311	-0.7033081	0	1.193549	0.5435131	9.62279	-0.4632568	
83	0.4901027	-0.4688721	0	1.427977	0.5478588	9.623103	-0.4526672	
84	0.4901027	-0.4688721	0	1.662413	0.5478588	9.623103	-0.4526672	
85	0.4901027	-3.047638	0	4.710028	0.5478588	9.623103	-0.4526672	


Angle MV instances
Rotate	97.50247	14.30035	10.08057	6.095245	22.7399	38.91571	8.439545	15.94138	3.047607	5.860779	2.109894	8.908417	8.205109	
ChildRotate	139.0182	2.34433	3.047592	2.109879	2.109894	2.578751	2.109894	2.813187	2.109894	2.813171	19.92671	34.22708	29.77286	25.08423	10.54944	8.439575	7.501801	15.00363	3.047638	2.34433	2.109863	4.219788	2.109894	2.578766	
RotateInverse	
ChildRotateInverse	105.9847	4.688644	12.65933	9.61171	4.688644	3.282043	7.736256	32.11718	27.19412	2.813186	6.798531	3.750916	4.45421	4.219772	5.157501	5.157501	6.329666	2.109894	2.109887	2.578758	2.344322	3.282051	3.750916	3.047615	
Docking x	57.09668	2.316315	4.677856	7.367554	12.32574	12.78375	10.6832	4.618783	6.373763	9.663582	5.306755	3.020523	3.127298	2.880733	2.351854	2.89027	3.123215	2.62135	2.541102	4.466775	3.233796	5.027766	3.247358	2.035826	
Docking y	6.567622	2.117031	2.529459	3.634906	4.023926	3.417053	3.523743	3.423615	4.393677	3.757446	5.147501	5.966933	2.977962	2.28111	3.752803	2.274119	2.732778	
Docking z	68.78412	2.433289	2.638947	3.977097	4.490173	4.657082	3.250969	9.540428	4.996559	3.782928	10.63861	13.68299	6.540386	9.957277	2.085562	7.515627	12.4737	3.739098	2.440812	2.971438	2.17724	2.511456	12.75809	3.509918	2.986633	5.839012	12.83836	5.719181	3.267541	2.984749	2.611556	5.256408	
Total MV Amount	1315.345


Angle TRE instances
Rotate	35	46	57	
ChildRotate	51	56	76	
RotateInverse	1	
ChildRotateInverse	39	48	59	
Docking x	10	13	40	42	52	53	56	
Docking y	4	6	13	15	53	67	71	78	
Docking z	35	38	44	47	49	
Total TRE Count	29


Correct Angles	Rotate	ChildRotate	RotateInverse	ChildRotateInverse	Docking x	Docking y	Docking z
	-7.613001E-23	-1.611493E-43	0	9.228947E-23	0	0	0

Angle Error	Rotate	ChildRotate	RotateInverse	ChildRotateInverse	Docking x	Docking y	Docking z
	2.088654	0.9377441	0	1.427977	0.5478588	9.623103	0.4526672

Time Taken	Hours	Minutes	Seconds	Milliseconds	Seconds float	Completion time
	0	0	5	67	5.066995	00h:00m:05s:067ms

Final Results	Tester Name	Time of Test	Dock Shape Style	Virtual Device Visible	Time Taken	Shape Precision %	Orientation Precision %	Overall Precision %	Efficiency %	Difficulty	Total MV	Total TRE	
	0	2018-11-22_11:55:52	ZEROING DATA	True	00h:00m:05s:067ms	99.38134	98.13412	98.80333	100	1.871328E-25	1315.345	29	
