
Angles Over Time
Frames	Rotate	ChildRotate	RotateInverse	ChildRotateInverse	Docking x	Docking y	Docking z	
0	-93.4436	-89.78748	0	84.9593	16.84939	-108.3024	-83.83936	
1	-93.20917	-90.02191	0	84.72488	16.96563	-107.9601	-83.40576	
2	-93.20917	-90.02191	0	84.49045	16.90082	-107.8002	-83.32513	
3	-93.20917	-90.02191	0	84.72488	16.73177	-108.1824	-83.65796	
4	-93.20917	-90.02191	0	84.72488	16.41244	-108.3463	-83.91431	
5	-93.20917	-89.78748	0	84.9593	16.24287	-109.1315	-85.46014	
6	-93.20917	-89.78748	0	84.49044	16.53273	-110.0957	-88.22363	
7	-93.20917	-89.78748	0	84.49044	17.53012	-112.0101	-92.73123	
8	-93.20917	-89.78748	0	84.49044	18.90325	-112.9368	-95.80167	
9	-93.20917	-90.02191	0	84.72487	21.91012	-114.7695	-100.2651	
10	-93.20917	-89.55304	0	85.6626	28.55812	-114.8477	-106.1624	
11	-93.20917	-89.78748	0	84.9593	40.86362	-113.3366	-113.0182	
12	-93.20917	-89.78748	0	81.91169	56.32983	-103.996	-114.2328	
13	-93.20917	-90.25635	0	65.97032	67.95653	-77.548	-86.6499	
14	-96.49121	-90.02191	0	54.24872	67.83347	-36.84598	-45.42355	
15	-105.8685	-90.02191	0	45.10587	64.91386	-6.770264	-9.38562	
16	-107.0406	-89.55304	0	36.43189	52.87425	15.76745	13.66076	
17	-106.5718	-91.19406	0	32.44654	43.55981	30.40287	28.86337	
18	-97.19452	-99.86804	0	32.44654	35.8526	36.41962	29.97864	
19	-70.46924	-100.1025	0	32.44654	28.81078	39.19598	27.1138	
20	-34.36673	-99.63361	0	32.21211	21.36031	39.85378	18.38206	
21	-2.483978	-97.28931	0	29.63336	18.43167	40.6385	20.58048	
22	-4.359436	-97.05487	0	24.94471	10.97662	37.16008	19.28712	
23	-2.95282	-97.28928	0	23.30369	6.964504	34.52546	17.56696	
24	-2.249542	-97.52371	0	24.47585	3.286944	32.76884	16.70641	
25	-1.78067	-82.28564	0	22.36596	1.023452	31.55004	15.46049	
26	-1.546234	-62.82779	0	22.83482	-0.8555298	31.55906	12.6637	
27	-1.78067	-32.11719	0	21.42823	-3.082489	32.18378	10.25456	
28	-3.187256	-7.970703	0	21.89709	0.1867814	30.08757	7.084281	
29	-3.187256	5.626365	0	16.97402	0.7146752	27.70703	1.089583	
30	-2.95282	5.860794	0	19.55278	-2.009216	24.88908	-3.622406	
31	-2.718414	7.267387	0	19.08392	-2.184784	21.29481	-3.683044	
32	-2.95282	15.00365	0	20.95937	-1.976196	16.56808	-3.209167	
33	-4.593872	23.4432	0	38.7762	-2.512451	12.14445	-4.300659	
34	-3.890564	26.95968	0	56.82747	-2.311707	10.47344	-12.54013	
35	0.3292086	27.66297	0	58.23406	-0.3517151	9.837771	-14.04562	
36	1.032509	27.19411	0	58.23406	1.148613	8.567456	-10.78574	
37	1.266937	27.89741	0	51.20111	4.12904	9.208377	-5.39209	
38	1.501373	26.02195	0	51.90441	5.292723	9.091511	-0.7922363	
39	-0.1396484	26.72524	0	50.96668	5.27473	10.53973	0.1290225	
40	0.5636446	26.95968	0	51.43555	4.568525	11.93896	-2.299988	
41	0.09478021	27.19411	0	51.20111	2.37243	12.60311	-4.963806	
42	0.5636446	27.19411	0	48.8568	0.2849323	13.94276	-7.632477	
43	0.3292085	26.95968	0	-0.6083679	-1.743073	14.36193	-11.49823	
44	1.501374	26.25638	0	0.5637993	-3.020447	14.79198	-14.51456	
45	1.266937	26.49082	0	-0.6083679	-2.501434	17.01228	-14.89838	
46	2.204666	27.42854	0	2.439257	-1.957428	21.17279	-14.96048	
47	2.907959	27.19411	0	2.439257	-1.965607	23.17611	-12.80795	
48	2.204667	18.52013	0	2.673693	-3.109131	23.99372	-9.604126	
49	1.970238	5.1575	0	2.439257	-2.934235	24.36136	-6.298004	
50	0.09478039	1.641021	0	0.7982354	-1.88855	24.24078	-2.330231	
51	1.032509	2.109885	0	-0.6083679	-1.640839	23.44184	-1.037262	
52	2.673531	2.344313	0	-0.6083679	-0.862854	20.36991	-0.806366	
53	3.142395	5.1575	0	-0.6083679	-0.3338623	17.75664	-0.6698303	
54	3.142395	9.142844	0	-0.1394958	-0.3404846	15.88171	-0.648468	
55	1.970238	6.798522	0	1.735964	-0.5568542	15.71945	-0.7281189	
56	1.501374	8.908409	0	-0.1394958	-0.5888062	15.76826	-0.7309875	
57	2.204667	8.908409	0	0.09493485	-0.4229431	16.02611	-0.7617493	
58	1.970238	9.142844	0	-0.6083679	-0.5622253	15.8434	-0.6018677	
59	3.376824	10.78387	0	-0.6083679	-0.8234863	15.86211	-0.5668335	
60	3.142395	16.8791	0	-0.3739319	-0.832489	15.80523	-0.5575256	
61	3.142395	20.63001	0	1.032664	-0.7194824	15.56042	-0.5775146	
62	1.501374	24.38092	0	-0.1394958	-0.6743469	15.67817	-0.821991	
63	1.970238	24.84978	0	-0.3739319	-0.7061462	15.91253	-0.9518433	
64	2.439103	25.08422	0	-0.3739319	-0.6273804	16.03981	-1.040527	
65	2.439103	25.31865	0	-0.1394958	-0.4181213	16.29604	-1.109222	
66	2.204667	22.97433	0	-0.3739319	0.1647563	16.6294	-1.157562	
67	0.09478056	24.61535	0	1.032664	0.4412158	16.72421	-1.143555	
68	2.439103	26.02195	0	-0.6083679	0.5527159	16.3887	-1.180023	
69	3.142396	25.08422	0	-0.3739319	0.454037	16.32555	-1.168121	
70	2.439103	25.55309	0	-0.1394958	0.2391993	16.1176	-1.143219	
71	2.204667	25.31865	0	0.09493487	0.09452731	16.20016	-1.152527	
72	1.970239	23.4432	0	2.673693	0.3489581	16.23676	-1.196503	
73	-0.1396484	24.61536	0	0.5637991	0.5593637	16.22663	-1.185089	
74	1.970239	25.31865	0	-0.6083679	0.8730724	16.11002	-1.158539	
75	2.673531	25.78751	0	-0.3739319	0.823855	16.0697	-1.160461	
76	2.673531	26.02195	0	-0.6083679	0.6844314	16.08855	-1.127472	
77	3.142395	26.25638	0	-0.3739319	0.4859013	15.88041	-1.101715	
78	2.90796	24.14649	0	0.5637993	0.3770638	15.88339	-1.034241	
79	1.735803	25.31865	0	-0.3739319	0.04945781	15.69251	-1.014252	
80	2.439103	25.31865	0	-0.3739319	0.1234142	14.82251	-1.057556	
81	2.204667	24.84978	0	-0.6083679	0.5761335	11.92971	-0.8126831	
82	2.673532	25.31865	0	-0.1394958	0.6880255	9.533698	-0.6767578	
83	2.204667	23.91206	0	1.735964	0.5954493	6.863153	-0.5361328	
84	0.7980738	24.38092	0	1.032664	0.4792861	4.61263	-0.3972168	
85	1.501374	25.31865	0	0.09493478	0.2517575	4.127036	-0.3771057	
86	2.204667	25.55309	0	-0.3739319	0.4059677	4.012709	-0.3750305	
87	2.439103	25.08422	0	-0.6083679	0.5159404	3.72761	-0.4247742	
88	2.439103	25.31865	0	-0.3739319	0.4828852	3.849067	-0.4412231	
89	2.439103	22.7399	0	2.908121	0.4098788	3.856755	-0.4455566	


Angle MV instances
Rotate	93.4436	3.282043	9.377289	9.377258	26.72528	36.10251	31.88275	4.219772	2.109886	2.344322	
ChildRotate	89.78748	8.673981	2.344299	15.23807	19.45786	30.7106	24.14648	13.59707	7.736259	8.439553	3.516479	8.673979	13.36263	3.516479	2.813187	3.985344	2.344322	2.109887	6.09523	3.750916	3.750908	2.344315	2.109884	2.578749	
RotateInverse	
ChildRotateInverse	84.9593	3.047615	15.94137	11.7216	9.142853	8.673977	3.985344	2.578753	4.688646	2.109894	4.923073	2.57876	17.81683	18.05127	7.032955	2.344318	49.46516	2.578758	2.109894	3.282053	
Docking x	16.84939	3.006868	6.647993	12.30551	15.4662	11.6267	2.919609	12.03962	9.314438	7.707211	7.041824	7.450466	2.928642	7.45505	4.012114	3.67756	2.263493	2.226959	3.26927	2.980426	2.196096	2.087497	
Docking y	108.3024	9.340576	26.448	40.70203	30.07571	22.53772	14.63542	6.016743	2.776363	3.478424	2.634621	2.096203	2.380543	2.817949	3.594269	4.726728	4.423631	2.220304	4.160507	2.003323	3.071928	2.61327	2.892801	2.39601	2.670545	2.250524	
Docking z	83.83936	2.763489	4.507599	3.070435	4.463409	5.897278	6.855835	27.58295	41.22635	36.03793	23.04638	15.20261	2.864843	8.731739	2.19842	2.79679	2.409137	3.17028	5.994699	4.711988	8.239471	3.259888	5.393646	4.599854	2.42901	2.663818	2.668671	3.865753	3.016327	2.152527	3.203827	3.306122	3.967773	
Total MV Amount	1549.859


Angle TRE instances
Rotate	22	
ChildRotate	51	53	
RotateInverse	1	
ChildRotateInverse	44	
Docking x	25	38	40	
Docking y	85	
Docking z	30	34	38	42	50	
Total TRE Count	13


Correct Angles	Rotate	ChildRotate	RotateInverse	ChildRotateInverse	Docking x	Docking y	Docking z
	-4.866158E-24	-1.611493E-43	0	4.866158E-24	0	0	0

Angle Error	Rotate	ChildRotate	RotateInverse	ChildRotateInverse	Docking x	Docking y	Docking z
	0.1396484	25.31865	0	0.09493474	0.2718044	3.995831	0.4487

Time Taken	Hours	Minutes	Seconds	Milliseconds	Seconds float	Completion time
	0	0	5	299	5.299327	00h:00m:05s:299ms

Final Results	Tester Name	Time of Test	Dock Shape Style	Virtual Device Visible	Time Taken	Shape Precision %	Orientation Precision %	Overall Precision %	Efficiency %	Difficulty	Total MV	Total TRE	
	0	2018-11-22_11:44:15	ZEROING DATA	True	00h:00m:05s:299ms	96.45094	99.17694	97.59766	100	1.081368E-26	1549.859	13	
