
Angles Over Time
Frames	Rotate	ChildRotate	RotateInverse	ChildRotateInverse	Docking x	Docking y	Docking z	
0	0.6421515	2.109875	0	116.686	54.01784	104.8781	-178.2052	
1	1.57988	1.875447	0	116.4516	53.79834	104.2074	-178.2386	
2	1.57988	2.109875	0	116.2171	53.71736	104.3911	-177.9455	
3	1.814309	2.109875	0	116.686	53.69799	104.7708	-177.3928	
4	1.814309	2.109875	0	116.4516	53.94502	105.3037	-177.0706	
5	1.57988	1.641011	0	114.8105	54.99334	105.6236	-177.3906	
6	1.345444	2.109876	0	116.686	57.18973	106.9514	-177.9411	
7	1.57988	1.875447	0	116.686	62.48404	109.6662	-179.9952	
8	1.57988	1.875447	0	116.4516	72.50439	116.6123	178.1118	
9	1.57988	1.875447	0	115.2794	87.56233	-132.4013	-81.49011	
10	1.579881	2.109876	0	106.6054	67.67621	-62.01825	-21.81329	
11	1.579881	2.109876	0	96.056	48.75026	-54.40829	-22.68954	
12	1.345445	2.57874	0	82.22451	39.02669	-50.57925	-20.1492	
13	1.814309	2.813176	0	66.75201	29.55288	-46.98093	-14.59583	
14	1.814309	3.047605	0	52.45164	19.94654	-44.30383	-9.22995	
15	1.814309	2.813176	0	17.52128	11.09708	-43.00235	-4.929352	
16	1.579881	1.875447	0	18.92788	6.178972	-42.69095	-1.907898	
17	0.6421519	2.57874	0	1.814335	-1.100708	-42.07858	2.008525	
18	1.579881	2.813176	0	-0.2955627	-7.308319	-41.85263	3.336128	
19	1.814309	2.813176	0	-0.06112671	-7.748169	-41.71362	0.6664073	
20	2.283174	3.047604	0	9.316167	-4.53125	-40.7554	-3.297455	
21	2.517609	3.047604	0	20.5689	-1.934326	-40.53232	-2.529785	
22	2.517609	2.344312	0	21.50663	1.085644	-40.16858	-1.029999	
23	-4.984222	2.813176	0	18.22458	2.996636	-39.20825	2.659771	
24	-5.453064	-14.06592	0	13.77038	2.557207	-37.7074	2.319377	
25	-1.467743	-21.09888	0	8.378439	2.649723	-36.65698	3.456293	
26	3.220904	-20.86447	0	3.924231	2.007367	-36.96704	3.60152	
27	3.220904	-20.63004	0	3.455366	1.44118	-37.47632	3.581339	
28	2.283175	-15.2381	0	1.111044	1.41619	-38.15167	3.487903	
29	2.986476	-6.798553	0	-0.2955627	2.060911	-38.86728	3.432914	
30	3.220904	-2.578766	0	-0.2955627	2.086601	-39.84335	3.577234	
31	3.45534	-2.578766	0	4.158659	2.060107	-39.82712	3.629791	
32	3.45534	-2.34433	0	3.689794	2.452203	-39.83612	3.380316	
33	3.45534	-2.813202	0	0.8766152	2.187555	-39.81659	3.252313	
34	2.986476	-1.641022	0	-0.06112671	2.15844	-39.7821	3.116851	
35	3.220904	-0.7033081	0	-0.5299683	2.305559	-39.8103	3.039841	
36	3.45534	0.4688545	0	-0.06112671	2.344635	-40.10263	2.839759	
37	2.986476	0.7032828	0	-0.06112671	2.05747	-39.83774	2.893586	
38	3.68977	1.172147	0	-0.2955627	1.797058	-39.02423	2.903966	
39	3.455341	0.7032829	0	0.8766152	2.097262	-38.10995	2.858165	
40	2.75204	0.9377189	0	-0.2955627	2.505097	-37.92133	2.938955	
41	3.220905	0.9377189	0	-0.2955627	2.336982	-37.78104	2.974431	
42	3.220905	0.9377189	0	-0.2955627	2.289384	-37.9361	2.84215	
43	3.455341	1.172147	0	-0.2955627	2.344323	-38.64124	2.749701	
44	3.220905	0.2344185	0	1.111044	2.347362	-39.55765	2.738098	
45	2.517612	0.4688545	0	0.4077509	2.196891	-40.70718	2.872593	
46	2.986476	0.9377188	0	-0.2955627	1.822497	-39.7981	2.99052	
47	3.220905	1.172147	0	-0.2955627	1.33645	-38.2179	3.073802	
48	3.455341	0.9377188	0	-0.5299683	1.092077	-35.9621	3.040718	
49	3.455341	0.9377188	0	-0.2955627	1.000589	-34.97269	3.03242	
50	3.220905	0.2344184	0	1.111044	1.101089	-35.00034	3.039838	
51	2.752041	0.9377188	0	-0.5299683	1.158838	-35.06244	3.011099	
52	3.220905	0.7032829	0	-0.5299683	1.178107	-35.16812	2.978445	


Angle MV instances
Rotate	7.501832	3.985321	
ChildRotate	2.109875	16.87909	7.032959	5.391937	8.439545	4.219788	
RotateInverse	
ChildRotateInverse	116.686	8.673981	10.54945	13.83149	15.4725	14.30036	34.93036	17.11354	9.377294	11.25273	3.282051	4.4542	5.391936	4.454208	2.344322	4.454221	2.813179	
Docking x	54.01784	2.196384	5.294312	10.02036	15.05794	19.88612	18.92595	9.723564	9.473812	9.60634	8.849454	4.918113	7.27968	6.207611	3.216919	2.596924	
Docking y	104.8781	2.714813	6.946083	249.0136	70.38309	7.609955	3.829041	3.598328	2.677094	2.255798	
Docking z	178.2052	2.054077	259.6019	59.67682	2.540344	5.553375	5.365875	4.300598	3.021454	2.66972	3.963862	
Total MV Amount	1503.073


Angle TRE instances
Rotate	1	24	25	
ChildRotate	1	24	30	
RotateInverse	1	
ChildRotateInverse	18	20	26	
Docking x	20	
Docking y	
Docking z	16	
Total TRE Count	9


Correct Angles	Rotate	ChildRotate	RotateInverse	ChildRotateInverse	Docking x	Docking y	Docking z
	0	0	0	9.744806E-14	0	0	0

Angle Error	Rotate	ChildRotate	RotateInverse	ChildRotateInverse	Docking x	Docking y	Docking z
	3.220905	0.9377188	0	0.2955627	1.183876	35.16855	2.953479

Time Taken	Hours	Minutes	Seconds	Milliseconds	Seconds float	Completion time
	0	0	3	116	3.115605	00h:00m:03s:116ms

Final Results	Tester Name	Time of Test	Dock Shape Style	Virtual Device Visible	Time Taken	Shape Precision %	Orientation Precision %	Overall Precision %	Efficiency %	Difficulty	Total MV	Total TRE	
	0	2018-11-22_11:57:49	ZEROING DATA	True	00h:00m:03s:116ms	99.38136	92.94037	96.52698	100	1.082756E-16	1503.073	9	
