
Angles Over Time
Frames	Rotate	ChildRotate	RotateInverse	ChildRotateInverse	Docking x	Docking y	Docking z	
0	-99.18509	-130.1098	0	94.92462	6.799691	9.541404	150.9005	
1	-97.0752	-132.6885	0	95.62791	6.455889	9.266428	151.3985	
2	-98.24738	-132.923	0	95.39349	6.382894	9.193583	151.4518	
3	-97.7785	-132.2197	0	95.39349	6.400625	9.272141	151.4345	
4	-98.24738	-133.1574	0	95.39349	6.668414	9.723975	151.2301	
5	-97.7785	-128.4688	0	93.9869	8.106529	10.82833	149.9735	
6	-94.9653	-131.0475	0	94.92462	11.15849	12.87443	145.2852	
7	-97.30963	-132.923	0	95.39349	15.05869	15.77063	135.2797	
8	-97.7785	-134.7984	0	95.39349	21.69408	19.13455	117.3766	
9	-99.18509	-134.7984	0	93.04916	26.71545	19.57144	103.0693	
10	-99.18509	-133.3918	0	86.95393	31.92814	20.48824	92.72744	
11	-98.95065	-131.0475	0	86.25065	39.80236	19.07259	80.34615	
12	-96.84076	-133.1574	0	85.31291	46.93986	16.1997	68.51094	
13	-98.48178	-133.1574	0	61.86971	50.17762	12.94981	59.84138	
14	-98.24734	-132.923	0	39.59867	50.90988	9.923779	54.89356	
15	-98.01294	-132.923	0	-0.9580688	50.3042	8.301678	56.10577	
16	-98.24734	-127.7655	0	1.855116	45.67287	6.623182	52.30071	
17	-83.71259	-130.3442	0	0.6829591	40.57756	7.283389	40.47375	
18	-61.44153	-132.4541	0	-0.7236328	36.92173	7.612475	31.59643	
19	-37.76389	-133.6263	0	-0.4891968	33.90603	5.771276	16.36201	
20	-1.661377	-100.5714	0	-0.4891968	32.38607	4.468977	11.42099	
21	-1.426941	-73.37726	0	-0.7236328	31.84944	3.689295	6.206806	
22	-0.9580688	-36.57141	0	0.448523	31.14366	2.574801	0.6856303	
23	-2.130249	3.047587	0	-0.2547607	27.08996	2.034075	-8.016083	
24	-0.9580688	2.813151	0	-0.7236328	25.62606	1.464177	-10.42798	
25	-0.7236328	3.282015	0	-0.4891968	25.01632	0.9221647	-9.672363	
26	-0.7236328	3.282015	0	-0.2547607	20.40369	0.7285154	-8.402802	
27	-0.9580688	1.406557	0	0.448523	16.74112	0.6679005	-6.458893	
28	-2.364655	2.109858	0	0.682959	13.01317	0.5323163	-4.876862	
29	-0.9580688	3.282015	0	-0.7236328	11.0336	0.3658325	-3.292694	
30	-0.7236328	3.282015	0	-0.7236328	10.37912	0.2957287	-2.068329	
31	-0.02035522	3.047587	0	-0.2547607	10.85394	0.1371101	-0.8896179	
32	-0.7236328	3.047587	0	-0.7236328	11.35696	-0.01028442	-0.145752	
33	-0.4892273	1.406558	0	2.323981	11.89485	-0.107605	1.00903	
34	-2.130249	2.813151	0	0.2140945	12.26053	-0.2999268	2.827208	
35	-0.4892273	2.813151	0	-0.7236328	12.42487	-0.5579224	4.251969	
36	-0.4892273	3.516451	0	-0.7236328	12.74498	-0.9025574	5.111145	
37	-0.02035522	3.047587	0	-0.7236328	12.87799	-1.153503	5.426307	
38	0.2140864	3.516451	0	-0.7236328	12.74047	-1.197662	5.452019	
39	-0.02035522	2.344286	0	0.682959	12.32558	-1.191254	5.426194	
40	-1.192505	3.047586	0	-0.4891968	12.1387	-1.169952	5.327427	
41	-0.2547913	3.282015	0	-0.2547607	11.86337	-1.169922	5.319253	
42	-0.7236328	3.047586	0	-0.7236328	11.86234	-1.100739	5.239026	
43	-0.4892273	3.047586	0	-0.4891968	11.83107	-1.086823	5.173998	
44	-0.4892273	0.9376926	0	2.32398	11.74366	-1.090576	5.069715	


Angle MV instances
Rotate	99.18509	2.109894	2.813202	2.34433	2.109894	14.53476	22.27106	23.67764	36.10251	
ChildRotate	130.1098	2.578735	4.68866	2.578766	2.344315	2.109894	5.157516	2.578766	2.109879	33.05492	27.19409	36.80585	39.619	2.109894	
RotateInverse	
ChildRotateInverse	94.92462	2.344322	6.09523	23.4432	22.27104	40.55674	2.109886	
Docking x	6.799691	3.051959	3.900201	6.635393	5.021366	5.212688	7.87422	7.137505	3.237755	4.631325	5.095318	3.655823	3.015705	4.053705	4.612631	3.662565	3.727955	
Docking y	9.541404	2.046103	2.896197	3.363917	2.872898	3.249887	3.02603	
Docking z	150.9005	4.688263	10.00549	17.90311	14.30733	10.34184	12.38129	11.83521	8.669563	4.947815	3.805061	11.82695	8.877327	15.23442	4.941019	5.214188	5.521176	8.701714	2.411896	
Total MV Amount	1110.77


Angle TRE instances
Rotate	21	
ChildRotate	24	
RotateInverse	1	
ChildRotateInverse	16	
Docking x	
Docking y	21	
Docking z	28	36	
Total TRE Count	6


Correct Angles	Rotate	ChildRotate	RotateInverse	ChildRotateInverse	Docking x	Docking y	Docking z
	-1.467066E-11	-2.409704E-24	0	1.467066E-11	0	0	0

Angle Error	Rotate	ChildRotate	RotateInverse	ChildRotateInverse	Docking x	Docking y	Docking z
	2.599091	2.344286	0	0.9173871	11.44699	1.084717	4.813413

Time Taken	Hours	Minutes	Seconds	Milliseconds	Seconds float	Completion time
	0	0	2	652	2.651671	00h:00m:02s:652ms

Final Results	Tester Name	Time of Test	Dock Shape Style	Virtual Device Visible	Time Taken	Shape Precision %	Orientation Precision %	Overall Precision %	Efficiency %	Difficulty	Total MV	Total TRE	
	0	2018-11-14_19:30:44	ZEROING DATA	True	00h:00m:02s:652ms	99.186	98.90775	98.15826	100	3.260147E-14	1110.77	6	
