
Angles Over Time
Frames	Rotate	ChildRotate	RotateInverse	ChildRotateInverse	Docking x	Docking y	Docking z	
0	-1.210968	-0.234314	0	-0.2729492	0.004449008	0.2116821	0.06128655	
1	0.8764592	-3.213734E-09	0	-0.2957153	0.2771625	0.152412	0.07528186	
2	0.8764592	-3.213734E-09	0	-0.0612793	0.3382021	0.1601286	0.1046048	
3	0.8764592	0.2344284	0	-0.2957153	0.4015592	0.1102335	0.1117421	
4	0.8764592	0.2344284	0	-0.0612793	0.8220814	0.03462997	0.01477683	
5	0.4075948	-0.4688721	0	0.6420232	1.427796	-0.04452515	-0.04275513	
6	-0.0612793	-5.336041E-08	0	-0.2957153	3.055367	0.3360746	-0.2328186	
7	0.8764594	0.7032928	0	0.1731587	4.44095	1.210735	0.5173331	
8	1.110888	-5.335985E-08	0	-0.2957153	7.944022	2.2081	2.539407	
9	0.6420234	-5.335985E-08	0	-0.0612793	12.65267	2.456661	0.8063368	
10	0.6420234	-1.641022	0	14.70794	18.56442	0.1776406	-7.56308	
11	-0.9989929	-0.7033081	0	31.11818	24.97576	-5.644897	-16.62909	
12	0.6420233	-0.7033081	0	45.41854	30.19876	-13.6687	-25.43237	
13	0.6420233	-6.564087	0	54.32695	35.0224	-21.37891	-25.4534	
14	-11.54843	-9.84613	0	56.20241	37.09659	-23.40549	-19.56018	
15	-30.77185	-10.54944	0	56.20241	39.26047	-19.22131	-7.773438	
16	-46.00995	-16.41025	0	55.49911	41.51503	-14.06232	5.422593	
17	-59.60699	-22.03662	0	39.32331	43.72036	-9.228485	22.54849	
18	-71.79749	-33.99265	0	18.45885	44.67031	-3.861053	39.54701	
19	-81.87805	-51.80948	0	-0.0612793	43.57466	-1.241913	56.22501	
20	-90.552	-58.37357	0	0.4075854	42.89825	-0.3976746	62.99801	
21	-91.25531	-59.31131	0	2.517479	43.82623	0.3365229	63.04618	
22	-96.17841	-63.29663	0	0.8764501	42.07743	2.777652	72.52525	
23	-108.1344	-64.93765	0	-0.0612793	41.68328	4.110227	85.45088	
24	-113.2919	-65.17209	0	3.455209	40.20073	1.199942	84.60877	
25	-114.6985	-65.40652	0	8.847137	39.29398	-1.339783	83.35227	
26	-116.1051	-65.17209	0	8.847137	38.0603	-4.395416	83.00735	
27	-118.215	-64.93765	0	10.25373	36.39492	-2.832153	85.87097	
28	-116.1051	-64.93765	0	9.316004	37.02309	-1.895447	85.6606	
29	-117.0428	-65.17209	0	10.25373	38.29303	-2.109436	84.10297	
30	-117.2773	-64.93765	0	11.4259	40.41707	-1.490295	81.70515	
31	-117.2773	-64.93765	0	14.23908	40.80906	0.9547493	83.91821	
32	-117.0428	-64.46881	0	15.88011	42.31496	2.568734	82.82983	
33	-114.6985	-64.70325	0	19.39659	43.62801	4.463229	82.31921	
34	-116.574	-65.17212	0	18.69328	46.01172	5.826695	81.94989	
35	-117.2773	-68.21973	0	21.03761	46.38124	6.869578	79.58478	
36	-118.215	-76.89371	0	21.03761	45.6785	6.198159	75.61008	
37	-118.215	-90.49078	0	21.50647	45.51743	6.094736	73.6349	
38	-116.1051	-92.36621	0	28.07057	46.80861	9.864042	76.62342	
39	-111.182	-95.64825	0	37.21341	45.47603	10.26871	73.61137	
40	-110.2443	-108.0732	0	63.4698	45.86593	10.80715	63.18285	
41	-94.77179	-112.9962	0	66.75185	47.26345	12.10774	54.86414	
42	-93.3652	-122.3735	0	67.68958	46.77416	9.110331	50.14601	
43	-93.3652	-130.8131	0	67.92401	46.54863	8.565343	50.90403	
44	-93.59964	-131.0475	0	69.56504	48.07704	7.541503	50.61406	
45	-92.42749	-132.923	0	73.55038	50.1636	4.785601	48.29781	
46	-93.3652	-132.6885	0	0.1731719	51.29047	4.817258	49.98351	
47	-95.94397	-132.923	0	78.94231	49.95758	4.311286	49.72112	
48	-97.8194	-132.923	0	77.06686	48.29391	5.882688	51.49883	
49	-98.52271	-129.1721	0	78.70789	47.01453	4.969988	50.92202	
50	-97.35056	-131.5164	0	77.53574	46.58693	3.746287	51.00331	
51	-100.1637	-132.923	0	73.78482	45.80881	2.853731	50.33551	
52	-99.92929	-134.0951	0	78.23903	45.44077	3.879847	51.71993	
53	-100.867	-133.8607	0	78.7079	44.67463	5.261642	52.42937	
54	-100.867	-133.8607	0	79.17677	44.74825	6.365201	53.56807	
55	-101.1014	-131.7508	0	80.34893	45.7207	7.365605	54.22615	
56	-99.46042	-132.6885	0	81.28667	46.37953	7.491074	53.4169	
57	-100.3982	-132.923	0	81.28667	46.4795	8.012841	53.28734	
58	-100.3982	-132.923	0	81.05223	46.34158	8.353761	53.18371	
59	-100.3982	-132.923	0	81.05223	46.63515	7.505538	51.90023	
60	-100.3982	-130.1098	0	80.8178	46.615	7.764277	51.76972	
61	-98.75714	-131.9852	0	81.28667	47.17811	7.387575	48.72659	
62	-94.06848	-132.923	0	87.38191	46.08106	3.304105	35.24552	
63	-66.17108	-134.0951	0	98.16579	44.48962	1.61778	21.91565	
64	-43.90005	-133.8607	0	115.5138	44.46459	5.449472	15.61475	
65	-39.68027	-129.1721	0	128.1731	47.14528	8.765409	12.17405	
66	-34.99164	-113.934	0	137.7848	47.38388	6.707753	9.483632	
67	-34.05389	-102.4468	0	140.1291	44.90531	3.621821	5.5543	
68	-37.1015	-93.53839	0	140.8324	46.44432	5.697836	17.10914	
69	-61.48245	-90.25635	0	140.8324	49.09889	4.123772	21.37042	
70	-80.23703	-90.02191	0	140.8324	51.80565	4.268051	31.9897	
71	-91.95862	-95.64828	0	138.7225	52.77923	4.24043	40.11633	
72	-96.17841	-109.2453	0	139.4258	51.49015	3.289878	46.71399	
73	-98.05383	-110.1831	0	140.8324	51.22464	3.821205	49.54862	
74	-98.99158	-111.3552	0	140.8324	50.56596	6.182029	51.64264	
75	-99.22601	-112.0585	0	140.8324	49.77105	8.34513	52.60746	
76	-99.46045	-111.8241	0	141.0669	49.1352	8.460474	50.92534	
77	-99.46045	-109.9486	0	139.8947	49.38103	8.213151	50.33935	
78	-98.05383	-111.3552	0	140.598	50.52452	6.098639	47.05348	
79	-98.75714	-110.8864	0	141.0669	47.1856	6.238521	46.14068	
80	-98.99158	-111.3552	0	140.598	42.5802	8.981492	50.05851	
81	-98.52271	-111.3552	0	140.8324	39.27432	9.73643	52.82095	
82	-98.52271	-109.0109	0	138.7225	38.81551	6.826507	53.59095	
83	-97.11612	-110.4175	0	139.6603	39.08316	5.107821	55.67499	
84	-98.28827	-111.5897	0	140.8324	39.81023	5.600597	58.84175	
85	-98.75714	-112.0585	0	141.0668	39.82397	5.120216	59.24248	
86	-99.46045	-112.0585	0	141.0668	39.09636	5.597957	60.56516	
87	-99.46045	-111.3552	0	141.0668	37.81532	7.823885	62.06069	
88	-99.69485	-110.183	0	138.0192	37.71407	9.086332	63.45167	
89	-98.05383	-111.3552	0	140.8324	39.33173	9.015486	64.94065	
90	-98.52271	-111.3552	0	140.8324	40.27907	9.148955	66.67168	
91	-98.52271	-112.0585	0	141.0668	40.90514	9.86692	68.27438	
92	-99.46042	-112.0585	0	141.0668	41.63091	11.00154	70.58625	
93	-99.46042	-112.0585	0	141.0668	42.02075	11.23525	71.61295	
94	-99.46042	-110.183	0	140.1291	41.95199	9.440012	71.1806	
95	-98.28827	-111.3552	0	140.8324	41.05585	7.751369	71.93492	
96	-98.75714	-111.3552	0	141.0668	39.04747	7.688139	73.404	
97	-98.99158	-111.3552	0	140.598	37.11772	8.285374	74.66107	
98	-98.75714	-111.3552	0	140.598	36.64856	8.56264	75.60216	
99	-98.75714	-108.3076	0	138.2537	36.707	8.701501	76.51748	
100	-96.88168	-110.6519	0	140.1291	36.67371	8.58534	77.13498	
101	-98.75714	-111.5896	0	140.598	36.62135	8.592232	78.25581	
102	-98.75714	-111.8241	0	141.0668	36.29324	8.864827	79.10022	
103	-99.46042	-112.0585	0	140.598	36.30772	8.943548	79.49072	
104	-99.22598	-112.0585	0	140.8324	36.65754	8.857951	79.94688	
105	-99.22598	-109.9486	0	140.1291	36.86494	8.797028	79.78226	
106	-98.28827	-111.5896	0	140.598	36.96553	9.048038	80.5075	
107	-98.75711	-111.1208	0	141.0668	37.1216	9.452356	80.13195	
108	-98.99155	-111.3552	0	140.8324	37.42046	10.32586	78.48908	
109	-98.75711	-111.3552	0	140.598	37.39389	12.79076	77.40466	
110	-98.75711	-109.0109	0	138.2537	37.02678	15.03237	75.56992	
111	-96.88165	-110.4175	0	140.1291	36.91985	16.03732	74.60758	
112	-98.28824	-111.1208	0	141.0668	37.55471	15.04063	74.10495	
113	-98.99155	-112.0585	0	140.8324	37.90522	13.95877	73.83079	
114	-99.46039	-112.0585	0	140.8324	37.88867	13.10565	73.98124	
115	-99.22595	-111.1208	0	141.0668	37.90198	12.00836	73.84649	
116	-98.99152	-109.4797	0	138.2537	38.30658	10.6845	72.79066	
117	-97.58493	-111.3552	0	140.8324	38.37571	9.700962	71.8879	
118	-98.99152	-111.3552	0	140.8324	38.16816	9.07053	71.82487	
119	-98.75708	-111.8241	0	141.0668	37.96285	9.083043	71.70557	
120	-99.46039	-111.8241	0	140.8324	37.85019	8.889329	71.35312	
121	-99.46039	-111.1208	0	141.0669	37.70414	8.446948	71.16518	
122	-99.46039	-110.4175	0	139.4258	37.51635	7.697629	70.56055	
123	-98.0538	-111.3552	0	141.0668	37.19972	7.571283	71.20087	


Angle MV instances
Rotate	12.19045	19.22342	15.2381	13.59705	12.19049	10.08057	8.67395	4.923096	11.95602	5.157501	2.109879	2.109879	2.34433	2.109879	4.92308	15.47253	2.578766	2.813171	4.68866	27.8974	22.27103	4.219788	4.688629	3.047607	24.38095	18.75458	11.72159	4.219788	
ChildRotate	5.860779	3.282043	5.860809	5.626373	11.95602	17.81683	6.564087	3.985321	3.047607	8.673981	13.59708	3.282043	12.42491	4.92308	9.377274	8.439545	3.750916	2.344315	2.109909	2.813187	4.688644	15.23807	11.48718	8.908417	3.282043	5.626373	13.59705	2.34433	3.047607	2.34433	2.109894	2.344299	
RotateInverse	
ChildRotateInverse	14.76922	16.41024	14.30036	8.908417	16.17581	20.86445	18.52013	2.109894	3.516488	5.391929	2.81318	3.516479	2.344322	6.564095	9.142845	26.25639	3.282047	3.985344	73.37721	78.76914	3.750916	4.454208	6.095245	10.78388	17.34796	12.65934	9.61171	2.34433	2.109894	2.109894	3.047623	2.813202	2.344299	2.344299	2.813171	2.578751	
Docking x	3.503072	4.708646	5.911755	6.411341	5.222996	4.823645	2.074184	2.163883	2.254555	2.20533	2.124039	2.383709	2.086563	2.680683	2.478573	2.654575	2.706757	3.338921	4.605396	3.305882	2.008389	
Docking y	2.279021	5.822538	8.023804	7.710205	2.026581	4.184174	5.158997	4.833832	5.367432	2.619141	2.441129	2.910285	3.055634	3.769306	2.99741	2.755902	4.08347	3.831692	3.315937	2.057655	3.085932	2.076015	2.360824	2.163101	2.114511	2.742971	2.909923	2.225928	2.464905	2.241606	
Docking z	2.022074	8.369416	9.06601	8.803284	5.893219	11.78674	13.19603	17.1259	16.99852	16.678	6.773003	9.479076	12.92563	2.863617	2.39782	2.213058	2.365112	3.974701	2.988518	3.012054	10.42852	8.31871	4.718128	2.316257	3.043133	13.48106	13.32987	6.300898	3.440706	2.690413	3.929332	11.55484	4.261274	10.61928	8.126625	6.59766	2.834633	2.094021	3.285866	3.917831	2.762444	2.084038	3.166759	2.311867	
Total MV Amount	1370.391


Angle TRE instances
Rotate	21	22	41	47	62	63	71	72	
ChildRotate	38	39	68	71	
RotateInverse	1	
ChildRotateInverse	
Docking x	
Docking y	1	11	18	34	45	48	49	53	62	64	67	68	69	74	
Docking z	1	10	
Total TRE Count	26


Correct Angles	Rotate	ChildRotate	RotateInverse	ChildRotateInverse	Docking x	Docking y	Docking z
	-90	-90	0	150	90	0	0

Angle Error	Rotate	ChildRotate	RotateInverse	ChildRotateInverse	Docking x	Docking y	Docking z
	8.991516	21.35519	0	8.933136	53.05611	7.620364	71.24122

Time Taken	Hours	Minutes	Seconds	Milliseconds	Seconds float	Completion time
	0	0	7	309	7.308545	00h:00m:07s:309ms

Final Results	Tester Name	Time of Test	Dock Shape Style	Virtual Device Visible	Time Taken	Shape Precision %	Orientation Precision %	Overall Precision %	Efficiency %	Difficulty	Total MV	Total TRE	
	0	2018-11-14_19:24:28	Ltd Random	False	00h:00m:07s:309ms	94.54446	85.396	86.4129	84.12752	0.4666667	1370.391	26	
