
Angles Over Time
Frames	Rotate	ChildRotate	RotateInverse	ChildRotateInverse	Docking x	Docking y	Docking z	
0	-95.01291	-104.3223	0	132.8551	56.10288	-10.48355	-59.0527	
1	-91.9653	-107.8387	0	135.9027	56.1283	-10.24881	-58.95413	
2	-94.7785	-108.0732	0	136.1372	56.52679	-9.14624	-57.34369	
3	-95.24734	-109.0109	0	136.606	57.22686	-8.09613	-54.83014	
4	-95.95065	-109.0109	0	136.1372	57.56781	-6.018494	-51.12042	
5	-95.95065	-109.0109	0	136.8405	57.3871	-1.009735	-44.08054	
6	-96.18506	-105.9633	0	135.1994	56.68846	9.097314	-29.68567	
7	-93.84076	-108.3076	0	136.606	52.65267	22.91534	-6.097412	
8	-95.01291	-107.8387	0	136.8405	46.71712	32.53945	16.47207	
9	-95.48178	-107.8387	0	136.8405	37.23529	37.611	33.87371	
10	-95.48178	-107.3699	0	137.0749	27.21423	41.60229	41.5159	
11	-95.48178	-103.8534	0	133.324	19.60909	40.08024	48.60524	
12	-91.9653	-106.1977	0	135.1994	18.27319	30.61624	52.59912	
13	-94.0752	-108.0732	0	137.0749	16.54642	19.25593	59.06524	
14	-95.24734	-108.7765	0	136.8405	13.8447	6.881065	67.26686	
15	-96.18509	-107.8387	0	137.0749	10.63365	0.4257735	76.2018	
16	-96.18509	-109.4798	0	137.5438	4.502131	1.048809	83.93762	
17	-96.65393	-107.1354	0	135.4339	3.807502	-5.041718	88.32629	
18	-94.0752	-108.7765	0	137.7782	1.862391	-8.395508	91.54086	
19	-95.95065	-108.3076	0	137.5438	-2.197174	-9.92511	95.70332	
20	-95.95065	-108.542	0	137.0749	-2.361511	-14.2966	102.7739	
21	-95.48178	-108.542	0	137.5438	0.2932657	-14.17517	106.5483	
22	-95.95065	-103.619	0	133.0895	1.423581	-12.32483	106.849	
23	-92.19974	-107.3699	0	135.6683	3.331502	-10.6554	103.891	
24	-95.01294	-108.542	0	137.5438	3.359977	-8.428009	104.906	
25	-95.95065	-109.4797	0	137.5438	3.977783	-8.878967	105.9176	
26	-96.65396	-107.3699	0	137.5438	5.030899	-7.746643	107.2282	
27	-96.41953	-88.84973	0	137.5438	3.544041	-7.222351	99.67966	
28	-96.18509	-57.90469	0	135.4339	-0.1192627	-7.352722	88.30202	
29	-93.84076	-15.4725	0	137.5438	-2.794006	-7.146973	74.97274	
30	-95.71622	-1.17218	0	137.3093	-3.692566	-6.833954	67.15564	
31	-95.01294	-0.234436	0	136.606	-2.78894	-7.094177	64.32482	
32	-91.73087	-0.234436	0	137.0749	-2.991455	-6.617096	58.35453	
33	-76.02393	-1.641022	0	132.3862	-5.060211	-7.124603	40.32218	
34	-42.50015	0.234428	0	134.965	-6.974304	-8.923065	5.739095	
35	0.6353351	0.7032924	0	136.3716	-5.520966	-10.88675	-12.00604	
36	1.338628	0.9377284	0	136.606	-3.583923	-11.03006	-12.58093	
37	1.807492	1.406593	0	136.606	-3.816803	-12.57486	-11.93869	
38	1.573064	1.172157	0	134.2617	-3.017334	-13.38953	-12.11685	
39	1.573064	0.234428	0	102.379	-2.617859	-13.6189	-10.49353	
40	0.6353351	0.7032924	0	68.3863	-2.942047	-14.7677	-4.629578	
41	1.338628	0.7032924	0	34.39367	-3.682587	-15.55215	5.422889	
42	1.104199	0.7032924	0	5.558526	-3.779266	-16.20276	13.71624	
43	0.8697634	0.7032924	0	-0.06784058	-2.238159	-16.79428	15.69464	
44	1.338628	-0.7033081	0	2.042048	0.935531	-17.48727	14.53168	
45	-0.06796265	-0.234436	0	0.8698902	3.160623	-18.39468	13.29715	
46	1.338628	0.4688638	0	-0.3022766	4.855093	-18.87473	11.66842	
47	2.041929	1.172157	0	-0.3022766	8.09977	-17.89233	10.15794	
48	2.745221	0.9377283	0	-0.3022766	10.64891	-16.23654	8.600794	
49	2.745221	0.7032924	0	-0.3022766	12.53387	-14.0665	6.994855	
50	2.979657	-4.68798E-07	0	1.104319	14.03525	-11.67737	5.018867	
51	1.573064	0.4688639	0	-0.06784058	15.27983	-9.934448	3.172071	
52	2.510793	0.7032923	0	0.1665898	16.2584	-8.038086	1.375885	
53	2.276357	0.7032923	0	-0.06784058	16.28832	-6.458923	0.1663014	
54	2.510793	0.7032923	0	-0.3022766	15.76827	-5.450989	-0.4941711	
55	2.510793	-0.4688721	0	-0.06784058	15.19921	-4.958405	-0.4136353	
56	1.1042	0.2344279	0	1.104319	14.70186	-4.402069	-0.4957581	
57	1.807492	0.468864	0	-0.7711182	14.25029	-3.469543	-0.3999329	
58	2.510793	1.172157	0	0.1665897	13.67828	-2.050018	-0.2168884	
59	2.745221	0.7032924	0	-0.06784058	13.18235	-0.6572571	0.1680001	
60	2.510793	0.7032924	0	-0.3022766	12.99347	0.232982	0.3287618	
61	2.510793	-0.9377441	0	2.979776	12.64321	0.6408777	0.3514835	
62	0.8697637	0.7032924	0	0.8698901	12.50285	0.8491622	0.2867719	
63	2.510793	0.7032924	0	-0.06784058	12.36101	0.96477	0.1316857	
64	2.510793	0.7032924	0	-0.3022766	11.96496	1.035564	0.1122274	
65	2.979657	0.9377284	0	-0.3022766	11.38457	0.8969509	0.07909914	
66	2.276357	0.7032925	0	-0.06784058	10.74553	0.7389991	0.3247288	
67	2.745221	-0.7033081	0	1.807619	10.47398	0.7203361	0.4652759	
68	1.338628	0.7032925	0	0.1665896	10.43306	0.7422553	0.3410206	
69	2.276357	0.7032925	0	-0.06784058	10.59551	0.5493386	0.09344695	
70	2.510793	1.172157	0	-0.3022766	10.63369	0.6121857	0.1443187	
71	2.979657	1.172157	0	-0.3022766	10.59616	0.6297174	0.2301593	
72	2.979657	1.406593	0	-0.06784058	10.5692	0.6859749	0.1865668	
73	2.979657	0.234428	0	1.338755	10.57017	0.6986801	0.154911	
74	1.573064	0.7032924	0	-0.3022766	10.45089	0.6331439	-0.00769043	
75	2.510793	0.7032924	0	-0.3022766	10.42149	0.6165805	-0.04888916	
76	2.510793	0.7032924	0	-0.3022766	10.59476	0.7061783	-0.0453186	
77	2.510793	0.9377284	0	-0.06784058	10.49058	0.7929694	-0.2095337	
78	2.510793	-0.4688721	0	2.510912	10.48129	0.7877319	-0.3326721	
79	1.1042	0.2344279	0	1.338755	10.46165	0.7724264	-0.4190369	
80	1.807492	0.9377284	0	-0.06784058	10.39409	0.7646347	-0.3828125	
81	2.276357	1.172157	0	-0.3022766	10.29922	0.762664	-0.3480835	
82	2.979657	0.7032925	0	-0.06784058	10.21883	0.7877669	-0.2980957	
83	2.745222	0.7032925	0	-0.3022766	10.25698	0.7759653	-0.2724304	
84	2.510793	-0.7033081	0	2.510912	10.31994	0.8014915	-0.2682495	
85	1.1042	0.7032925	0	0.6354542	10.43948	0.7664209	-0.3495178	


Angle MV instances
Rotate	95.01291	3.047607	2.813202	2.344299	3.516479	2.109894	2.578735	3.750916	2.813202	2.34433	3.282074	15.70694	33.52377	43.13549	
ChildRotate	104.3223	3.516464	3.047623	2.344315	3.516479	2.344299	2.344315	4.923065	3.7509	2.109863	18.52014	30.94504	42.43219	14.30032	
RotateInverse	
ChildRotateInverse	132.8551	3.047623	3.750916	2.109894	2.344315	4.454224	2.578766	2.109894	2.109894	4.688644	2.578766	2.344315	31.88275	33.99265	33.99263	28.83514	5.626367	3.282053	2.109886	2.578753	2.813189	
Docking x	56.10288	4.035789	5.935547	9.481831	10.02106	7.605139	2.701725	3.211041	6.131524	2.654777	3.663304	2.674744	2.068756	2.225092	3.244677	2.549145	
Docking y	10.48355	2.077637	5.008759	10.10705	13.81803	9.624111	5.071545	3.991299	9.463997	11.36032	12.37486	6.455291	6.090527	3.35379	4.37149	2.227386	2.170044	2.38913	
Docking z	59.0527	2.51355	3.709717	7.039886	14.39487	23.58826	22.56948	17.40164	7.642181	7.089344	3.993881	6.466114	8.201626	8.934937	7.735825	4.388672	3.214561	4.162468	7.070534	3.774414	2.958023	7.548546	11.37765	13.32928	7.817101	2.830818	5.970287	18.03236	34.58308	17.74514	5.863953	8.293354	
Total MV Amount	1368.523


Angle TRE instances
Rotate	36	
ChildRotate	31	
RotateInverse	1	
ChildRotateInverse	44	
Docking x	17	26	27	33	36	47	
Docking y	15	17	55	
Docking z	51	
Total TRE Count	13


Correct Angles	Rotate	ChildRotate	RotateInverse	ChildRotateInverse	Docking x	Docking y	Docking z
	-7.547545E-23	0	0	9.100014E-23	0	0	0

Angle Error	Rotate	ChildRotate	RotateInverse	ChildRotateInverse	Docking x	Docking y	Docking z
	2.510793	0.7032925	0	0.3022766	10.43276	0.7706999	0.4750061

Time Taken	Hours	Minutes	Seconds	Milliseconds	Seconds float	Completion time
	0	0	5	64	5.063958	00h:00m:05s:064ms

Final Results	Tester Name	Time of Test	Dock Shape Style	Virtual Device Visible	Time Taken	Shape Precision %	Orientation Precision %	Overall Precision %	Efficiency %	Difficulty	Total MV	Total TRE	
	0	2018-11-14_19:31:29	ZEROING DATA	True	00h:00m:05s:064ms	99.51162	99.76931	98.79406	100	1.849729E-25	1368.523	13	
