
Angles Over Time
Frames	Rotate	ChildRotate	RotateInverse	ChildRotateInverse	Docking x	Docking y	Docking z	
0	2.519167	-4.68866	0	104.0283	-11.68622	6.246292	97.60569	
1	-0.7628784	-2.34433	0	102.8561	-11.70947	5.9744	98.04394	
2	1.581438	-1.406586	0	103.0906	-11.67044	5.793324	98.22684	
3	1.581438	-1.875458	0	102.8561	-11.66388	5.722785	98.4528	
4	1.815867	-2.34433	0	102.8561	-11.51178	5.381845	98.61028	
5	1.815867	-6.798523	0	104.2627	-10.78595	4.917993	98.6679	
6	-4.74823	-4.454224	0	103.7939	-10.26147	4.485063	98.12747	
7	-0.5284424	-1.17218	0	102.6217	-9.594116	3.939001	96.44247	
8	1.112574	0.4688624	0	91.60339	-9.74826	2.934343	93.78553	
9	2.988031	-2.34433	0	82.2261	-11.66675	-0.2757568	89.33337	
10	2.284731	-1.17218	0	81.75726	-14.68622	-8.903412	82.22897	
11	1.815867	-6.564117	0	85.97704	-18.20364	-16.03247	72.88049	
12	-4.982666	-1.406586	0	82.92942	-23.61237	-20.81964	62.69029	
13	1.815866	-2.34433	0	81.75726	-25.24945	-23.01257	51.03302	
14	2.050303	-1.17218	0	73.78658	-24.80975	-19.95172	51.40446	
15	3.456896	0.4688621	0	69.33237	-25.66061	-18.85956	52.43333	
16	3.691324	-1.17218	0	69.56681	-29.13565	-19.13882	47.27862	
17	3.456896	-4.219788	0	70.9734	-32.31256	-21.22202	38.00468	
18	-0.5284424	-0.9377441	0	69.56682	-32.39374	-18.84372	29.87222	
19	1.347002	-2.109894	0	60.6584	-31.41595	-17.42966	22.27686	
20	1.815866	-1.17218	0	1.815963	-32.27042	-17.13278	18.16932	
21	1.112574	-2.109894	0	1.11267	-35.72806	-16.32529	13.67994	
22	2.050303	-6.798523	0	8.380066	-40.11542	-15.0827	9.48632	
23	-3.57605	-3.750916	0	4.394722	-36.13867	-13.46097	7.799473	
24	-0.2940063	-1.406586	0	1.347099	-33.03015	-14.11481	7.150298	
25	1.815866	-1.17218	0	1.581535	-28.42487	-14.57507	7.814091	
26	3.222459	0.468862	0	1.347099	-20.93036	-12.94702	7.790451	
27	3.92576	0.2344259	0	2.050399	-16.1987	-10.30997	5.890148	
28	2.988031	-3.985352	0	4.160286	-13.56122	-7.94989	3.049291	
29	-0.5284424	-2.34433	0	1.112671	-10.26804	-6.27243	2.594928	
30	1.815867	-1.406586	0	1.347099	-7.640381	-5.256989	-0.5228882	
31	1.815867	-2.109894	0	1.11267	-6.0979	-3.873383	-2.694702	
32	2.050303	-1.641022	0	1.347099	-3.339935	-2.084076	-4.417755	
33	2.284732	-6.329681	0	4.863585	-1.754333	-0.03909302	-6.493408	
34	-3.341644	-3.750916	0	4.863585	1.145818	1.499647	-8.861816	
35	-0.2940063	-0.9377441	0	1.347099	3.68767	3.11813	-11.17596	
36	2.284731	-1.17218	0	1.347099	6.687317	4.069985	-12.02319	
37	4.160189	0.4688613	0	1.347099	9.149261	4.985039	-11.94821	
38	3.92576	-0.9377441	0	1.347099	11.16121	5.837317	-10.84946	
39	3.92576	-7.970703	0	9.317788	11.97574	6.633887	-9.000946	
40	-0.5284424	-1.17218	0	2.050401	11.72608	7.005766	-8.032379	
41	2.050303	-0.9377441	0	1.3471	11.08898	7.229445	-7.006989	
42	2.284731	0.4688607	0	1.112672	10.90316	7.125781	-6.127472	
43	4.394625	-0.234436	0	0.8782358	10.64259	7.198802	-5.436798	
44	4.394625	0.703289	0	1.112672	10.12816	7.337249	-4.451599	
45	4.394625	-3.516479	0	3.691422	9.515012	7.149321	-3.292175	
46	-0.05957031	-1.406586	0	0.8782351	9.186693	6.887729	-2.712769	
47	2.519167	-0.9377441	0	1.815964	9.112922	6.87707	-2.281952	
48	1.581438	-1.641022	0	1.112671	9.120519	6.741668	-1.875061	
49	2.519167	-1.17218	0	0.8782352	8.398914	6.420641	-1.865631	
50	2.519168	-7.501831	0	7.911201	7.537374	5.820922	-1.036011	
51	-4.279358	-4.219788	0	3.691422	7.215724	5.373134	-0.3217773	
52	-0.05957031	-1.875458	0	0.8782349	7.35281	4.694211	0.1316516	
53	2.988032	-0.9377441	0	1.347099	7.600158	4.007803	0.7578046	
54	1.815868	-0.9377441	0	0.8782348	7.712072	3.513107	1.150002	
55	2.519168	-0.9377441	0	1.815964	7.574348	3.325688	1.519774	
56	1.581439	-6.329681	0	8.614496	7.571852	3.253161	1.767086	
57	-3.810486	-2.813202	0	3.691423	7.557435	3.222202	2.010956	
58	1.815868	-0.9377441	0	1.112672	7.641726	3.022944	2.078782	
59	2.284733	0.4688603	0	0.878236	7.997204	2.858488	2.378262	
60	4.394627	-0.234436	0	0.878236	8.136361	2.537131	2.389937	
61	4.863483	-0.9377441	0	1.3471	8.072186	2.106285	2.412086	
62	2.284733	-6.329681	0	7.911202	7.833722	1.577165	2.396741	
63	-0.7628784	-2.109894	0	0.6438079	7.659234	1.160959	2.212378	
64	2.753597	-1.641022	0	0.6438079	7.51	0.5458784	1.631447	
65	2.753597	0.9377246	0	1.112672	7.837641	0.2955899	0.8333966	
66	4.160191	0.9377246	0	1.581537	7.66152	0.4435218	0.6348118	
67	3.691326	0.9377246	0	0.6438078	7.358751	0.4362341	0.03016915	
68	4.629055	-3.047607	0	4.160287	6.856812	0.4040522	-0.83078	
69	-0.05957031	-1.406586	0	0.4093796	7.004017	0.6845372	-1.521606	
70	2.988033	-0.9377441	0	0.4093796	7.197759	1.397636	-2.284668	
71	2.988033	-1.17218	0	0.643808	7.600657	2.162674	-3.263092	
72	2.988033	-0.9377441	0	1.347101	7.992445	2.470729	-4.079041	
73	2.284733	-5.860809	0	6.739038	8.408331	2.942461	-4.708527	
74	-1.935028	-3.047607	0	3.925859	8.427831	3.076119	-5.010956	
75	0.8781388	-0.234436	0	1.112673	8.311773	3.160384	-5.233948	
76	2.519168	-0.7033081	0	0.8782365	8.331412	3.355002	-5.368469	
77	2.988032	-1.406586	0	0.6438081	8.362607	3.497552	-5.427246	
78	2.988032	-1.17218	0	0.4093798	8.469408	3.643514	-5.581665	
79	2.988032	-6.095245	0	8.848932	8.540999	3.828316	-5.68576	
80	-4.279358	-1.406586	0	3.222559	8.719082	3.9025	-5.523743	
81	2.519169	-0.4688721	0	0.174944	8.671811	4.055518	-5.463043	
82	3.456897	-1.406586	0	0.174944	8.608229	4.207929	-5.522156	
83	2.988033	-0.4688721	0	0.40938	8.639238	4.28818	-5.482788	
84	2.988033	-0.4688721	0	0.8782368	8.602957	4.418476	-5.569885	
85	2.753597	-6.798523	0	7.442339	8.314896	4.579933	-5.605133	
86	-2.4039	-1.406586	0	2.519266	8.277419	4.65171	-5.609589	
87	3.456897	-1.641022	0	0.4093796	8.347345	4.778184	-5.33963	
88	3.456897	-0.4688721	0	1.581537	8.457055	4.797911	-5.257904	
89	2.519168	-0.7033081	0	0.6438078	8.699337	4.997386	-5.571533	
90	3.456897	-0.9377441	0	0.4093795	8.704162	5.17792	-5.805847	
91	3.456897	-5.860809	0	7.676766	8.796103	5.173835	-5.678711	
92	-1.935028	-0.9377441	0	3.222558	8.773335	5.245825	-5.74295	
93	2.753597	-0.4688721	0	0.6438075	8.755916	5.364397	-5.704651	
94	3.222461	-0.4688721	0	0.4093792	8.763653	5.424478	-5.441437	
95	5.332347	-1.406586	0	0.4093792	8.704853	5.625648	-5.010284	
96	3.456897	-0.4688721	0	1.112672	8.483831	6.011052	-4.093536	
97	2.988033	-5.860809	0	7.676765	8.047668	6.115817	-2.927582	
98	-2.638336	-0.9377441	0	3.691422	7.557295	6.080016	-2.201019	
99	2.753597	-0.4688721	0	0.409378	7.513573	6.06111	-1.764191	
100	3.222461	-1.406586	0	0.174942	7.658517	5.912523	-0.9167175	
101	3.456897	0.2344233	0	0.409378	8.229148	5.60396	0.04086911	
102	5.097919	-0.7033081	0	0.409378	8.784276	5.18525	0.7348508	
103	3.691325	-6.329681	0	5.332444	9.116465	4.965643	0.9518123	
104	-1.700623	-0.7033081	0	1.347099	9.400043	4.653877	1.053856	
105	3.222461	-0.4688721	0	0.1749421	9.40149	4.599644	1.048871	
106	2.988032	1.172153	0	0.4093782	9.244878	4.591682	1.21348	
107	5.097919	0.2344236	0	0.4093782	9.192255	4.517329	1.288252	
108	5.097919	-0.4688721	0	0.8782349	9.091648	4.508245	1.236496	
109	2.988033	-5.860809	0	7.676765	9.038558	4.537703	1.224779	
110	-2.638336	-0.4688721	0	1.581535	8.970125	4.563736	1.063932	
111	2.753596	-0.4688721	0	0.878235	8.923882	4.585847	0.965447	
112	3.222461	1.172153	0	1.112671	9.009847	4.646964	0.6448601	
113	4.394626	0.2344236	0	0.4093782	8.999195	4.779075	0.3897307	
114	5.332347	0.9377241	0	1.112671	9.066875	4.817271	0.3280226	
115	4.394627	-2.578766	0	2.753693	9.075405	4.861336	0.1059715	


Angle MV instances
Rotate	2.519167	6.564097	4.219788	6.798533	6.798532	3.985338	3.282043	3.516474	3.047638	4.454203	2.109894	4.454195	2.578737	4.219788	3.047602	5.391925	2.109894	2.578751	4.688625	3.047603	2.109886	2.109887	2.109886	
ChildRotate	4.68866	2.34433	4.454193	2.344299	3.282043	5.391937	5.157532	3.047607	3.282043	4.688629	3.047607	2.34433	4.219778	4.68866	2.578766	2.813171	7.032959	6.798523	4.219769	2.109894	6.329651	3.282043	2.34433	5.391937	3.516479	5.391937	4.219788	3.985332	4.923065	2.813202	2.813171	4.923065	4.68866	6.329651	5.391937	4.923065	4.923065	5.391937	4.923065	5.626373	5.626373	5.391937	5.391937	
RotateInverse	
ChildRotateInverse	104.0283	11.0183	9.377289	4.21978	3.047615	7.97068	4.454208	8.908421	58.84243	7.267395	3.985344	3.047623	2.109887	3.047616	3.516487	3.516487	7.97069	7.267387	2.57875	2.813187	7.032966	4.219779	2.813187	6.798532	4.923074	2.578751	6.564102	7.267395	3.516479	3.750908	5.391937	2.813179	2.813187	8.439552	5.626373	3.047615	6.564102	4.923073	2.109886	7.267387	4.454208	2.578751	6.564094	3.985344	3.282043	4.923066	3.985344	6.79853	6.09523	
Docking x	11.68622	3.01947	3.517426	5.408722	3.475037	3.17691	3.457642	4.38736	3.976746	3.108521	4.605286	7.494507	4.731659	2.637482	3.293182	2.627655	2.757965	2.541852	2.999648	2.461944	2.011952	
Docking y	6.246292	3.2101	8.627655	7.129059	4.78717	2.192932	3.060852	2.083191	2.378296	2.637054	2.360077	2.044983	
Docking z	97.60569	2.656937	4.452156	7.104408	9.348473	10.1902	11.65727	5.154709	9.273941	8.132456	7.595362	4.10754	4.489388	4.193615	2.840856	3.117816	2.171814	2.075653	2.368408	2.314148	
Total MV Amount	1003.921


Angle TRE instances
Rotate	1	95	96	102	103	107	109	114	115	
ChildRotate	1	5	6	11	12	22	23	33	34	39	40	50	51	56	57	62	63	73	74	79	80	85	86	91	92	97	98	103	104	109	110	
RotateInverse	1	
ChildRotateInverse	21	22	23	39	40	50	51	56	57	62	63	73	74	79	80	85	86	91	92	97	98	103	104	109	110	
Docking x	33	36	
Docking y	6	10	31	38	52	90	103	
Docking z	29	33	44	74	96	
Total TRE Count	77


Correct Angles	Rotate	ChildRotate	RotateInverse	ChildRotateInverse	Docking x	Docking y	Docking z
	0	0	0	4.941089E-31	0	0	0

Angle Error	Rotate	ChildRotate	RotateInverse	ChildRotateInverse	Docking x	Docking y	Docking z
	1.347004	0.4688721	0	0.4093781	9.041794	4.988215	0.207428

Time Taken	Hours	Minutes	Seconds	Milliseconds	Seconds float	Completion time
	0	0	6	809	6.809368	00h:00m:06s:809ms

Final Results	Tester Name	Time of Test	Dock Shape Style	Virtual Device Visible	Time Taken	Shape Precision %	Orientation Precision %	Overall Precision %	Efficiency %	Difficulty	Total MV	Total TRE	
	0	2018-11-14_19:19:49	ZEROING DATA	True	00h:00m:06s:809ms	99.69093	99.03784	98.69344	100	5.4901E-34	1003.921	77	
