
Angles Over Time
Frames	Rotate	ChildRotate	RotateInverse	ChildRotateInverse	Docking x	Docking y	Docking z	
0	-6.471863	-2.578735	0	2.436651	-0.01220703	-0.4357605	0.01503512	
1	2.094952	1.172157	0	-2.828125	0.01473724	-0.7787476	0.008566414	
2	3.267109	0.4688645	0	-2.828125	0.007172867	-0.9121399	0.01498099	
3	2.563816	1.406586	0	-2.593689	0.01074877	-1.101685	0.01711715	
4	3.032673	0.2344286	0	-2.124817	0.003846877	-1.270935	0.02404113	
5	2.329381	-1.641022	0	-0.9526672	0.00942176	-1.562897	0.02726509	
6	1.391652	1.067108E-07	0	-1.890411	0.0132394	-1.757629	0.02923762	
7	3.501538	1.172157	0	-2.828125	0.006892692	-1.952515	0.03646955	
8	4.439267	1.172157	0	-2.828125	0.05124815	-2.079163	0.09353455	
9	4.439267	0.4688646	0	-2.828125	0.03538929	-2.299805	0.1062857	
10	4.204838	-1.641022	0	-0.01495361	0.06282993	-3.026337	0.2103915	
11	0.6883584	-0.7033081	0	-2.828125	0.0663075	-6.092773	0.3121317	
12	3.032673	5.335985E-08	0	-2.828125	0.1920146	-11.04324	0.4078545	
13	3.032673	-0.234436	0	-2.828125	0.4821819	-15.89532	0.6166525	
14	3.032673	-0.9377136	0	-2.828125	0.7106701	-23.14758	0.8015599	
15	3.032673	-3.750916	0	1.391652	0.5895135	-27.39761	0.8661795	
16	0.219494	-1.406586	0	-1.187103	0.5356735	-28.94348	0.8844492	
17	1.860516	0.2344283	0	-2.124817	0.5186431	-29.24481	0.9057879	
18	2.563816	0.2344283	0	19.20848	0.4164472	-28.75226	0.7712506	
19	3.970402	-30.24173	0	-2.828125	0.6623026	-29.01575	0.2754608	
20	4.673703	-50.87173	0	-2.359253	0.8418972	-28.5723	1.535488	
21	4.204838	-53.4505	0	-0.7182312	0.6079388	-28.64236	0.5585695	
22	2.094952	-52.51276	0	-1.890411	0.5501602	-28.88586	0.8857986	
23	3.032673	-52.27835	0	-2.828125	0.6398189	-28.89191	0.8842175	
24	3.735974	-52.27835	0	-2.359253	0.7790039	-30.17258	0.6804273	
25	3.267109	-63.29663	0	-2.359253	1.225764	-35.27048	0.7725719	
26	3.267109	-75.48712	0	0.9227884	2.214784	-42.12845	0.7177884	
27	-0.2493591	-76.89371	0	-0.7182312	3.306151	-48.53937	0.7131366	
28	2.094952	-76.1904	0	-2.828125	1.364992	-53.34424	0.4036292	
29	-2.359253	-72.43951	0	-2.359253	0.9045098	-58.43384	-0.4486694	
30	-18.7695	-70.32959	0	37.49418	1.017927	-65.88226	-1.084564	
31	-23.69257	-68.21973	0	63.75057	0.4336716	-74.63248	-6.605499	
32	-26.50577	-68.92303	0	61.17182	0.7709506	-82.5379	-4.362946	
33	-39.63394	-67.98529	0	78.98866	0.8789965	-84.22382	-2.495819	
34	-41.04053	-67.98529	0	83.67729	1.048802	-84.18036	-1.516602	
35	-46.43246	-67.98529	0	85.78718	1.549565	-84.04404	0.02814485	
36	-56.98193	-67.98529	0	90.47581	1.735642	-83.88434	1.019849	
37	-61.67056	-69.62631	0	91.8824	1.663199	-83.59775	0.793007	
38	-66.35919	-68.68857	0	92.58571	1.458739	-82.54044	0.5783146	
39	-64.71817	-60.7179	0	93.75786	1.029765	-82.43188	-0.6100769	
40	-68.70352	-43.83881	0	95.63332	1.727976	-82.31033	0.8838596	
41	-73.39215	-40.55676	0	95.86776	1.706701	-82.29968	0.664817	
42	-74.3299	-40.32233	0	102.1974	1.467045	-81.90063	-0.07696533	
43	-74.56433	-42.43219	0	102.6663	1.679782	-81.58017	0.570576	
44	-75.26764	-41.26004	0	102.4319	1.789427	-80.9411	0.4806656	
45	-78.31525	-40.79117	0	103.1352	1.760174	-80.65396	0.4297724	
46	-82.53503	-30.7106	0	101.0253	1.777619	-80.79205	0.3320596	
47	-82.76947	-24.14651	0	99.38424	1.662693	-82.86993	0.2035422	
48	-83.00391	-27.19412	0	104.3073	1.843411	-86.61743	0.2632885	
49	-84.17606	-25.78754	0	103.3696	2.025633	-90.50311	0.3157599	
50	-83.23831	-24.38095	0	102.4318	2.139969	-92.24966	0.3040636	
51	-83.00391	-24.84979	0	102.6663	2.326587	-92.25809	0.3983194	
52	-82.53503	-24.38095	0	103.1352	2.714536	-91.25305	0.833138	
53	-83.00391	-24.61536	0	102.9007	2.887362	-90.19736	0.9180882	
54	-82.76947	-25.78754	0	104.7762	2.672311	-90.34879	0.4042429	
55	-84.41049	-17.81683	0	102.9007	2.465838	-91.8584	-0.1170654	
56	-83.00391	-17.58243	0	102.9007	2.647416	-93.13034	-0.177002	
57	-82.76947	-17.81683	0	102.9007	2.874046	-92.5405	-0.1637878	
58	-82.76947	-16.87912	0	102.9007	3.051118	-91.26462	-0.0581665	
59	-82.53503	-18.05127	0	102.6663	3.046388	-91.20349	-0.1169739	
60	-82.53503	-18.75458	0	103.604	2.951643	-91.25238	-0.234375	
61	-83.70718	-18.28571	0	102.9007	2.848233	-91.27997	-0.4737854	
62	-82.76947	-17.34799	0	103.1352	2.7538	-91.42273	-0.5952148	
63	-83.23831	-17.58243	0	102.9007	2.687903	-91.57968	-0.7316895	
64	-83.00391	-17.34799	0	103.1351	2.584222	-91.6424	-0.9359436	
65	-83.23834	-21.09891	0	103.8384	2.466048	-91.8826	-1.140045	
66	-83.94162	-19.45789	0	103.8384	2.314435	-92.21686	-1.549835	
67	-83.23834	-18.75458	0	102.9007	2.159705	-92.28174	-2.093658	
68	-83.00391	-17.58243	0	102.9007	2.091267	-92.24472	-2.293945	
69	-82.53503	-16.87912	0	103.3696	2.040781	-92.23331	-2.285309	
70	-82.76947	-16.87912	0	103.1351	1.995815	-92.23273	-2.37146	
71	-82.76947	-19.45789	0	103.604	1.972999	-92.20355	-2.450134	
72	-83.47278	-18.52014	0	102.9007	1.970926	-92.13455	-2.400177	
73	-82.76947	-18.05127	0	102.9007	2.000089	-92.099	-2.185638	
74	-83.23834	-17.81683	0	103.1352	2.004425	-92.06281	-2.159027	
75	-83.00391	-17.81683	0	102.9007	2.00266	-91.9939	-2.072845	


Angle MV instances
Rotate	6.471863	8.566814	2.109886	3.51648	2.344315	2.813179	2.109886	3.516468	16.41025	4.923065	2.813202	13.12817	5.391937	10.54947	4.688629	4.688629	3.985352	4.688629	3.047607	4.219788	
ChildRotate	2.578735	2.813202	2.34433	30.47616	20.63	2.578766	11.01828	12.19049	3.750885	2.109924	2.109863	7.970673	16.87909	3.282043	2.109863	10.08057	6.564087	3.047607	7.970703	3.750916	2.578766	
RotateInverse	
ChildRotateInverse	2.436651	2.813171	2.813171	21.3333	22.03661	2.109894	39.85343	26.25639	2.578751	17.81684	4.688637	2.109886	4.688637	6.329666	2.109886	4.923073	
Docking x	
Docking y	3.066437	4.95047	4.852081	7.252258	4.250031	5.0979	6.857971	6.410919	4.804871	5.0896	7.448425	8.750214	7.905426	2.077881	3.747498	3.885681	
Docking z	5.520935	2.242554	
Total MV Amount	525.9277


Angle TRE instances
Rotate	
ChildRotate	21	25	
RotateInverse	1	
ChildRotateInverse	36	40	
Docking x	1	
Docking y	49	
Docking z	1	31	32	
Total TRE Count	7


Correct Angles	Rotate	ChildRotate	RotateInverse	ChildRotateInverse	Docking x	Docking y	Docking z
	-90	-50.26236	0	90	-5.008957E-06	-90	5.008957E-06

Angle Error	Rotate	ChildRotate	RotateInverse	ChildRotateInverse	Docking x	Docking y	Docking z
	6.996094	29.16345	0	14.30731	1.996045	1.885071	2.083287

Time Taken	Hours	Minutes	Seconds	Milliseconds	Seconds float	Completion time
	0	0	4	495	4.494809	00h:00m:04s:495ms

Final Results	Tester Name	Time of Test	Dock Shape Style	Virtual Device Visible	Time Taken	Shape Precision %	Orientation Precision %	Overall Precision %	Efficiency %	Difficulty	Total MV	Total TRE	
	1	2018-11-27_20:09:06	Ltd Random	False	00h:00m:04s:495ms	92.99072	99.26512	95.52133	95.46149	0.3558471	525.9277	7	
