
Angles Over Time
Frames	Rotate	ChildRotate	RotateInverse	ChildRotateInverse	Docking x	Docking y	Docking z	
0	-103.0948	-88.38089	0	77.88684	85.47411	-82.11877	152.9169	
1	-103.0948	-88.14645	0	73.66706	85.73038	-82.28101	154.2016	
2	-103.3292	-89.3186	0	78.35571	86.04062	-85.92728	152.0351	
3	-104.0325	-88.61533	0	77.18355	86.21767	-90.81348	149.827	
4	-103.5637	-88.61533	0	78.35571	86.34468	-96.80402	146.2495	
5	-103.7981	-88.61533	0	78.59013	86.49178	-100.1733	147.4307	
6	-100.9849	-88.84976	0	82.10662	86.53796	-88.33145	159.5045	
7	-89.49774	-89.78748	0	88.43628	87.64117	-62.33875	-177.1363	
8	-71.91534	-36.57141	0	97.3447	86.35277	-14.28824	-131.8893	
9	-58.55273	0.2343986	0	114.2238	86.61655	-44.51898	-168.4708	
10	-38.39157	1.172127	0	117.2714	86.37448	-61.5184	171.4332	
11	-18.69928	1.406556	0	117.2714	89.35593	101.0201	-20.67392	
12	-3.461212	2.109856	0	117.2714	80.09085	102.638	-4.903473	
13	-2.99234	-1.17218	0	117.7403	71.96667	93.43771	-1.71524	
14	-6.743256	-5.86084	0	117.037	61.42779	86.19183	6.26951	
15	-4.16449	-22.73993	0	117.037	49.58038	78.11926	17.59102	
16	-4.398926	-43.83881	0	117.037	40.71155	72.16041	22.26542	
17	-4.16449	-45.9487	0	117.037	42.10783	69.61456	19.46779	
18	-4.398926	-54.85712	0	117.7403	43.64284	66.74901	21.33311	
19	-8.384277	-46.41757	0	117.7403	44.70551	63.65589	24.15242	
20	-5.102234	-37.50916	0	116.8026	47.77358	58.10619	23.85017	
21	-3.226776	-6.564148	0	110.004	48.99154	49.91246	21.50958	
22	-1.82019	-3.750946	0	97.11028	48.76612	40.35435	19.01191	
23	-1.82019	-4.923096	0	39.67444	50.81176	29.96329	20.29451	
24	-1.585754	-11.72165	0	6.385098	56.7038	18.50711	25.48119	
25	-4.633362	-11.01834	0	0.2898609	56.72393	-1.609528	15.25465	
26	-2.757904	-10.31503	0	0.2898609	52.17247	-9.483002	9.51294	
27	-2.757904	-10.78391	0	0.2898609	45.68519	-15.02185	7.28148	
28	-2.523468	-12.65936	0	14.12135	36.26564	-21.71246	3.947295	
29	-2.757904	-21.80222	0	17.63783	24.60512	-27.05875	1.643412	
30	-3.695648	-22.73993	0	18.80999	16.9498	-28.97565	0.8763986	
31	-4.633362	-13.83151	0	16.93453	10.11293	-30.76489	0.5487309	
32	-2.757935	-5.626404	0	16.7001	5.226285	-31.38394	-0.2111511	
33	-1.585754	-6.564148	0	13.41805	4.139853	-32.29901	0.1279185	
34	-2.289063	-7.03299	0	5.681796	4.982447	-33.68719	0.3265468	
35	-3.226776	-15.70697	0	6.385096	4.770419	-35.72141	0.4571354	
36	-8.384277	-11.72165	0	2.399745	3.912481	-37.31659	0.9096754	
37	-3.226776	-0.9377747	0	0.5242947	3.751501	-38.43964	1.047239	
38	-2.757935	0.7032622	0	0.2898587	1.821661	-39.55914	1.16088	
39	-0.8824768	1.406555	0	0.5242947	1.622834	-39.56415	1.210005	
40	-0.8824768	1.406555	0	1.227588	1.581286	-39.54919	1.214897	
41	-1.116882	-1.875488	0	2.868609	1.762891	-39.51242	1.164638	
42	-4.16452	-0.7033386	0	0.2898587	1.871023	-39.50992	1.132692	
43	-2.289063	-3.827045E-05	0	1.227588	1.828739	-39.51065	1.15368	
44	-2.757935	-3.827045E-05	0	0.9931592	1.521755	-39.51828	1.234675	
45	-2.757935	-3.827045E-05	0	0.7587233	1.47204	-39.51956	1.24694	
46	-2.523499	-3.750946	0	5.212932	1.464615	-39.52002	1.238212	
47	-5.805542	-0.9377747	0	0.5242947	1.465906	-39.52039	1.222053	
48	-2.289063	-3.81492E-05	0	0.05543027	1.483339	-39.5202	1.207192	
49	-2.054626	-3.81492E-05	0	0.5242946	1.467198	-39.52075	1.205894	
50	-2.054626	-3.81492E-05	0	0.5242946	1.475914	-39.52066	1.198464	
51	-2.054626	-4.68869	0	4.275202	1.484631	-39.52057	1.191033	
52	-6.274414	-0.7033386	0	1.696452	1.477206	-39.52103	1.182305	
53	-2.289063	-0.4689026	0	1.227588	1.478497	-39.52139	1.166147	
54	-2.757935	-3.820605E-05	0	0.7587231	1.487213	-39.5213	1.158717	
55	-2.289063	-3.820605E-05	0	1.462024	1.487213	-39.5213	1.158717	


Angle MV instances
Rotate	103.0948	2.813171	11.48718	17.5824	13.36261	20.16116	19.69229	15.23807	3.750916	2.578766	3.985352	3.282043	3.047607	5.157501	5.157501	3.047638	3.282043	3.516479	4.219788	3.985352	
ChildRotate	88.38089	53.21606	36.80581	4.68866	16.87909	21.09888	2.109894	8.908417	8.439545	8.908417	30.94501	2.813202	6.798553	9.142853	8.908417	8.205109	8.673981	3.985321	10.78387	3.750908	2.813171	4.688652	3.985352	
RotateInverse	
ChildRotateInverse	77.88684	4.21978	4.688644	3.516487	6.329659	8.908424	16.87909	3.047623	6.798523	12.89375	57.43584	33.28934	6.095238	13.83149	3.516479	3.282045	7.736259	3.985351	2.57875	4.454208	4.688637	3.750908	2.57875	
Docking x	85.47411	2.981453	9.265083	8.124176	10.53888	11.84741	8.868828	3.068066	2.045643	5.892036	4.55146	6.487286	9.419552	11.66051	7.655317	6.83687	4.886649	
Docking y	82.11877	3.646271	4.8862	5.99054	3.369293	11.84186	25.99271	48.05051	30.23074	16.99942	162.5385	9.200272	7.245872	8.072578	5.958847	2.545845	2.865555	3.093121	5.549698	8.193726	9.558113	10.39107	11.45617	20.11664	7.873474	5.538849	6.690613	5.346283	2.03421	
Docking z	152.9169	2.166519	2.208099	3.577484	12.07379	336.6407	45.24702	36.58151	339.904	192.1071	15.77045	3.188232	7.98475	11.32151	4.674402	2.797638	2.819307	2.34059	2.497671	5.186676	10.22654	5.741712	2.23146	3.334185	2.303883	
Total MV Amount	2828.607


Angle TRE instances
Rotate	13	14	15	19	21	36	37	47	48	52	53	
ChildRotate	10	14	22	24	37	
RotateInverse	1	
ChildRotateInverse	26	28	36	46	47	
Docking x	34	
Docking y	
Docking z	13	14	28	
Total TRE Count	25


Correct Angles	Rotate	ChildRotate	RotateInverse	ChildRotateInverse	Docking x	Docking y	Docking z
	-1.100941E-14	-1.358436E-30	0	1.100941E-14	0	0	0

Angle Error	Rotate	ChildRotate	RotateInverse	ChildRotateInverse	Docking x	Docking y	Docking z
	3.226776	0.2344666	0	0.2898587	1.495929	39.52121	1.151286

Time Taken	Hours	Minutes	Seconds	Milliseconds	Seconds float	Completion time
	0	0	3	305	3.305226	00h:00m:03s:305ms

Final Results	Tester Name	Time of Test	Dock Shape Style	Virtual Device Visible	Time Taken	Shape Precision %	Orientation Precision %	Overall Precision %	Efficiency %	Difficulty	Total MV	Total TRE	
	1	2018-11-27_20:13:15	ZEROING DATA	True	00h:00m:03s:305ms	99.47901	92.46806	96.35559	100	2.446535E-17	2828.607	25	
