
Angles Over Time
Frames	Rotate	ChildRotate	RotateInverse	ChildRotateInverse	Docking x	Docking y	Docking z	
0	-84.35526	-73.14282	0	142.8094	27.34853	29.37456	48.2211	
1	-85.99628	-72.67398	0	142.3406	26.52871	28.21058	48.03844	
2	-85.05856	-71.73624	0	142.1061	25.64337	26.17342	46.78118	
3	-84.82413	-66.57874	0	142.1061	24.57394	24.03686	46.29634	
4	-83.88638	-51.34067	0	142.1061	23.79993	21.48948	39.13903	
5	-83.88638	-30.00735	0	141.8717	23.92818	15.9599	20.01186	
6	-76.61902	-2.34436	0	131.0878	18.0367	11.03886	13.84838	
7	-77.3223	0.2343792	0	99.20506	12.37992	9.008744	18.60281	
8	-76.85342	-5.67898E-05	0	26.53114	7.372421	6.5539	25.11349	
9	-76.61902	0.2343792	0	68.26004	6.904689	6.193703	26.71493	
10	-76.61902	0.2343792	0	43.64467	5.498813	6.008914	22.37821	
11	-75.44684	-3.047668	0	54.19411	2.198447	5.79344	11.2319	
12	-59.97433	-1.172211	0	40.83149	1.138493	4.869527	-4.401703	
13	-40.28204	0.4688075	0	15.2784	4.179573	2.861502	-10.20859	
14	-36.06226	1.172108	0	0.2747591	3.097929	1.058981	-8.666016	
15	-32.78021	-10.08063	0	-0.1940918	-1.118805	-0.8014526	-1.35965	
16	-18.01099	-30.94507	0	0.04032316	-0.7909851	-7.275391	-0.9916992	
17	0.5091222	-31.64838	0	2.619074	0.1504999	-14.05106	0.3611161	
18	-2.772919	-3.985413	0	0.04032316	0.2692242	-16.08578	0.6542914	
19	-0.6630554	-0.2344971	0	0.978052	0.03414705	-14.93842	0.5560424	
20	-0.8974609	-0.9377747	0	0.04032315	-0.04074097	-13.92593	0.534264	
21	-0.4286194	-0.9377747	0	0.5091875	-0.0559082	-10.06656	0.3142721	
22	-0.1941833	-4.219818	0	4.260104	-0.07919312	-6.135742	0.08586907	
23	-3.710663	-0.2344971	0	1.915781	-0.05505371	-4.866425	0.007253493	
24	-0.4286194	-0.4689026	0	0.5091877	-0.0390625	-4.206787	-0.03689575	
25	-0.1941833	-0.4689026	0	0.2747594	-0.02294922	-4.206696	-0.03857422	
26	-0.1941833	-0.2344971	0	1.212488	-0.04821777	-4.198181	-0.04431152	
27	-1.131897	0.7032459	0	0.2747593	-0.05938721	-3.693481	-0.04888916	
28	-0.1941833	-2.34436	0	2.384645	-0.04150391	-2.952942	-0.07897949	
29	-1.835205	-5.470375E-05	0	0.978052	-0.04754639	-2.03479	-0.1036072	
30	-0.4286194	-0.2344971	0	0.04032315	-0.0244751	-1.977722	-0.1151733	
31	-0.1941833	-5.469476E-05	0	0.04032315	-0.01687622	-1.97052	-0.1242065	
32	-0.4286194	-0.9377747	0	0.2747592	-0.008148193	-1.970276	-0.1167908	
33	-0.1941833	-3.750977	0	4.963396	-0.000739857	-1.970459	-0.1255493	
34	-3.945099	-1.172211	0	0.2747592	0.01080667	-1.450195	-0.1566772	


Angle MV instances
Rotate	84.35526	7.267365	15.4725	19.69229	4.219788	3.282043	14.76923	18.52011	3.282041	2.109863	3.516479	3.282043	3.750916	
ChildRotate	73.14282	5.157501	15.23807	21.33331	27.66299	2.57874	3.282048	11.25274	20.86444	27.66296	3.750916	3.282043	3.985321	2.344306	2.813202	2.578766	
RotateInverse	
ChildRotateInverse	142.8094	10.78387	31.88275	72.67392	41.7289	24.61537	10.54944	13.36263	25.55309	15.00364	2.578751	2.578751	3.750916	2.344322	2.109886	4.688637	4.688637	
Docking x	27.34853	5.891478	5.656776	5.007502	3.300365	3.04108	
Docking y	29.37456	2.037161	2.136562	2.54738	5.529577	4.921041	2.030113	2.454844	2.008025	6.473938	6.775665	2.034729	3.859375	3.930817	
Docking z	48.2211	7.15731	19.12718	6.163483	4.754435	6.510677	4.336712	11.14631	15.63361	5.806885	7.306366	
Total MV Amount	1084.677


Angle TRE instances
Rotate	18	
ChildRotate	7	15	18	
RotateInverse	1	
ChildRotateInverse	15	
Docking x	12	
Docking y	13	16	23	
Docking z	15	
Total TRE Count	10


Correct Angles	Rotate	ChildRotate	RotateInverse	ChildRotateInverse	Docking x	Docking y	Docking z
	-8.178605E-09	-4.259291E-19	0	1.332408E-08	0	0	0

Angle Error	Rotate	ChildRotate	RotateInverse	ChildRotateInverse	Docking x	Docking y	Docking z
	0.1941833	0.2344971	0	0.2747592	0.01174238	0.4196167	0.2088013

Time Taken	Hours	Minutes	Seconds	Milliseconds	Seconds float	Completion time
	0	0	2	67	2.06743	00h:00m:02s:067ms

Final Results	Tester Name	Time of Test	Dock Shape Style	Virtual Device Visible	Time Taken	Shape Precision %	Orientation Precision %	Overall Precision %	Efficiency %	Difficulty	Total MV	Total TRE	
	1	2018-11-27_20:17:20	ZEROING DATA	True	00h:00m:02s:067ms	99.9023	99.88363	99.89336	100	2.389187E-11	1084.677	10	
