
Angles Over Time
Frames	Rotate	ChildRotate	RotateInverse	ChildRotateInverse	Docking x	Docking y	Docking z	
0	-1.641022	3.516476	0	-0.2344055	0.03222375	-0.0003186261	-0.01654053	
1	-0.2178955	-6.095245	0	7.283921	0.008014245	-0.0002171428	-0.008178711	
2	-5.844269	-0.7033081	0	0.01652618	0.01602842	-0.0004354286	-0.01635742	
3	0.01652686	0.2344282	0	-0.2178955	0.0240425	-0.0006548571	-0.02453613	
4	0.01652686	-1.600822E-07	0	0.9542551	0.0726254	-0.0003080556	-0.02502441	
5	-0.6867676	-0.4688721	0	1.188684	0.121434	0.008053807	-0.02587891	
6	-0.9212036	-6.329651	0	2.829713	0.1355043	0.4777887	0.1855725	
7	-5.140961	-6.329651	0	2.595276	0.2502736	1.295188	0.1181631	
8	-2.562225	-13.59705	0	-0.2178955	0.1872218	2.089182	0.1165678	
9	0.01652647	-27.8974	0	0.4853904	0.862154	3.088676	0.04655733	
10	-0.4523315	-46.88641	0	-0.2178955	1.395617	4.127673	0.170406	
11	0.250955	-52.27835	0	0.7198189	2.166723	3.843953	-0.0975647	
12	-0.6867676	-55.32596	0	6.815057	2.383569	3.15713	-0.2293396	
13	-5.844269	-52.98163	0	2.126412	2.573467	2.994667	-0.3946228	
14	-0.4523315	-31.41388	0	0.01652594	3.050184	2.637401	-0.1652222	
15	-10.5329	-9.142853	0	7.049484	3.964724	2.376731	-0.4951172	
16	-24.59885	-2.109894	0	7.049483	7.139647	2.230684	-0.8425598	
17	-27.41202	0.9377275	0	7.283919	12.14462	0.7428128	-2.711914	
18	-27.64645	-3.047607	0	9.393804	18.43871	-2.043701	-6.419891	
19	-30.69406	-1.311945E-06	0	12.67585	24.87714	-5.133942	-11.38556	
20	-24.36441	-1.311945E-06	0	17.13005	30.74746	-8.231598	-15.35257	
21	-16.39371	-0.234436	0	21.1154	35.05524	-10.92868	-20.06842	
22	-7.719727	-0.234436	0	22.05313	39.02782	-15.60098	-22.34747	
23	-7.954163	-5.626373	0	27.21064	41.21546	-20.75784	-19.95749	
24	-12.87723	-3.750916	0	24.86631	41.51787	-26.96515	-17.70059	
25	-9.595184	-7.267395	0	21.8187	39.9649	-34.24854	-15.35245	
26	-7.485291	-13.83148	0	21.8187	37.59911	-40.82349	-8.695892	
27	-5.844269	-23.67764	0	21.8187	36.50319	-45.04501	0.15207	
28	-6.313141	-31.64832	0	21.58426	36.37306	-49.93314	2.286415	
29	-6.313141	-34.46152	0	24.63188	36.59061	-61.17749	-4.149445	
30	-30.22519	-28.83514	0	18.77108	32.89592	-71.10815	3.331677	
31	-48.04202	-29.30402	0	15.48903	26.92062	-73.81787	11.62741	
32	-47.80759	-36.10254	0	0.2509459	24.99659	-80.96219	18.3349	
33	-48.04202	-36.33698	0	1.423111	23.97489	-89.48108	17.64957	
34	-48.74533	-24.61536	0	27.44506	24.30073	-94.44931	3.397636	
35	-52.02737	-16.87912	0	43.152	25.04357	-100.1738	-3.642822	
36	-49.44861	-11.72162	0	59.09338	25.14705	-104.249	-9.326202	
37	-48.74533	-9.377289	0	69.64283	25.08007	-106.6886	-9.367401	
38	-47.57315	-9.377289	0	79.7234	25.36275	-108.723	-10.40512	
39	-47.33875	-18.28571	0	95.43035	23.84938	-109.7328	-11.17859	
40	-31.39737	-43.36993	0	102.6977	22.429	-110.1909	-18.02661	
41	-4.672119	-41.26004	0	102.2289	21.98373	-110.4657	-15.4418	
42	-3.031097	-10.78387	0	101.76	22.98084	-110.7218	-14.09552	
43	-1.624481	-0.234436	0	102.6978	23.38434	-110.9929	-18.87595	
44	-0.6867676	-9.551573E-06	0	103.1666	22.8985	-110.9724	-17.08661	
45	-1.624481	-1.17218	0	102.4633	22.62638	-110.5621	-15.70239	
46	-2.093353	-2.34433	0	103.6355	22.43478	-110.8543	-17.65933	
47	-3.031097	0.2344187	0	102.6978	22.44315	-113.6174	-19.38559	
48	-0.9212036	1.641012	0	102.4633	20.32817	-114.7237	-18.60522	
49	1.188687	-9.488355E-06	0	103.1666	16.24925	-115.2726	-16.68887	
50	-1.15564	-9.488355E-06	0	103.401	11.58318	-117.7078	-15.42578	
51	-1.624481	-5.860809	0	105.9798	10.32629	-120.2222	-15.80527	
52	-7.250854	-2.34433	0	104.5732	8.507123	-123.208	-13.784	
53	-1.624481	-0.4688721	0	104.5732	7.286946	-127.6311	-12.1799	
54	-1.390076	1.875441	0	108.3241	7.715454	-132.33	-14.19479	
55	-0.2178955	1.875441	0	101.9945	7.65898	-133.3927	-16.44662	
56	0.7198232	-0.4688721	0	93.32048	8.244726	-134.3943	-18.16827	
57	0.7198232	-2.34433	0	4.470747	9.334765	-136.4406	-18.53616	
58	-4.203247	-0.234436	0	89.33513	8.525081	-137.7214	-17.27618	
59	-1.15564	-8.937925E-06	0	105.7454	7.94076	-137.4955	-15.01096	
60	-1.858917	-0.9377441	0	108.5585	7.994717	-138.1665	-13.84018	
61	-1.15564	-1.17218	0	109.2618	7.949873	-138.4588	-13.28928	
62	-0.9212036	-7.032959	0	110.9029	6.574369	-137.8896	-12.44434	
63	-7.485291	-2.813202	0	109.9651	5.300139	-137.0978	-11.14523	
64	-3.265533	-0.234436	0	101.76	4.108253	-136.0117	-9.644745	
65	-0.9212036	1.172149	0	83.23989	3.372802	-135.694	-8.855774	
66	1.188688	1.875442	0	78.55125	2.447555	-135.9567	-8.975464	
67	0.7198235	-8.648374E-06	0	109.2618	0.6769395	-136.1381	-7.483521	
68	-1.390076	-7.032959	0	111.8406	-1.174469	-135.843	-5.584076	
69	-7.719727	-8.521662E-06	0	109.4963	-3.972046	-135.1456	-2.279724	
70	-1.624481	-0.234436	0	108.793	-5.820618	-135.1753	-0.7908325	
71	-0.9212036	1.875442	0	108.5585	-6.910583	-134.2043	0.5474159	
72	0.485395	2.109878	0	108.793	-7.590607	-131.9117	1.845599	
73	0.7198233	2.109878	0	109.0274	-7.556152	-128.8439	2.8105	
74	0.2509589	-2.34433	0	109.9651	-8.201324	-126.078	2.134386	
75	-3.499939	-8.609626E-06	0	108.793	-10.44629	-122.5264	-1.325134	
76	-0.9212036	0.4688558	0	83.23989	-13.32742	-119.54	-6.807953	
77	-0.9212036	-0.234436	0	111.1373	-17.72513	-116.5982	-8.749481	
78	-0.9212036	-0.4688721	0	111.3717	-21.76056	-114.5893	-7.419495	
79	-0.6867676	-5.860809	0	114.4193	-26.19843	-112.45	-7.564514	
80	-7.485291	-1.641052	0	35.88462	-29.0246	-111.4135	-8.355377	
81	-2.562225	-0.4688721	0	20.41211	-30.60712	-111.5362	-8.740204	
82	-0.6867676	2.109878	0	0.9542528	-30.371	-112.8221	-8.638489	
83	0.2509597	1.172149	0	-0.2178955	-29.33771	-113.4676	-8.716125	
84	1.423125	2.344306	0	0.7198169	-28.98996	-114.0723	-8.422638	
85	0.7198241	-3.047638	0	91.67944	-29.25079	-115.486	-7.772156	
86	-3.031097	-8.566454E-06	0	99.88456	-28.93341	-117.9002	-7.277405	
87	-1.858917	-8.566454E-06	0	77.37908	-28.28525	-120.4695	-6.179871	
88	-0.6867676	-8.566454E-06	0	111.6062	-26.55835	-122.813	-5.060944	
89	-0.9212036	-8.566454E-06	0	89.10069	-25.11032	-124.3251	-5.339264	
90	-0.9212036	-5.157532	0	2.595274	-25.06631	-124.4615	-5.165192	
91	-6.547577	-2.578766	0	78.31682	-25.86526	-123.8994	-5.03299	
92	-2.796661	-8.535575E-06	0	77.84796	-26.27478	-123.7719	-4.686401	
93	-0.6867676	0.2344199	0	107.6208	-26.45117	-123.682	-4.177917	
94	-0.9212036	-8.537719E-06	0	106.2142	-26.50024	-123.7515	-3.451996	
95	-0.6867676	0.4688559	0	109.7307	-26.62506	-123.9513	-2.824066	
96	-0.6867676	-6.095245	0	114.4193	-26.57202	-124.3211	-2.61319	
97	-8.423035	-0.234436	0	112.3095	-26.32031	-124.3107	-2.455292	
98	-0.9212036	-0.9377441	0	111.8406	-26.10461	-124.6342	-2.218445	
99	-0.9212036	-8.694995E-06	0	113.0128	-26.02814	-124.8433	-2.050415	
100	0.01653263	-0.4688721	0	112.7783	-25.84991	-124.6904	-1.951202	
101	0.485397	0.2344197	0	113.2472	-25.71606	-124.557	-1.833435	
102	-1.390076	-6.564117	0	115.3571	-25.60104	-124.5457	-1.699188	
103	-7.954163	-0.234436	0	112.7783	-25.36853	-124.5552	-1.670258	
104	-0.6867676	-8.484358E-06	0	112.7783	-25.26706	-124.3318	-1.585724	
105	-0.9212036	-0.9377441	0	112.7783	-25.26718	-124.1738	-1.419006	
106	-0.6867676	-0.9377441	0	113.0128	-25.12881	-123.9626	-1.282471	
107	-0.9212036	-5.157532	0	114.1849	-25.0166	-123.7925	-1.115082	
108	-6.547577	-2.34433	0	114.1849	-24.99283	-123.8447	-1.261444	
109	-3.734375	-8.32255E-06	0	112.7783	-24.93091	-123.7821	-1.033112	
110	-0.4523315	0.4688561	0	113.2472	-24.79663	-123.8796	-1.141541	
111	-1.624481	-0.7033081	0	112.7783	-24.8201	-123.6831	-0.8891602	


Angle MV instances
Rotate	5.626373	5.860795	4.219757	2.578735	2.578752	5.157501	5.391937	10.08057	14.06595	2.813171	3.047607	6.329651	7.970703	8.673981	4.923065	3.282043	2.109894	23.91205	17.81683	3.282043	2.578766	15.94138	26.72525	2.109894	5.626373	5.626373	4.92307	3.047607	6.564087	4.219757	2.34433	6.329651	6.095245	3.750898	2.578735	6.798523	4.923065	3.750921	5.626373	3.750916	2.109894	7.736267	7.501831	6.564087	7.267395	5.626373	2.813202	3.282043	
ChildRotate	3.516476	9.611722	5.391937	5.860779	7.267395	14.30035	18.98901	5.391937	3.047607	2.34433	21.56775	22.27103	7.032959	3.985335	3.047606	5.391937	3.516479	6.564087	9.846161	7.970673	2.813202	5.626373	6.798523	11.72162	7.736237	5.157501	2.34433	8.908417	25.08423	2.109894	30.47617	10.54944	2.578748	5.8608	3.516479	2.109894	5.860779	4.219757	2.578766	7.03295	7.03295	2.344321	5.391937	4.219757	3.047629	5.157523	2.578766	2.578757	6.564101	5.860809	6.798537	6.329681	4.219788	2.813202	2.344321	
RotateInverse	
ChildRotateInverse	7.518327	7.267395	2.813172	6.095238	4.688644	2.109886	7.032958	2.109885	3.282042	4.454207	3.985346	5.157509	2.344322	3.047615	3.047617	5.8608	3.282053	15.23808	26.02195	15.70694	15.94138	10.54945	10.08057	15.70695	7.267395	2.578758	3.750916	6.329666	8.673981	88.84973	84.86438	16.41024	2.813171	8.205132	18.52013	4.688644	30.71059	2.578743	2.344307	25.55309	27.8974	3.047623	78.53472	15.47252	19.45785	90.95962	8.205124	22.50548	34.22707	22.50547	86.50541	75.72154	29.77287	3.516472	4.688637	2.109894	2.109894	2.578758	
Docking x	3.174924	5.004969	6.294093	6.438427	5.870319	4.307789	3.972572	2.187641	2.365791	3.694691	5.975294	2.114979	4.078922	4.666067	2.797577	2.244965	2.881134	4.397705	4.035431	4.437866	2.826172	
Docking y	3.09024	3.097656	2.697083	4.672302	5.15686	6.207306	7.283386	6.574951	4.221527	4.888123	11.24435	9.930664	2.709717	7.144318	8.51889	4.968231	5.724457	4.075272	2.43956	2.034393	2.763092	2.435211	2.514465	2.985809	4.423096	4.698868	2.04631	2.292648	3.06778	2.765884	3.551682	2.986313	2.941849	2.008896	2.139267	2.414169	2.569275	2.343506	
Docking z	3.707977	4.965668	3.96701	4.715851	2.279053	2.389984	2.256897	2.348145	6.656555	8.847962	2.134345	8.295737	6.707481	14.25193	5.68338	6.848022	2.584808	4.780426	2.021271	2.014893	2.251831	2.265228	3.304352	5.482819	
Total MV Amount	2072.669


Angle TRE instances
Rotate	1	2	3	7	8	13	14	15	41	52	53	63	64	69	70	80	81	91	92	97	98	103	104	108	109	
ChildRotate	2	6	16	23	24	25	43	51	52	62	63	68	69	79	80	90	91	96	97	102	103	107	108	
RotateInverse	1	
ChildRotateInverse	58	59	85	86	89	90	
Docking x	82	83	
Docking y	43	52	76	88	
Docking z	
Total TRE Count	59


Correct Angles	Rotate	ChildRotate	RotateInverse	ChildRotateInverse	Docking x	Docking y	Docking z
	0	0	0	90	-34.8858	-115.5051	11.4768

Angle Error	Rotate	ChildRotate	RotateInverse	ChildRotateInverse	Docking x	Docking y	Docking z
	0.9212036	0.23442	0	22.77834	10.15961	8.026123	12.28848

Time Taken	Hours	Minutes	Seconds	Milliseconds	Seconds float	Completion time
	0	0	6	604	6.603683	00h:00m:06s:604ms

Final Results	Tester Name	Time of Test	Dock Shape Style	Virtual Device Visible	Time Taken	Shape Precision %	Orientation Precision %	Overall Precision %	Efficiency %	Difficulty	Total MV	Total TRE	
	1	2018-11-27_20:18:50	Presets_dockPreset_5	True	00h:00m:06s:604ms	96.67583	96.23804	95.68189	84.23577	0.279853	2072.669	59	
