
Angles Over Time
Frames	Rotate	ChildRotate	RotateInverse	ChildRotateInverse	Docking x	Docking y	Docking z	
0	-124.7009	-39.15015	0	5.643323	-13.86041	91.80969	-173.0981	
1	-124.9353	-36.80582	0	1.657972	-13.59515	90.04609	-172.2997	
2	-124.7009	-34.69592	0	-0.2174683	-13.27725	86.90163	-171.4924	
3	-124.4665	-33.28934	0	0.9546785	-12.76129	84.54156	-170.8343	
4	-124.232	-34.22705	0	0.7202501	-10.57205	80.65968	-171.1655	
5	-120.7155	-34.69592	0	2.5957	-4.263245	75.49537	-176.262	
6	-93.05258	-12.89374	0	34.7129	4.756412	71.09671	171.3202	
7	-59.76321	-25.31863	0	55.57734	20.50097	66.72687	138.1544	
8	0.7202306	-23.91205	0	52.76416	35.61765	58.93921	127.4956	
9	0.4857945	-27.42853	0	44.55904	49.02854	48.15568	121.2648	
10	2.595681	-28.13184	0	35.65062	60.97606	27.98899	105.5862	
11	2.361253	-24.84979	0	30.96198	68.02512	-19.17105	62.35848	
12	2.361253	-15.4725	0	29.08652	56.03553	-65.93271	17.06677	
13	-2.092957	-3.282043	0	22.52242	40.5821	-78.9917	2.724089	
14	0.954659	-2.109894	0	22.52242	30.12876	-80.38248	1.606191	
15	0.7202305	-2.344299	0	22.99129	23.94809	-79.7829	6.139434	
16	-0.4519348	-2.578735	0	15.7239	18.46423	-78.55759	3.729331	
17	0.01693004	-7.267395	0	9.159805	10.63393	-78.42142	11.08119	
18	-8.188171	-17.34796	0	11.03525	10.93584	-78.13147	5.851921	
19	-2.092957	-28.13184	0	2.361274	5.238021	-77.961	1.448322	
20	0.72023	-19.45786	0	0.01695197	2.783121	-80.50305	2.242777	
21	2.59568	-15.4725	0	-0.2174683	3.26142	-83.23987	1.878901	
22	2.59568	-1.406586	0	0.01695196	2.359638	-83.92419	2.166646	
23	3.298981	-3.282043	0	1.89241	1.637196	-84.50003	2.03261	
24	0.2513656	-1.641022	0	-0.2174683	2.096859	-84.48132	1.920249	
25	1.892387	-1.406586	0	0.01695207	2.418917	-84.46533	1.822488	
26	1.657959	-1.406586	0	0.7202525	2.730232	-84.45349	1.757371	
27	1.189094	-2.109894	0	-0.2174683	2.979994	-84.44443	1.695889	
28	1.892387	-5.391937	0	3.767868	3.193543	-84.43701	1.634406	
29	-2.327393	-1.406586	0	0.4858162	3.374573	-84.427	1.598336	
30	1.892387	-2.109894	0	0.01695188	3.519363	-84.42212	1.562207	
31	1.892387	-1.641022	0	0.01695188	3.649673	-84.41772	1.533327	
32	1.892387	-1.406586	0	0.01695188	3.758252	-84.41434	1.497175	
33	1.892387	-6.564087	0	3.767868	3.863217	-84.41095	1.471904	
34	-2.092957	-2.109894	0	-0.2174683	3.942946	-84.40485	1.450276	
35	1.892387	-1.406586	0	-0.2174683	4.022576	-84.40237	1.428608	
36	1.892387	-1.17215	0	0.7202521	4.08773	-84.40033	1.414181	
37	1.189095	-1.17215	0	0.9546805	4.153008	-84.39465	1.399799	
38	0.9546586	-6.329651	0	3.767867	4.229029	-84.39212	1.389019	
39	-1.858521	-1.406586	0	-0.2174683	4.28332	-84.39059	1.370952	
40	1.892387	-1.406586	0	0.9546801	4.333999	-84.38892	1.363768	
41	1.189095	-1.17215	0	-0.2174683	4.388288	-84.38742	1.345703	
42	1.892387	-1.406586	0	0.01695123	4.428102	-84.38626	1.334875	
43	1.892387	-5.626373	0	5.643325	4.467915	-84.38513	1.324047	
44	-2.796265	-1.406586	0	0.4858163	4.507729	-84.38397	1.313221	
45	1.189094	-1.17215	0	0.01695185	4.547541	-84.38284	1.302394	
46	2.126816	-2.109894	0	0.01695185	4.583738	-84.38153	1.302451	
47	2.126816	-2.109894	0	0.01695185	4.609074	-84.38074	1.298862	
48	2.126816	-5.157501	0	4.940025	4.638199	-84.37646	1.284438	
49	-1.858521	-1.641022	0	-0.2174683	4.663537	-84.37567	1.28085	
50	1.892387	-1.875458	0	-0.2174683	4.688874	-84.37488	1.277261	
51	2.126816	-1.406586	0	-0.2174683	4.706964	-84.37476	1.259139	
52	2.126816	-1.641022	0	0.7202529	4.587373	-84.38071	1.327865	
53	1.423523	-6.329651	0	2.126839	4.442647	-84.38306	1.436523	
54	-2.561829	-2.109894	0	-0.2174683	4.428172	-84.38342	1.44376	
55	2.126816	-1.406586	0	0.7202531	4.428172	-84.38342	1.44376	
56	1.423523	-1.641022	0	0.01695259	4.428172	-84.38342	1.44376	
57	1.423523	-1.641022	0	0.01695259	4.428172	-84.38342	1.44376	
58	1.892387	-5.860779	0	5.17446	4.428172	-84.38342	1.44376	
59	-3.265106	-1.641022	0	0.7202523	4.428172	-84.38342	1.44376	
60	1.189095	-1.406586	0	0.01695185	4.428172	-84.38342	1.44376	
61	1.892388	-2.109894	0	-0.2174683	4.428172	-84.38342	1.44376	
62	2.126816	-2.578735	0	-0.2174683	4.428172	-84.38342	1.44376	
63	2.126816	-5.626373	0	5.17446	4.428172	-84.38342	1.44376	
64	-2.796234	-1.641022	0	0.01695193	4.428172	-84.38342	1.44376	
65	1.892388	-2.344299	0	-0.4519043	4.428172	-84.38342	1.44376	
66	1.892388	-2.344299	0	-0.2174683	4.428172	-84.38342	1.44376	
67	1.892388	-2.109894	0	-0.2174683	4.428172	-84.38342	1.44376	
68	2.126817	-6.564087	0	3.533431	4.428172	-84.38342	1.44376	
69	-1.858521	-2.344299	0	-0.2174683	4.428172	-84.38342	1.44376	
70	2.126817	-1.875458	0	-0.4519043	4.428172	-84.38342	1.44376	
71	2.126817	-1.641022	0	0.7202524	4.428172	-84.38342	1.44376	
72	1.423524	-1.641022	0	0.7202524	4.428172	-84.38342	1.44376	
73	1.189095	-5.391937	0	3.533432	4.428172	-84.38342	1.44376	
74	-2.327393	-2.344299	0	0.01695187	4.428172	-84.38342	1.44376	
75	2.126817	-1.641022	0	0.9546807	4.428172	-84.38342	1.44376	
76	1.189095	-1.406586	0	0.01695184	4.428172	-84.38342	1.44376	
77	1.65796	-1.875458	0	-0.2174683	4.428172	-84.38342	1.44376	
78	2.126817	-5.391937	0	4.705596	4.428172	-84.38342	1.44376	
79	-3.03067	-1.641022	0	0.01695163	4.428172	-84.38342	1.44376	
80	1.892388	-1.875458	0	0.01695163	4.428172	-84.38342	1.44376	
81	2.126817	-2.344299	0	-0.2174683	4.428172	-84.38342	1.44376	
82	2.126817	-1.875458	0	-0.2174683	4.428172	-84.38342	1.44376	
83	2.126817	-6.564087	0	4.236732	4.428172	-84.38342	1.44376	
84	-2.092957	-2.109894	0	-0.2174683	4.428172	-84.38342	1.44376	
85	1.892389	-2.109894	0	-0.2174683	4.428172	-84.38342	1.44376	
86	1.892389	-1.641022	0	0.2513874	4.428172	-84.38342	1.44376	
87	1.65796	-1.875458	0	0.4858158	4.428172	-84.38342	1.44376	
88	0.9546601	-5.391937	0	3.533431	4.428172	-84.38342	1.44376	
89	-1.858521	-1.641022	0	-0.2174683	4.428172	-84.38342	1.44376	
90	2.126817	-1.406586	0	0.7202522	4.428172	-84.38342	1.44376	
91	1.189096	-1.406586	0	0.01695173	4.428172	-84.38342	1.44376	
92	1.892389	-1.641022	0	-0.4519043	4.428172	-84.38342	1.44376	
93	1.892389	-5.391937	0	5.643325	4.428172	-84.38342	1.44376	
94	-2.561829	-1.641022	0	0.7202522	4.428172	-84.38342	1.44376	
95	1.423524	-1.406586	0	0.2513878	4.428172	-84.38342	1.44376	
96	1.892389	-1.641022	0	-0.2174683	4.428172	-84.38342	1.44376	
97	2.126817	-2.109894	0	-0.2174683	4.428172	-84.38342	1.44376	
98	2.361253	-5.626373	0	4.47116	4.428172	-84.38342	1.44376	
99	-2.561829	-2.109894	0	-0.2174683	4.428172	-84.38342	1.44376	
100	2.126817	-2.344299	0	-0.2174683	4.428172	-84.38342	1.44376	
101	2.126817	-1.641022	0	-0.4519043	4.428172	-84.38342	1.44376	
102	2.126817	-1.641022	0	0.01695181	4.428172	-84.38342	1.44376	
103	2.126817	-6.329651	0	4.002296	4.428172	-84.38342	1.44376	
104	-2.327393	-2.344299	0	-0.2174683	4.428172	-84.38342	1.44376	
105	1.892389	-1.875458	0	-0.2174683	4.428172	-84.38342	1.44376	
106	2.126817	-1.406586	0	0.7202524	4.428172	-84.38342	1.44376	
107	1.189096	-1.641022	0	0.9546807	4.428172	-84.38342	1.44376	
108	1.189096	-5.626373	0	3.767868	4.428172	-84.38342	1.44376	
109	-1.624084	-1.406586	0	0.4858162	4.428172	-84.38342	1.44376	
110	1.657961	-1.406586	0	0.01695188	4.428172	-84.38342	1.44376	
111	1.423525	-1.406586	0	-0.2174683	4.428172	-84.38342	1.44376	
112	2.126817	-2.109894	0	-0.2174683	4.428172	-84.38342	1.44376	


Angle MV instances
Rotate	124.7009	3.516479	27.66296	33.28937	60.48344	2.109886	8.205101	6.095215	3.047615	4.454201	
ChildRotate	39.15015	2.34433	2.109894	21.80219	12.4249	3.516479	3.282043	9.377289	12.19046	4.68866	10.08057	10.78387	8.673981	3.985352	14.06592	3.282043	3.985352	5.157501	4.454193	5.157501	4.923065	4.219788	4.219788	3.047607	3.516479	4.688629	4.219757	4.219757	4.219757	3.047638	3.985352	4.454193	4.219788	3.750916	3.047638	3.516479	3.750916	4.688629	4.454193	3.516479	3.750916	3.750916	3.750916	3.516479	3.516479	4.688629	3.985352	3.985352	4.219788	
RotateInverse	
ChildRotateInverse	5.643323	3.985352	32.1172	20.86444	2.813183	8.20512	8.908417	4.688644	6.5641	7.267385	6.564095	8.673981	2.344322	3.985336	3.282051	3.750916	3.985336	2.813187	3.985335	5.626374	5.157508	4.923073	5.157493	5.157508	4.454208	5.391928	5.157508	3.7509	3.7509	2.813179	3.51648	4.923065	4.688645	4.4542	4.4542	3.047615	3.750899	6.09523	4.923073	4.688628	4.688628	3.985345	4.219765	2.813187	3.282051	
Docking x	13.86041	2.18924	6.308807	15.74456	15.11668	13.41089	11.94753	7.049053	11.98958	15.45344	10.45333	6.180676	5.483858	7.830302	5.697817	2.454901	
Docking y	91.80969	3.144455	2.360069	3.881882	5.164314	4.398659	4.369843	7.787663	10.78352	20.16669	47.16004	46.76166	13.05899	2.542053	2.736816	
Docking z	173.0981	5.096512	347.5822	33.16571	10.65888	6.230774	15.6786	43.22772	45.29171	14.34268	4.533243	2.410103	7.351857	5.229267	4.403599	
Total MV Amount	1959.861


Angle TRE instances
Rotate	9	18	19	
ChildRotate	14	17	22	28	29	33	34	38	39	43	44	48	49	53	54	58	59	63	64	68	69	73	74	78	79	83	84	88	89	93	94	98	99	103	104	108	109	
RotateInverse	1	
ChildRotateInverse	2	6	19	43	44	58	59	63	64	93	94	
Docking x	6	7	20	
Docking y	
Docking z	14	15	16	17	19	
Total TRE Count	59


Correct Angles	Rotate	ChildRotate	RotateInverse	ChildRotateInverse	Docking x	Docking y	Docking z
	-6.332881E-31	0	0	0	0	0	0

Angle Error	Rotate	ChildRotate	RotateInverse	ChildRotateInverse	Docking x	Docking y	Docking z
	2.126817	5.626373	0	4.236732	4.428172	84.38342	1.44376

Time Taken	Hours	Minutes	Seconds	Milliseconds	Seconds float	Completion time
	0	0	6	742	6.742077	00h:00m:06s:742ms

Final Results	Tester Name	Time of Test	Dock Shape Style	Virtual Device Visible	Time Taken	Shape Precision %	Orientation Precision %	Overall Precision %	Efficiency %	Difficulty	Total MV	Total TRE	
	1	2018-11-27_20:12:25	ZEROING DATA	True	00h:00m:06s:742ms	98.33473	84.10608	91.8853	100	7.036534E-34	1959.861	59	
