
Angles Over Time
Frames	Rotate	ChildRotate	RotateInverse	ChildRotateInverse	Docking x	Docking y	Docking z	
0	0.9284385	-4.68869	0	4.21042	0	0	0	
1	-3.047607	1.875458	0	-1.875458	0.02147725	0.2349571	-0.01373291	
2	0.4688645	5.391937	0	-3.985352	0.08532061	0.4234017	-0.005156256	
3	2.344322	5.391937	0	-3.750916	0.05142166	0.5933924	-0.005457608	
4	1.875458	5.391937	0	-3.985352	0.08806395	0.9266364	-0.02148438	
5	2.109886	5.391937	0	-3.985352	0.1763795	1.049302	-0.02130127	
6	2.109886	2.344322	0	-0.9377136	0.2456775	1.374151	-0.03887939	
7	-1.641022	4.219779	0	-3.985352	0.3001415	2.098156	0.02041324	
8	0.4688647	3.28205	0	-3.985352	0.4304057	3.269171	0.07057356	
9	0.9377291	4.219779	0	-3.516479	0.2916571	4.738629	0.1860485	
10	0.2344286	-3.750916	0	-4.219788	0.7322741	7.507703	-0.1185303	
11	0.703293	-16.87912	0	0.9377288	1.4142	10.79316	-0.4180603	
12	-4.219788	-15.4725	0	-1.641022	0.952172	12.82758	-0.3634338	
13	-1.17215	-14.06592	0	-3.282043	1.584102	13.46328	-0.5953064	
14	1.765814E-07	-5.860809	0	-3.750916	2.342024	13.82634	-0.4827576	
15	1.172158	3.282052	0	-3.985352	2.438171	14.38637	-0.4765015	
16	0.7032931	5.860802	0	-3.282043	2.523444	14.98335	-0.5672607	
17	-8.908417	2.344323	0	1.406594	2.650731	18.07262	-0.9189453	
18	-15.23807	4.688645	0	-1.641022	2.798947	19.49495	-1.134766	
19	-12.19046	6.095231	0	3.047616	2.837196	21.40705	-1.364716	
20	-11.72159	6.798531	0	33.75821	2.683447	22.73858	-1.139343	
21	-10.08057	7.267395	0	49.46515	2.835623	23.14621	-1.543732	
22	-10.08057	7.267395	0	50.87175	3.842844	22.60676	-3.960022	
23	-10.54944	3.51648	0	51.57505	8.161455	22.38239	-12.86035	
24	-3.047607	6.095231	0	50.87175	17.03795	22.20871	-9.094543	
25	-1.17215	5.860802	0	42.19777	30.44095	25.49126	-2.304718	
26	-1.641022	4.923073	0	19.92672	37.55787	26.11893	-0.402832	
27	-1.17215	5.626373	0	18.52013	43.8113	27.07371	1.707758	
28	-1.17215	2.344322	0	22.50548	50.21537	29.48531	5.997081	
29	-5.860809	4.21978	0	5.157504	54.16463	34.85534	17.66543	
30	-2.813171	5.626373	0	-3.750916	58.5707	45.78615	35.8634	
31	-1.641022	7.267395	0	-3.516479	60.55901	53.36424	47.43703	
32	-0.4688721	6.329666	0	-3.750916	60.80783	60.71751	54.64988	
33	0.2344294	6.329666	0	-4.219788	58.54715	62.50189	52.58881	
34	0.4688655	3.985344	0	-1.17215	51.74468	55.07201	37.01754	
35	-3.047607	5.157509	0	-3.985352	41.80463	53.02969	28.43015	
36	-0.7033081	3.750915	0	-3.985352	35.49159	55.96168	34.61639	
37	-0.7033081	-3.516479	0	-3.985352	28.385	56.76421	45.85607	
38	-0.7033081	-3.516479	0	-3.750916	19.37349	55.39775	53.5655	
39	-0.7033081	-9.142853	0	-1.17215	9.504846	52.07758	62.3237	
40	-4.454193	-28.36627	0	-1.875458	3.206231	52.30372	76.48078	
41	-1.875458	-33.0549	0	-3.047607	-3.298187	53.39901	97.03628	
42	-7.736267	-32.35162	0	-2.813171	-9.020599	55.20142	123.6147	
43	-31.88275	-32.35162	0	-3.516479	-13.35175	55.80543	144.6792	
44	-54.62265	-28.13184	0	-3.282043	-16.06754	53.02883	164.219	
45	-72.90836	-27.19412	0	1.406597	-17.52454	51.20401	174.8696	
46	-75.72153	-24.61536	0	10.08058	-17.56128	52.64462	171.3074	
47	-71.50177	-23.67761	0	18.52013	-17.42273	56.11482	159.7223	
48	-48.05856	-23.67761	0	28.13184	-17.02563	59.79669	147.9746	
49	-27.66299	-21.56775	0	28.83514	-16.25943	61.34132	142.4147	
50	-26.72525	-24.61536	0	32.82048	-16.8017	65.672	140.4993	
51	-11.25275	-19.45786	0	30.24174	-15.79422	68.79317	136.017	
52	-3.750916	-15.4725	0	28.36628	-16.18542	70.73515	135.7994	
53	-2.34433	-14.30035	0	30.71059	-16.30408	69.01213	136.314	
54	-0.7033081	-12.65933	0	32.11719	-16.81207	64.91631	134.1304	
55	-0.4688721	-11.48715	0	32.82049	-17.23972	62.49203	132.8395	
56	-1.17218	-2.813171	0	33.52378	-16.84052	61.98193	131.0688	
57	-3.282043	3.985347	0	31.88276	-17.27512	62.72034	127.9693	
58	-1.641022	4.454211	0	34.22708	-18.38074	61.82242	127.7561	
59	-2.34433	4.454211	0	39.85345	-18.84625	59.98604	128.918	
60	-2.34433	0.9377313	0	48.05857	-19.7699	59.0608	130.6028	
61	-2.109894	-3.985352	0	61.42119	-19.25934	58.55006	130.3703	
62	-5.860809	-1.875458	0	67.51643	-18.98306	58.20536	129.1181	
63	-3.047607	2.347563E-06	0	73.37723	-19.04333	57.95321	127.789	
64	-2.34433	-0.234436	0	76.19042	-18.64374	57.13148	127.6764	
65	-1.641022	-0.7032776	0	76.19042	-18.51239	56.77856	127.2895	
66	-1.641022	-0.234436	0	76.89371	-19.35562	57.31634	126.8498	
67	-1.641022	-3.750916	0	72.90838	-20.17142	57.81589	126.8151	
68	-4.923065	3.282053	0	76.42485	-21.24164	58.10852	127.5853	
69	-1.641022	4.923075	0	53.91938	-22.87466	58.44183	129.1669	
70	-1.641022	5.860804	0	76.42485	-23.49139	57.70313	132.3499	
71	-0.4688721	4.688647	0	75.95599	-23.65558	56.47712	135.2447	
72	-1.707533E-06	6.095232	0	76.19042	-24.09222	55.59001	137.1154	
73	-0.234436	3.516482	0	77.36257	-24.51666	56.47698	136.6708	
74	-3.516479	4.923075	0	76.19041	-24.91968	58.98989	135.1545	
75	-0.9377441	5.39194	0	76.65928	-24.65677	62.438	133.0495	
76	-1.875458	4.923076	0	74.54939	-23.92239	66.28867	132.4975	
77	-0.9377441	4.688648	0	73.84609	-22.81906	69.20071	131.1688	
78	-0.9377441	0.7033038	0	77.12814	-21.45975	72.10853	129.117	
79	-5.860809	3.985348	0	75.01826	-20.42743	74.16966	126.9014	
80	-1.17218	4.454212	0	73.61166	-19.81339	76.12771	124.8837	
81	-0.7033081	6.564098	0	74.08054	-19.05762	77.50256	122.5214	
82	-1.932395E-06	7.032962	0	74.31496	-18.48224	78.53477	119.6684	
83	-1.932395E-06	6.798534	0	74.31496	-18.78275	79.37431	117.7765	
84	-1.932395E-06	2.81319	0	75.01826	-19.51114	79.59431	116.2107	
85	-2.34433	5.39194	0	54.62268	-20.23767	79.57491	115.0649	
86	-0.9377441	5.157513	0	-3.985321	-20.07178	80.17104	113.5281	
87	-0.4688721	5.39194	0	72.20508	-19.34875	80.58391	112.5526	
88	-0.9377441	5.39194	0	70.56405	-18.63986	80.92113	111.6201	
89	-0.7033081	1.641033	0	59.78018	-18.68268	80.96986	110.5731	
90	-4.68866	3.047619	0	76.65928	-19.18988	81.1274	110.1557	
91	-1.875458	4.923076	0	77.12815	-19.49997	81.42494	110.3624	
92	-0.4688721	6.329669	0	78.53474	-19.99976	81.22883	111.6192	
93	0.9377272	4.454212	0	78.76917	-20.39252	80.67123	112.9218	
94	0.7032912	0.7033041	0	78.30032	-20.38913	80.17171	113.3395	
95	0.9377272	-3.282043	0	80.17577	-20.12946	79.93045	113.7726	
96	-2.34433	-2.109894	0	79.47247	-20.01352	79.98091	113.8642	
97	-0.9377441	-2.813171	0	79.00361	-20.05585	79.87553	114.1755	
98	-0.7033081	-2.813171	0	79.00361	-20.20358	79.57835	114.9275	
99	-0.4688721	-2.109894	0	79.47247	-20.16913	79.30464	115.765	
100	-0.7033081	-5.391937	0	80.41021	-19.91452	79.11294	116.5472	
101	-3.985352	-3.750916	0	80.87907	-19.67401	79.07076	116.9234	
102	-2.578766	-1.875458	0	79.94134	-19.69183	78.98782	117.3055	
103	-0.7033081	-2.109894	0	75.72156	-19.88278	78.67661	117.8356	
104	-0.7033081	-1.875458	0	80.41021	-19.95828	78.57702	117.892	
105	-0.4688721	-2.109894	0	80.87907	-19.71283	78.61474	117.8061	
106	-0.4688721	-6.798523	0	83.69225	-19.4595	78.74665	117.573	
107	-5.626373	-2.578735	0	81.8168	-19.33261	78.74468	117.6939	
108	-0.234436	-2.109894	0	81.58236	-19.29941	78.70549	117.855	
109	-0.9377441	-1.406586	0	81.11349	-19.26016	78.71136	118.0853	
110	0.9377279	-0.4688721	0	81.34792	-19.30011	78.68301	118.2552	
111	0.703292	-1.641022	0	81.58235	-19.34344	78.69417	118.5198	
112	0.4688635	-3.985352	0	82.5201	-19.39456	78.68245	118.5575	
113	-2.578766	-2.109894	0	81.8168	-19.54007	78.61125	118.7888	
114	-1.17218	-2.109894	0	81.58235	-19.5903	78.57924	118.9252	
115	-0.4688721	-2.578735	0	81.34792	-19.55209	78.49786	119.002	
116	-0.4688721	-2.109894	0	81.58235	-19.55667	78.41809	119.1692	
117	-0.7033081	-6.095215	0	83.22338	-19.53751	78.29906	119.313	


Angle MV instances
Rotate	3.976046	3.516472	4.92308	3.047638	9.61171	6.329651	3.047607	7.501831	4.68866	3.047638	3.516473	2.344299	3.750885	2.578735	5.860809	24.14648	22.7399	18.28571	2.813171	4.219757	23.44321	20.39557	15.4725	7.501831	2.109863	3.750916	2.813202	3.282043	3.282043	3.282043	2.578735	4.923065	4.688629	2.344328	3.985352	2.813202	3.282043	5.157501	5.391937	3.047629	
ChildRotate	4.68869	6.564148	3.516479	3.047616	13.1282	8.205109	9.142861	2.57875	3.516479	2.344322	3.750915	2.578751	3.282051	2.344322	5.626373	19.22342	4.688629	4.219788	2.578766	2.109863	3.047607	5.157501	3.985352	8.673981	3.51648	4.923083	2.109894	3.516479	2.57875	3.985344	3.282044	2.109886	3.985344	2.57875	3.750907	3.750908	3.985348	3.282043	4.688629	4.219788	2.34433	3.985321	
RotateInverse	
ChildRotateInverse	4.21042	6.085878	2.109894	3.047638	3.047638	5.157516	30.71059	15.70694	8.673981	22.27104	3.985346	17.34797	3.047638	2.813202	2.578766	8.673981	8.439554	9.611706	3.985344	2.578749	2.344315	2.344324	5.626366	8.20512	13.36262	6.095238	5.860802	2.813194	3.985336	3.516472	22.50547	22.50547	2.109886	3.282051	2.109886	20.39558	58.608	76.1904	10.78387	16.8791	4.21978	4.688652	2.813179	
Docking x	4.318611	8.876497	13.403	7.116911	6.253433	6.404076	3.949257	4.406071	2.260689	6.802464	9.940056	6.313038	7.106588	9.011509	9.868646	6.298615	5.722412	4.331146	2.71579	
Docking y	2.769073	3.285458	2.034416	3.089265	3.282551	2.411604	5.370033	10.93081	7.578091	7.353268	7.429878	2.042324	2.931988	3.320164	2.7766	3.4702	3.68187	4.330677	3.12117	4.095818	2.424282	2.512909	3.448109	3.85067	2.912041	2.907822	2.061134	
Docking z	2.41629	8.90033	3.765808	6.789825	4.289322	11.66835	18.19796	11.57363	7.212849	2.061069	15.57127	8.587387	6.186245	11.23968	7.709427	8.758202	14.15708	20.5555	26.57844	21.06451	19.53981	10.65057	3.562241	11.58504	11.74773	5.559921	4.482269	2.183548	3.099449	3.182983	2.894821	2.104996	2.051849	2.215607	2.017708	2.362221	2.853027	
Total MV Amount	1459.313


Angle TRE instances
Rotate	1	17	24	29	30	42	52	62	63	79	80	107	108	
ChildRotate	1	2	6	11	15	16	17	19	23	24	26	27	28	30	34	35	36	39	56	70	71	72	73	75	76	81	84	85	89	92	93	100	101	106	107	117	
RotateInverse	1	
ChildRotateInverse	
Docking x	59	
Docking y	82	
Docking z	81	86	98	
Total TRE Count	52


Correct Angles	Rotate	ChildRotate	RotateInverse	ChildRotateInverse	Docking x	Docking y	Docking z
	0	0	0	90	-22.87625	81.23923	119.4399

Angle Error	Rotate	ChildRotate	RotateInverse	ChildRotateInverse	Docking x	Docking y	Docking z
	4.454224	3.750916	0	7.714348	3.412933	2.967072	0.3885956

Time Taken	Hours	Minutes	Seconds	Milliseconds	Seconds float	Completion time
	0	0	6	964	6.963908	00h:00m:06s:964ms

Final Results	Tester Name	Time of Test	Dock Shape Style	Virtual Device Visible	Time Taken	Shape Precision %	Orientation Precision %	Overall Precision %	Efficiency %	Difficulty	Total MV	Total TRE	
	1	2018-11-27_20:17:08	Presets_dockPreset_5	True	00h:00m:06s:964ms	97.78896	99.37858	98.19936	83.43137	0.3483949	1459.313	52	
