
Angles Over Time
Frames	Rotate	ChildRotate	RotateInverse	ChildRotateInverse	Docking x	Docking y	Docking z	
0	-98.87369	-112.2928	0	141.888	-64.42258	148.2594	-69.16238	
1	-99.10812	-113.2306	0	142.3568	-60.41449	148.0403	-67.4787	
2	-100.2803	-112.9962	0	141.6535	-56.24054	147.3376	-64.49451	
3	-99.34253	-112.7617	0	141.6535	-52.80121	146.2742	-61.53534	
4	-99.34253	-112.9962	0	141.6535	-49.96402	147.0627	-60.11887	
5	-99.34253	-101.9778	0	141.6535	-46.94321	148.0173	-60.04996	
6	-99.57697	-61.42111	0	142.8257	-43.56989	151.9494	-68.37024	
7	-100.9836	-2.109802	0	142.1224	-42.53226	159.1416	-82.21582	
8	-100.2803	0.2345135	0	141.6535	-37.17746	162.8741	-91.13586	
9	-99.8114	1.875535	0	141.6535	-26.03952	164.8454	-86.28735	
10	-98.87369	1.406671	0	141.6535	-19.29416	166.7164	-85.76306	
11	-98.87369	1.875535	0	141.6535	-14.62021	166.879	-89.21146	
12	-99.10812	-1.64093	0	142.1224	-5.039917	170.5671	-91.90216	
13	-94.41949	-2.81311	0	141.6535	7.716619	177.3799	-103.537	
14	-70.27298	-38.68121	0	141.6535	15.55526	-174.9941	-118.5073	
15	-7.679657	-52.27826	0	140.0125	25.94291	-165.6532	-135.5165	
16	-0.646698	-61.18668	0	140.0125	43.62172	-156.3156	-125.1162	
17	0.2910428	-72.90826	0	140.7158	59.41646	-144.8772	-107.0961	
18	-5.100891	-74.08044	0	140.9502	68.69788	-111.5856	-67.83774	
19	-1.818848	-72.20499	0	140.2469	65.4316	-63.45721	-25.06424	
20	0.05660691	-65.87531	0	140.4814	62.01593	-42.08704	-15.21725	
21	1.697636	-40.55667	0	140.4814	54.81829	-31.70554	-20.6633	
22	1.697636	-18.98892	0	140.4814	48.01245	-26.13882	-32.86804	
23	1.4632	-9.377197	0	140.7158	40.52113	-23.19534	-39.76526	
24	-2.28772	-1.640961	0	135.3239	35.60254	-21.33749	-42.49051	
25	-0.8811035	-2.344238	0	102.9723	32.17944	-16.12061	-35.03802	
26	0.2910431	-2.109802	0	32.40823	26.61504	-12.93652	-24.28644	
27	0.05660703	-2.344238	0	15.06026	19.82017	-11.40164	-14.6311	
28	0.05660703	-7.267334	0	18.34231	14.94839	-10.86285	-8.640717	
29	-5.335327	-3.516418	0	15.99799	10.4332	-9.174011	-2.767944	
30	-16.58807	-0.9376526	0	9.433894	10.04534	-6.943359	4.287918	
31	-29.71625	0.9378014	0	7.792871	8.657833	-6.255402	14.21731	
32	-29.48181	-0.9376526	0	11.07491	5.977795	-5.84967	9.029612	
33	-28.07523	-4.219696	0	15.06026	3.854547	-5.920929	8.51676	
34	-18.93237	-21.09882	0	25.37527	2.651407	-6.285309	0.5343482	
35	-4.632019	-15.47244	0	1.697642	1.642282	-6.771973	0.3268681	
36	-1.584412	-3.98526	0	1.463206	1.38787	-6.944702	0.5453641	
37	-1.349976	0.4689372	0	1.228777	-0.5662842	-7.317505	0.7935044	
38	-0.412262	0.2345088	0	0.759913	-0.4966736	-7.342834	0.7176652	
39	0.7599068	0.2345088	0	0.759913	-0.9266968	-7.358673	0.7166539	
40	1.4632	-1.875397	0	3.104228	-0.691864	-7.448242	0.5289788	
41	-2.053284	0.4689372	0	0.5254772	-0.9699707	-7.981567	0.4919378	
42	-0.412262	7.283696E-05	0	0.7599132	-1.048859	-8.828522	0.4574665	
43	0.05660604	-0.4687805	0	0.7599132	-1.146301	-9.123871	0.39476	
44	0.05660604	0.4689374	0	0.9943417	-1.068054	-9.164612	0.3422644	
45	-0.1778259	-3.98526	0	6.855144	-1.070374	-9.222778	0.2959807	
46	-4.866455	-0.9376526	0	3.573092	-1.054352	-8.955261	0.2273693	
47	-1.11554	1.641094	0	0.5254773	-1.013641	-8.6474	0.1636751	
48	0.7599059	2.109959	0	1.228778	-0.9648743	-8.282196	0.1056486	
49	-0.412262	2.109959	0	1.228778	-0.9506836	-8.282715	0.07232785	
50	0.7599059	1.641094	0	0.2910489	-0.9279175	-8.282959	0.04659284	
51	0.52547	-1.875397	0	2.635363	-0.8943176	-7.94281	-0.009216309	
52	-1.818848	1.641094	0	0.5254774	-0.8391418	-7.942719	-0.03677368	
53	1.697635	0.2345085	0	0.2910489	-0.8162842	-7.943024	-0.06243896	
54	1.463199	0.7033652	0	1.228778	-0.8010559	-7.943237	-0.07952881	
55	-0.646698	0.7033652	0	0.9943419	-0.7581177	-7.61145	-0.1270142	
56	-0.412262	-4.454132	0	6.855144	-0.6381226	-7.610779	-0.1579895	
57	-5.100891	0.7033653	0	1.463207	-0.6304932	-7.610901	-0.1665344	
58	-0.646698	0.4689369	0	0.2910492	-0.6237488	-7.61145	-0.1912231	
59	0.05660557	0.7033653	0	0.7599136	-0.6008301	-7.611816	-0.2168274	
60	-0.412262	7.242075E-05	0	0.2910492	-0.6017151	-7.612244	-0.2330017	
61	0.05660556	-3.281982	0	4.041957	-0.5950012	-7.612793	-0.2577209	
62	-3.694305	-0.2343445	0	0.5254773	-0.5873413	-7.612915	-0.2662354	
63	0.291042	7.234445E-05	0	0.5254773	-0.5873413	-7.612915	-0.2662354	
64	0.05660594	0.7033652	0	0.2910489	-0.5873413	-7.612915	-0.2662354	
65	0.05660594	0.4689368	0	0.9943419	-0.5989075	-7.297302	-0.2851563	
66	-0.1778259	-3.516418	0	4.276393	-0.5989075	-7.297302	-0.2851563	
67	-3.928741	0.7033651	0	2.166499	-0.5989075	-7.297302	-0.2851563	


Angle MV instances
Rotate	98.87369	4.688629	24.14651	62.59332	7.032959	5.391934	3.282043	5.391934	11.25275	13.12817	9.142853	14.30035	3.047607	4.688629	3.750916	4.688629	4.454193	3.750911	3.985347	3.750916	
ChildRotate	112.2928	11.01831	40.55673	59.31131	35.8681	13.59705	8.908417	11.72159	6.329681	25.31863	21.56775	9.611725	7.736237	4.923096	3.750916	2.578766	3.282043	16.87912	5.626373	11.48718	4.454197	4.454197	3.047607	5.157497	5.157497	3.282055	3.047638	3.985355	4.219784	
RotateInverse	
ChildRotateInverse	141.888	5.391922	32.35162	70.56403	17.34797	3.28205	2.344319	6.564095	3.282044	3.985345	10.31501	23.67763	2.344315	2.578751	5.860802	3.282051	3.047615	2.344315	2.109886	5.860802	5.391937	3.750908	3.516479	3.282051	2.109894	
Docking x	64.42258	4.008087	4.17395	3.439331	2.837189	3.020813	3.373322	5.354797	11.13794	6.745361	4.67395	9.580292	12.75654	7.838637	10.38765	17.67881	15.79474	9.281418	3.266273	3.415676	7.197632	6.80584	7.491329	4.918587	3.423096	5.564404	6.794872	4.871782	4.515187	2.680038	2.123248	
Docking y	148.2594	3.932098	7.192184	3.732422	3.68811	6.812866	352.374	9.340942	9.337585	11.43834	33.29163	48.12839	21.37018	10.3815	5.566711	2.943481	5.216888	3.184082	2.230652	
Docking z	69.16238	2.984192	2.959167	8.320282	13.84558	8.920044	4.848511	3.448395	2.690704	11.6348	14.97035	17.0092	10.40027	18.02014	39.25836	42.7735	9.846985	5.446045	12.20474	6.897217	2.72525	7.452484	10.75159	9.655334	5.990387	5.872772	9.929394	5.187699	7.982412	
Total MV Amount	2426.171


Angle TRE instances
Rotate	17	18	19	29	35	57	58	
ChildRotate	8	14	24	28	29	34	36	
RotateInverse	1	
ChildRotateInverse	36	45	46	56	57	
Docking x	34	
Docking y	
Docking z	30	31	34	
Total TRE Count	23


Correct Angles	Rotate	ChildRotate	RotateInverse	ChildRotateInverse	Docking x	Docking y	Docking z
	-5.078158E-18	-2.485417E-37	0	6.094493E-18	0	0	0

Angle Error	Rotate	ChildRotate	RotateInverse	ChildRotateInverse	Docking x	Docking y	Docking z
	0.2910423	0.7033651	0	0.5254773	0.6030884	6.980957	0.312439

Time Taken	Hours	Minutes	Seconds	Milliseconds	Seconds float	Completion time
	0	0	4	16	4.015518	00h:00m:04s:016ms

Final Results	Tester Name	Time of Test	Dock Shape Style	Virtual Device Visible	Time Taken	Shape Precision %	Orientation Precision %	Overall Precision %	Efficiency %	Difficulty	Total MV	Total TRE	
	1	2018-11-27_20:13:49	ZEROING DATA	True	00h:00m:04s:016ms	99.7889	98.64937	99.25267	100	1.241406E-20	2426.171	23	
