
Angles Over Time
Frames	Rotate	ChildRotate	RotateInverse	ChildRotateInverse	Docking x	Docking y	Docking z	
0	0.05660623	0.2345084	0	0.5254773	-0.01315308	0.3078742	-0.01541138	
1	0.01532795	0.4688568	0	0.7186285	0.02465118	0.0005491975	0.006947237	
2	-0.9223938	-0.7033081	0	1.890785	0.07351708	-0.007232666	0.004750872	
3	-0.2190857	0.4688568	0	0.01532797	0.008471071	0.0003214012	0.007709141	
4	0.2497638	1.87545	0	0.249764	-0.1129761	0.0311684	0.02065459	
5	1.421921	1.641022	0	-0.2190857	-0.07711792	0.4542387	0.04837014	
6	1.656357	0.2344285	0	0.7186285	0.04175546	0.4592366	0.172958	
7	-0.6879578	-5.860809	0	24.86512	0.9485447	0.9393441	0.5231131	
8	-4.907745	-22.03662	0	45.02628	2.38671	1.127684	0.01159221	
9	0.01532738	-24.38092	0	50.65264	2.624922	2.390011	-0.4312744	
10	1.421921	-2.34433	0	51.35595	3.274888	1.284328	-0.7442322	
11	-3.50116	1.64102	0	39.86877	4.030102	2.135791	-1.348572	
12	-18.50479	2.109885	0	28.61604	6.340642	4.469108	2.204523	
13	-44.29233	-2.34433	0	14.78456	9.026223	6.479911	14.46779	
14	-76.17508	-15.47253	0	12.9091	14.91052	9.217496	16.63702	
15	-101.9626	-33.28934	0	6.579431	15.12054	10.80131	21.64444	
16	-129.3911	-53.68494	0	-0.2190857	11.32942	11.30036	28.32771	
17	-140.6439	-53.21606	0	-0.2190857	10.421	14.35271	30.64976	
18	-140.4094	-56.49811	0	5.876138	15.91303	20.18873	34.03723	
19	-140.6439	-54.62268	0	2.125223	23.90329	27.15697	41.50593	
20	-140.8783	-53.4505	0	0.01533688	31.9117	36.61059	47.8097	
21	-140.8783	-52.51279	0	0.01533688	36.31238	44.23301	49.60109	
22	-140.8783	-52.51279	0	-0.2190857	38.85998	44.46503	44.71085	
23	-140.8783	-52.98163	0	0.2497729	44.76818	45.58564	40.54241	
24	-141.3472	-29.77289	0	2.125223	49.40826	44.85629	29.56926	
25	-143.457	-10.315	0	-0.4535217	58.74016	56.00754	32.09099	
26	-143.6915	-6.802536E-06	0	-0.2190857	69.82026	77.96298	43.54663	
27	-143.457	0.7032861	0	0.01533704	77.21516	113.0838	70.29039	
28	-143.457	0.7032861	0	0.2497731	77.15603	153.8891	107.778	
29	-143.457	-3.282043	0	4.235117	76.1263	172.3103	133.296	
30	-143.457	-18.75458	0	2.125223	73.02582	176.9861	147.1577	
31	-143.457	-30.7106	0	-0.2190857	70.29877	176.8216	150.612	
32	-143.2226	-34.93039	0	-0.2190857	69.74232	173.2	146.1148	
33	-143.6915	-34.46152	0	-0.2190857	72.89199	168.5959	143.3748	
34	-143.6915	-35.8681	0	0.2497732	76.48817	175.9428	147.5071	
35	-143.457	-39.61902	0	5.64171	84.49605	177.6084	139.276	
36	-143.2226	-35.63367	0	0.7186374	86.2388	-170.2197	139.6296	
37	-143.457	-35.16483	0	0.4842013	87.28085	-162.2986	139.1523	
38	-143.457	-34.93039	0	-0.2190857	87.57682	-161.7745	131.6293	
39	-134.3142	-51.1062	0	-0.2190857	87.97319	-153.249	129.593	
40	-113.4497	-59.07687	0	0.01533691	87.29369	-127.7834	145.8513	
41	-99.85269	-69.39188	0	19.94206	86.85913	-106.948	158.0938	
42	-77.8161	-79.0036	0	74.09585	85.72561	-68.953	150.5339	
43	-9.127502	-77.83142	0	72.68926	85.14663	-51.29691	149.5659	
44	-1.391235	-73.84607	0	94.9603	85.29881	-53.49255	144.2946	
45	-0.9223938	-73.14279	0	102.4621	86.25833	-62.24252	134.4842	
46	-0.6879578	-75.25269	0	96.60133	87.94776	-120.0481	78.27209	
47	-5.142151	-75.48712	0	103.6343	86.53326	-169.0106	31.51133	
48	-2.094543	-82.05121	0	97.7735	85.29602	171.8783	15.9778	
49	-0.6879578	-92.36621	0	83.47314	83.95701	159.7442	7.899529	
50	0.7186385	-101.2746	0	83.23871	82.67689	155.5225	8.553658	
51	0.7186385	-101.2746	0	91.67827	82.38445	157.9	10.47504	
52	0.4842024	-102.2124	0	113.246	83.49666	163.7764	12.53936	
53	-2.328979	-101.5091	0	127.5464	84.96915	163.6969	10.84449	
54	-0.9223938	-101.7435	0	136.9236	88.19908	-178.3998	28.41115	
55	-0.6879578	-101.7435	0	137.1581	88.58004	-92.84372	114.7073	
56	-0.9223938	-101.7435	0	137.1581	87.95101	-68.1821	140.4058	
57	-0.6879578	-103.1501	0	138.0958	87.57069	-63.38858	145.4685	
58	-4.673309	-116.2783	0	137.8614	87.41139	-62.68939	146.6947	
59	-2.094543	-130.5786	0	139.5024	88.74258	-85.45142	126.8528	
60	-1.625671	-132.4541	0	139.9713	87.91231	168.8663	24.73268	
61	0.7186381	-137.846	0	142.55	87.09249	172.6865	29.47244	
62	0.7186381	-142.0658	0	142.7844	87.43311	177.0399	33.84652	
63	0.7186381	-144.6446	0	143.2533	87.48963	-178.157	38.61211	
64	-2.563416	-146.2856	0	143.0189	88.17747	-152.4178	64.16163	
65	-1.391235	-146.52	0	143.0189	87.96847	-94.15692	122.844	
66	-0.6879578	-146.7544	0	143.7222	87.98734	-92.5784	124.9023	
67	-1.391235	-146.7544	0	143.7222	88.24431	-103.5878	114.3084	
68	-0.9223938	-146.52	0	144.191	88.56387	-114.6214	103.5634	
69	-4.673309	-146.7544	0	143.9566	88.8175	-135.4097	83.374	
70	-2.328979	-146.52	0	143.7222	88.99283	-154.1314	65.33456	
71	-0.6879578	-146.7544	0	143.7222	89.38963	-152.1127	68.19075	
72	-0.4535217	-146.52	0	143.7222	88.81949	-70.86368	150.0632	
73	0.7186383	-146.7544	0	143.7222	88.0295	-62.98996	159.3653	
74	-0.6879578	-146.52	0	144.4255	88.04796	-62.34381	160.9551	
75	-6.783173	-146.7544	0	143.9566	88.13964	-58.46988	165.1937	
76	-0.6879578	-146.7544	0	143.4877	88.09443	-54.32321	169.5826	
77	-0.6879578	-146.7544	0	143.7222	88.15718	-52.2182	171.7472	
78	0.4842024	-146.9889	0	143.4877	88.13124	-50.64981	173.3959	
79	0.7186385	-146.9889	0	143.7222	88.15263	-49.1969	174.8555	
80	0.4842025	-146.52	0	143.7222	88.18167	-47.86261	176.1555	
81	-2.797852	-146.9889	0	143.7222	88.21414	-46.75552	177.2871	
82	0.4842024	-146.9889	0	143.7222	88.23187	-45.18234	178.8519	
83	-0.6879578	-146.7544	0	143.7222	88.25954	-43.74011	-179.6889	
84	-0.9223938	-146.7544	0	143.4877	88.28445	-42.84882	-178.7777	
85	-0.4535217	-146.52	0	143.9566	88.29383	-41.53915	-177.5075	
86	-4.673309	-146.7544	0	143.4877	88.30904	-40.71188	-176.6988	
87	-1.391235	-146.7544	0	143.7222	88.32485	-39.86453	-175.8494	
88	-1.391235	-146.9889	0	143.7222	88.35004	-38.5007	-174.5275	
89	-1.391235	-146.7544	0	143.7222	88.38626	-36.83875	-173.0007	
90	-0.6879578	-146.52	0	143.7222	88.34875	-35.43033	-171.866	
91	-4.438873	-146.7544	0	143.7222	88.33188	-35.06842	-171.573	
92	-0.9223938	-146.7544	0	143.7222	88.34058	-33.92441	-170.4552	
93	-0.9223938	-146.7544	0	143.7222	88.35028	-33.39545	-169.9342	
94	-0.6879578	-146.7544	0	143.7222	88.36853	-32.32684	-168.9026	
95	-0.6879578	-146.52	0	144.191	88.36649	-31.69504	-168.2889	
96	-5.142151	-146.7544	0	143.9566	88.42442	-30.67493	-167.2935	


Angle MV instances
Rotate	4.219788	4.923073	4.92308	15.00363	25.78754	31.88275	25.78751	27.42854	11.25275	2.109894	9.142853	20.86446	13.59705	22.03659	68.6886	7.736267	4.454193	3.047607	3.985352	2.578766	3.750916	2.34433	6.095215	6.095215	3.282054	3.282054	4.219788	3.282074	3.750916	3.516479	4.454193	
ChildRotate	6.095238	16.17581	2.344299	22.03659	13.1282	17.8168	20.3956	3.282043	23.20874	19.45789	10.315	3.98533	15.47253	11.95602	4.219788	3.750916	3.985352	16.17581	7.970673	10.315	9.611725	3.985352	2.109894	6.564087	10.315	8.908417	13.1282	14.30035	5.391937	4.219772	2.578751	
RotateInverse	
ChildRotateInverse	24.14649	20.16116	5.626366	11.48717	11.25273	13.83149	6.329665	6.798517	6.095224	3.750915	2.109886	3.985344	2.109894	5.391937	4.923073	19.92672	54.15379	22.27103	7.501831	5.860802	7.032974	5.860802	14.30035	8.43956	21.56774	14.30035	9.377281	2.578766	
Docking x	2.31054	2.685581	5.884294	3.791121	5.492026	7.990262	8.008411	4.400682	2.5476	5.908203	4.640072	9.331905	11.0801	7.394897	3.100479	2.727051	3.149673	3.596176	8.007881	3.229927	
Docking y	2.333317	2.010803	2.737585	3.052341	5.836027	6.968239	9.453621	7.622417	11.15125	21.95544	35.12083	40.80533	18.42113	4.675781	3.621582	4.604126	7.346939	347.828	7.921005	8.525497	25.46552	20.83548	37.99496	17.6561	2.195648	8.749969	57.80554	48.96249	340.8888	12.134	4.221786	2.377518	5.876434	342.0967	85.55608	24.66162	4.793518	22.76202	254.3177	3.820206	4.353378	25.73926	58.26085	11.00943	11.03355	20.7883	18.72176	2.018738	81.24902	7.873718	3.873932	4.146667	2.105011	
Docking z	12.26327	2.169226	5.007425	6.683271	2.322048	3.387466	7.4687	6.303776	4.890236	4.168446	10.97315	2.52173	11.45564	26.74376	37.48765	25.51795	13.86174	3.454224	4.497162	2.73996	4.132278	8.231094	7.52298	2.036346	16.25832	12.24252	7.559937	5.271378	9.810333	56.21214	46.76076	15.53353	8.078274	2.064313	17.56666	86.29611	25.6985	5.062744	19.84196	102.1201	4.739763	4.374071	4.765594	25.54952	58.68237	2.05825	10.59383	10.74501	20.18941	18.03944	2.856186	81.87247	9.302078	4.238571	4.388855	2.164642	
Total MV Amount	4136.288


Angle TRE instances
Rotate	1	12	44	47	48	75	76	96	
ChildRotate	65	
RotateInverse	1	
ChildRotateInverse	
Docking x	37	49	53	
Docking y	
Docking z	
Total TRE Count	11


Correct Angles	Rotate	ChildRotate	RotateInverse	ChildRotateInverse	Docking x	Docking y	Docking z
	0	-150	0	150	89.60983	-126.5952	88.37286

Angle Error	Rotate	ChildRotate	RotateInverse	ChildRotateInverse	Docking x	Docking y	Docking z
	2.094543	3.24556	0	6.277847	1.161507	96.82376	-105.2949

Time Taken	Hours	Minutes	Seconds	Milliseconds	Seconds float	Completion time
	0	0	5	732	5.731897	00h:00m:05s:732ms

Final Results	Tester Name	Time of Test	Dock Shape Style	Virtual Device Visible	Time Taken	Shape Precision %	Orientation Precision %	Overall Precision %	Efficiency %	Difficulty	Total MV	Total TRE	
	1	2018-11-27_20:13:54	Presets_dockPreset_1	True	00h:00m:05s:732ms	98.3864	62.57062	82.9446	65.00517	0.6717533	4136.288	11	
