
Angles Over Time
Frames	Rotate	ChildRotate	RotateInverse	ChildRotateInverse	Docking x	Docking y	Docking z	
0	-4.02951	1.406561	0	0.6591358	-0.09786987	-0.001281604	0.000524738	
1	2.343792	-1.406586	0	-0.7038269	-0.0149231	-0.4894714	0.01930987	
2	1.874928	-1.406586	0	-0.4693909	-0.05523682	-0.4902039	0.0103127	
3	1.874928	-0.9377136	0	-0.0005225396	-0.0696106	-1.005157	0.03047533	
4	1.171635	-4.219788	0	4.922551	-0.08444214	-1.005493	0.02398104	
5	-2.579285	-1.875458	0	-0.4693909	-0.1099548	-1.00589	0.0216602	
6	1.640499	-1.641022	0	-0.4693909	-0.1354675	-1.006287	0.01933955	
7	1.406071	-1.406586	0	-0.4693909	-0.1234436	-1.561218	0.0429573	
8	1.640499	-1.875458	0	-0.2349548	0.1333444	-1.53067	0.1005949	
9	1.874928	-3.985352	0	2.3438	0.3317632	-1.546051	0.1332589	
10	-1.407104	-12.65933	0	1.171642	0.5776865	-2.478607	0.1436583	
11	0.4683421	-27.66296	0	-0.7038269	0.646993	-3.195251	0.2061141	
12	1.640499	-27.19409	0	0.2339135	0.8605914	-3.429749	0.147499	
13	2.343792	-28.60071	0	-0.4693909	1.068964	-4.070892	0.03549514	
14	1.874928	-28.36627	0	-0.4693909	1.317787	-3.886322	0.03934345	
15	1.640499	-30.47617	0	4.92255	1.457509	-4.573822	-0.1462708	
16	-2.579285	-34.69592	0	0.9372061	1.805982	-5.116974	0.01059498	
17	1.874928	-39.61902	0	-0.9382629	2.377705	-5.822479	0.2059028	
18	1.874928	-39.15015	0	-0.7038269	2.613396	-6.437531	0.2310996	
19	-0.2349548	-39.38458	0	0.2339135	2.771821	-7.18866	0.4660258	
20	-8.440063	-39.61902	0	8.907895	2.800087	-8.025299	0.4324439	
21	-11.01883	-42.19775	0	25.08371	2.696491	-8.391602	1.141432	
22	-17.34848	-39.61902	0	32.81996	2.607798	-9.318085	2.069883	
23	-13.5976	-39.38458	0	37.5086	2.512367	-10.19397	1.809529	
24	-13.36316	-38.68127	0	39.14963	2.487693	-10.58951	1.315966	
25	-12.42542	-38.44684	0	39.85292	2.481621	-10.67911	1.013109	
26	-12.89429	-39.85345	0	42.90054	2.514918	-10.72839	0.792612	
27	-13.12872	-42.19775	0	52.98111	2.581053	-10.9097	0.7104149	
28	-17.34848	-38.91571	0	62.3584	2.544732	-11.34293	0.6681668	
29	-13.36316	-38.21243	0	66.57817	2.828611	-12.67441	-0.1494446	
30	-13.832	-37.27469	0	68.92249	4.670193	-14.02835	0.5546914	
31	-12.42542	-37.50912	0	68.92249	6.142048	-15.22113	-1.120087	
32	-12.65985	-37.27469	0	68.92249	8.030554	-16.70212	-2.820007	
33	-5.15802	-35.8681	0	62.82726	13.8918	-18.57495	-9.163757	
34	-0.0005223731	-32.11719	0	52.51225	20.38057	-21.51987	-9.886688	
35	1.640499	-32.58606	0	48.52691	23.917	-23.68378	-8.503143	
36	3.047093	-32.58606	0	36.57088	24.9562	-23.6145	-3.548676	
37	1.874928	-35.16479	0	36.8053	26.66718	-24.67255	3.456784	
38	1.874928	-44.30765	0	39.85292	29.08322	-27.46445	12.42531	
39	-1.407104	-46.41754	0	36.57088	32.29722	-32.15149	15.08865	
40	0.9372067	-46.65198	0	59.77965	36.56694	-38.96329	10.88885	
41	2.109364	-46.88641	0	67.28147	39.94121	-45.58688	7.927223	
42	3.281521	-47.58969	0	-0.7037964	40.86776	-49.34021	7.856246	
43	3.281521	-48.05856	0	86.73933	44.68446	-51.56891	6.787978	
44	3.281521	-50.87177	0	68.68807	47.77054	-54.10941	4.564015	
45	0.233906	-57.67029	0	86.73934	47.00189	-58.34613	6.458224	
46	2.343792	-59.78015	0	87.67706	46.25222	-63.48499	8.13641	
47	1.406071	-59.78015	0	91.42798	49.22895	-68.61929	3.322382	
48	1.406071	-59.31131	0	94.94446	54.63119	-75.69235	-2.888245	
49	1.171635	-60.24902	0	105.025	59.68454	-84.73306	-10.58194	
50	-1.172699	-59.54575	0	112.7613	63.01791	-95.81244	-18.22208	
51	-0.0005225547	-58.84244	0	115.1056	63.74213	-108.0927	-30.93649	
52	1.874928	-58.608	0	115.1056	62.49068	-109.2729	-32.91937	
53	3.515957	-58.37357	0	114.8712	60.60535	-107.8256	-30.13043	
54	3.515957	-58.608	0	115.34	60.48499	-109.0316	-27.37991	
55	3.750386	-59.78018	0	115.5745	62.65002	-110.4129	-24.24188	
56	1.171635	-65.64099	0	109.0104	62.19732	-107.3151	-13.48849	
57	2.812657	-71.73621	0	115.1056	58.57524	-105.9467	-6.108093	
58	3.047093	-75.01825	0	115.1056	55.28603	-105.7246	-3.090118	
59	2.109364	-75.25269	0	113.9335	53.68689	-105.0747	-3.542419	
60	2.812657	-76.65927	0	116.2778	51.28792	-103.2795	-7.363159	
61	-0.9382629	-75.72156	0	115.5745	50.29025	-103.6814	-15.53748	
62	1.640499	-75.01825	0	119.091	50.13379	-102.8087	-15.51865	
63	2.109364	-74.31494	0	126.1239	51.30603	-102.7424	-17.04413	
64	3.984822	-74.31494	0	136.6734	51.96671	-103.9369	-21.13092	
65	3.984822	-70.56403	0	139.2521	53.90233	-108.6361	-26.70657	
66	2.343792	-60.24902	0	139.9554	57.02602	-114.1155	-32.11188	
67	-9.612244	-51.80948	0	139.721	58.32103	-112.3088	-29.84412	
68	-14.53531	-51.80948	0	139.9554	59.2405	-111.331	-27.02158	
69	-25.31918	-51.80948	0	140.8931	60.61954	-112.4244	-25.65579	
70	-35.39975	-51.80948	0	142.5342	63.06169	-114.3647	-27.14294	
71	-45.71478	-53.68494	0	143.003	64.14767	-108.5443	-22.72821	
72	-59.31183	-52.51276	0	142.7686	63.79323	-98.13135	-12.67719	
73	-68.92352	-58.13913	0	142.7686	65.97649	-91.02051	-4.548889	
74	-69.62683	-57.43585	0	143.003	65.79139	-87.33649	2.606229	
75	-69.15796	-57.43585	0	142.7686	65.8849	-89.67886	0.8405903	
76	-69.15796	-57.20142	0	142.5342	66.79475	-92.61261	-4.191895	
77	-69.3924	-58.84244	0	142.7686	70.75024	-98.68005	-13.42676	
78	-70.33014	-57.67029	0	143.003	73.66039	-114.022	-32.26288	
79	-70.0957	-55.32596	0	142.7686	70.84085	-122.5932	-42.03528	
80	-69.62683	-55.79483	0	143.003	68.2875	-120.2017	-41.30835	
81	-67.75137	-55.56039	0	143.003	65.74427	-109.9111	-32.38019	
82	-67.0481	-55.32596	0	143.4719	61.69347	-95.59222	-20.35593	
83	-68.22025	-54.62268	0	143.2375	57.0938	-86.71115	-13.09143	
84	-66.81366	-53.68494	0	143.2375	54.21916	-90.55588	-14.46292	
85	-66.34479	-52.98163	0	143.2375	53.17794	-90.38879	-14.04498	
86	-65.40707	-52.98163	0	143.2375	52.80867	-90.68231	-13.80682	
87	-65.40707	-52.98163	0	143.2375	53.7985	-96.33551	-17.88831	
88	-65.40707	-54.62268	0	143.4719	53.86346	-102.4081	-21.34741	
89	-66.81366	-53.68494	0	143.003	51.91894	-95.75867	-15.49252	
90	-65.87592	-55.79483	0	142.7686	47.42543	-91.09702	-8.963501	
91	-66.11035	-57.43585	0	140.8931	44.64494	-93.36938	-6.962585	
92	-65.87592	-57.67029	0	140.1898	45.54639	-96.82642	-8.424622	
93	-65.87592	-61.4212	0	138.7832	46.7473	-98.38583	-8.440887	
94	-67.98581	-63.99994	0	138.5488	46.73021	-99.47098	-4.273682	
95	-67.51694	-63.06223	0	138.3144	47.22424	-105.7646	-2.85437	
96	-67.98581	-62.59335	0	134.7979	48.2	-112.7546	0.6910183	
97	-71.26785	-62.82779	0	134.329	50.29184	-117.4216	8.743699	
98	-73.61218	-63.06223	0	133.8602	52.46605	-121.3113	14.2671	
99	-73.37775	-64.46881	0	133.8602	52.58678	-125.5375	15.5457	
100	-74.5499	-64.70325	0	133.6257	50.78516	-126.8335	15.65289	
101	-74.08105	-70.79846	0	133.8602	47.48751	-128.0186	18.56418	
102	-74.5499	-70.79846	0	133.6257	46.88694	-131.1304	15.69916	
103	-75.72205	-71.26733	0	133.3913	45.6076	-134.4013	17.07	
104	-75.95648	-74.54938	0	134.329	43.33696	-137.8486	20.21166	
105	-77.59753	-76.89371	0	134.0946	41.92646	-139.035	26.69754	
106	-79.47296	-87.20871	0	133.6257	39.39286	-136.7948	38.88211	
107	-82.5206	-92.36621	0	133.6257	39.24732	-132.0599	49.00567	
108	-82.05173	-92.13177	0	128.4682	39.63152	-131.7606	50.13676	
109	-82.05173	-92.13177	0	120.9664	39.74798	-135.7173	46.74578	


Angle MV instances
Rotate	4.02951	8.205109	2.578766	6.329651	3.750885	4.219757	3.985321	7.501831	5.157498	3.047615	2.109886	2.578751	11.95604	4.923065	10.78387	10.08057	10.31503	13.59705	9.611694	2.109894	3.282043	2.34433	3.047638	
ChildRotate	3.282074	2.34433	2.109894	8.673981	15.00363	2.109894	4.219757	4.923096	2.578735	2.578735	2.344299	3.282043	3.750916	2.578735	9.142853	2.109894	2.813202	6.798523	2.109863	5.860809	6.095215	3.282043	3.750916	10.315	8.439545	5.626373	2.34433	2.109894	3.750916	2.578735	6.095215	3.282043	2.34433	10.315	5.157501	
RotateInverse	
ChildRotateInverse	4.923073	5.391942	2.578754	5.391941	3.985344	8.673982	16.17581	7.73625	4.688644	3.047623	10.08057	9.377285	4.219772	2.344322	6.095238	10.31501	3.985344	11.95603	3.047615	3.28204	23.20877	7.501823	67.98527	87.44313	18.05126	18.05127	3.750916	3.516479	10.08057	7.736259	2.344322	6.564095	6.09523	2.344315	3.516479	7.032967	10.54943	2.578751	3.516479	5.157501	7.501823	
Docking x	5.861242	6.488773	3.536428	2.416044	3.214003	4.269722	3.374264	3.8167	3.086082	2.976734	5.402233	5.053356	3.333363	2.165028	3.622086	3.289211	2.398964	3.123692	2.442146	2.183258	3.95549	2.910156	2.819542	2.553352	2.543228	4.050804	4.599663	2.874641	4.493511	2.780487	2.091839	2.174217	3.297646	2.270641	2.533592	
Docking y	2.944916	2.16391	2.791901	4.687042	6.811798	6.623596	3.753326	2.228699	2.540497	4.236725	5.138855	5.134308	7.073059	9.04071	11.07938	12.28029	3.097824	4.699203	5.479355	5.820404	10.41293	7.11084	3.684021	2.342377	2.933746	6.067444	15.34195	8.571243	2.391556	10.29062	14.31885	8.881073	3.844727	5.653198	6.07254	6.649384	4.661652	2.272369	3.457031	6.293671	6.989929	4.667023	3.889679	4.226196	3.111832	3.270844	3.447342	2.240204	4.734848	3.956757	
Docking z	6.34375	4.954468	8.96853	2.663332	4.199795	2.961628	2.223962	4.814028	7.693695	7.640137	12.71442	2.78894	2.750519	3.138031	10.75339	7.380402	3.017975	3.82074	8.174316	4.086792	5.575653	5.405304	2.267761	2.82254	4.414734	10.05103	8.128296	5.032485	9.234863	18.83612	9.7724	8.928162	12.02426	7.264496	4.081482	3.459106	5.854889	6.529022	2.000916	4.167206	3.545388	8.052681	5.523404	2.911296	2.865022	3.141661	6.485876	12.18457	10.12357	3.39098	
Total MV Amount	1434.05


Angle TRE instances
Rotate	
ChildRotate	107	
RotateInverse	1	
ChildRotateInverse	45	49	
Docking x	40	42	106	
Docking y	
Docking z	1	33	36	38	47	49	57	60	73	77	94	97	
Total TRE Count	17


Correct Angles	Rotate	ChildRotate	RotateInverse	ChildRotateInverse	Docking x	Docking y	Docking z
	-90	-90	0	90	35.21426	-150.7061	-1.393738

Angle Error	Rotate	ChildRotate	RotateInverse	ChildRotateInverse	Docking x	Docking y	Docking z
	7.948273	2.835083	0	29.79427	3.973415	11.71254	46.17632

Time Taken	Hours	Minutes	Seconds	Milliseconds	Seconds float	Completion time
	0	0	6	492	6.492014	00h:00m:06s:492ms

Final Results	Tester Name	Time of Test	Dock Shape Style	Virtual Device Visible	Time Taken	Shape Precision %	Orientation Precision %	Overall Precision %	Efficiency %	Difficulty	Total MV	Total TRE	
	1	2018-11-27_20:09:34	Presets_dockPreset_2	False	00h:00m:06s:492ms	94.36422	89.27984	91.86985	85.34943	0.5081267	1434.05	17	
