
Angles Over Time
Frames	Rotate	ChildRotate	RotateInverse	ChildRotateInverse	Docking x	Docking y	Docking z	
0	-44.94998	-109.2453	0	69.21844	48.35242	45.68971	91.26955	
1	-44.24667	-111.3552	0	69.68731	48.30297	45.68675	90.89718	
2	-44.94998	-111.3552	0	69.92174	48.13716	45.70342	90.70315	
3	-44.94998	-111.3552	0	69.92174	48.1703	45.78885	90.36314	
4	-44.71555	-112.0585	0	70.15617	47.7305	45.56152	89.46932	
5	-45.41882	-111.3552	0	69.92174	46.04807	42.4886	84.72749	
6	-43.77783	-109.2453	0	62.65435	41.56627	34.29012	71.03785	
7	-21.97565	-111.1208	0	0.5298727	35.30035	24.84048	61.70105	
8	-6.034271	-92.36621	0	-0.1734314	23.58912	11.56534	55.36944	
9	-1.814484	-75.72153	0	-0.1734314	13.8881	3.351052	47.46206	
10	-1.345612	-51.80948	0	-0.1734314	6.166462	-1.795746	38.88444	
11	-1.111176	-28.83514	0	-0.4078674	1.039688	-4.770264	28.26926	
12	-0.87677	0.2344389	0	0.06100816	-2.061676	-6.86438	19.09687	
13	-0.642334	0.4688674	0	-0.1734314	-3.221924	-6.683502	12.91199	
14	-0.642334	2.934823E-06	0	-0.4078674	-2.827728	-5.073639	12.22461	
15	-0.4078979	0.234439	0	-0.1734314	-1.707153	-3.245636	10.30074	
16	-0.4078979	0.4688674	0	-0.1734314	-0.2574768	-1.451965	7.877858	
17	-0.642334	0.234439	0	0.06100814	1.514706	-0.3677368	6.202656	
18	-0.87677	0.4688674	0	0.06100814	2.445784	-0.2604675	3.789692	
19	-0.642334	0.234439	0	-0.1734314	3.494591	-0.1836853	3.306925	
20	-0.4078979	0.4688674	0	-0.1734314	4.56044	0.1767574	2.47554	
21	-0.4078979	0.4688674	0	-0.1734314	5.753788	0.4220127	2.149771	
22	-0.4078979	0.4688674	0	-0.1734314	6.61744	0.2738373	1.664213	
23	-0.4078979	0.234439	0	0.5298726	6.923968	-0.1965027	1.480697	
24	-0.642334	0.4688674	0	0.06100821	7.005523	-0.6817017	1.698976	
25	-0.642334	0.4688674	0	-0.1734314	6.978685	-1.272583	2.00978	
26	-0.4078979	0.234439	0	-0.1734314	7.192018	-1.642609	2.004474	
27	-0.4078979	0.4688674	0	-0.4078674	7.251351	-1.844543	1.901944	
28	-0.4078979	0.4688674	0	-0.1734314	7.374218	-2.160614	2.014845	
29	-0.4078979	0.234439	0	0.0610082	7.425788	-2.222412	2.180354	
30	-0.4078979	0.4688674	0	-0.1734314	7.444848	-2.263489	2.464625	
31	-0.4078979	0.4688674	0	0.0610082	7.678236	-2.326294	2.312501	
32	-0.642334	0.4688674	0	-0.1734314	7.603179	-2.551392	2.248031	
33	-0.4078979	0.4688674	0	0.0610082	7.481808	-2.903168	1.61223	
34	-0.642334	0.4688674	0	-0.1734314	6.908545	-3.235596	0.6985655	
35	-0.4078979	0.234439	0	0.0610082	5.797074	-3.537903	-1.988523E-05	
36	-0.642334	0.234439	0	0.0610082	3.866269	-3.359955	-0.7667847	
37	-0.642334	0.234439	0	-0.1734314	2.206863	-2.189545	-1.457001	
38	-0.642334	0.234439	0	-0.4078674	-0.437439	0.2137105	-1.431885	
39	-0.4078979	0.234439	0	-0.1734314	-2.368164	3.176746	0.6533779	
40	-0.4078979	0.234439	0	-0.1734314	-3.771545	5.841546	1.995873	
41	-0.4078979	0.234439	0	0.2954442	-2.848846	6.840296	3.208838	
42	-0.642334	0.234439	0	-0.1734314	-1.929565	6.255717	4.64234	
43	-0.642334	0.4688674	0	-0.1734314	-0.5375977	4.780581	5.710353	
44	-0.4078979	0.4688674	0	-0.1734314	0.749451	3.800365	6.010382	
45	-0.4078979	0.234439	0	-0.4078674	1.814061	2.861973	6.412128	
46	-0.4078979	0.234439	0	-0.4078674	2.645083	2.175657	5.835289	
47	-0.642334	0.234439	0	0.2954444	3.434894	1.80688	5.36529	
48	-0.87677	0.234439	0	-0.1734314	4.094263	1.493243	5.144307	
49	-0.642334	0.4688674	0	-0.4078674	4.512861	0.8861248	4.592037	
50	-0.4078979	0.234439	0	-0.1734314	5.085584	0.6793061	4.152673	
51	-0.4078979	0.4688674	0	0.06100844	5.942522	0.3481145	3.982817	
52	-0.642334	0.4688674	0	-0.1734314	6.703678	0.1904381	3.446503	
53	-0.4078979	0.234439	0	0.5298728	7.38975	-0.02630615	2.337789	
54	-0.4078979	0.234439	0	-0.1734314	7.518709	-0.4382019	1.114618	
55	-0.4078979	0.4688674	0	-0.1734314	7.857321	-0.5305786	-0.4450989	
56	-0.4078979	0.234439	0	-0.1734314	6.610123	-0.551178	-3.032196	
57	-0.4078979	0.4688674	0	-0.1734314	4.933433	-0.2814026	-5.569031	
58	-0.4078979	0.234439	0	-0.4078674	3.626195	0.8897168	-7.905518	
59	-0.4078979	0.4688674	0	0.06100839	3.549486	1.363759	-9.868805	
60	-0.642334	0.4688674	0	-0.4078674	3.695867	1.657931	-10.07401	
61	-0.4078979	0.4688674	0	-0.4078674	2.585404	1.778923	-9.242554	
62	-0.4078979	0.234439	0	-0.1734314	1.886227	1.705027	-8.3172	
63	-0.4078979	2.961521E-06	0	-0.1734314	0.8502106	1.222512	-6.695007	
64	-0.4078979	2.961521E-06	0	0.06100844	0.3705452	0.4206898	-4.768524	
65	-0.4078979	2.961521E-06	0	0.06100844	-0.8820801	-0.5146484	-4.326294	
66	-0.4078979	0.234439	0	-0.1734314	-0.8261108	-0.9136353	-3.3125	
67	-0.642334	2.961521E-06	0	-0.1734314	-0.9507141	-0.7538147	-3.081238	
68	-0.4078979	0.234439	0	-0.1734314	-0.5738831	-0.4005737	-2.564514	
69	-0.4078979	2.961521E-06	0	-0.1734314	-0.4282837	-0.3754272	-2.290802	
70	-0.4078979	0.234439	0	0.2954444	-0.01431274	-0.1478882	-1.916962	
71	-0.4078979	2.961521E-06	0	0.06100839	0.07795622	0.1071145	-0.8291016	
72	-0.4078979	2.961521E-06	0	-0.1734314	0.132346	0.1412388	-0.4661865	
73	-0.4078979	2.961521E-06	0	-0.1734314	0.391452	0.192452	0.1130506	
74	-0.4078979	0.234439	0	-0.1734314	0.4743457	0.1459613	0.3416522	
75	-0.642334	0.234439	0	-0.1734314	0.6404803	0.06510302	0.549262	
76	-0.4078979	2.961521E-06	0	0.5298728	0.7446806	0.05169359	0.743165	
77	-0.642334	2.961521E-06	0	0.06100842	0.8835533	-0.03204346	0.8376566	
78	-0.4078979	2.961521E-06	0	-0.4078674	0.7407215	-0.08056641	0.7562041	
79	-0.4078979	2.961521E-06	0	0.06100847	1.06869	-0.1280823	0.8511277	
80	-0.4078979	2.961521E-06	0	-0.1734314	1.121643	0.020355	1.415578	
81	-0.4078979	2.961521E-06	0	-0.4078674	1.24236	0.3995418	1.266475	
82	-0.4078979	2.961521E-06	0	0.5298728	1.228955	0.4751264	1.402655	
83	-0.642334	2.961521E-06	0	0.06100849	1.543938	0.5564974	1.561745	
84	-0.4078979	0.234439	0	-0.4078674	1.621095	0.2461534	1.407865	
85	-0.642334	0.234439	0	-0.1734314	1.87634	0.08012432	1.372247	
86	-0.642334	-0.234436	0	-0.1734314	2.00907	-0.1358032	1.317536	
87	-0.642334	2.988201E-06	0	-0.1734314	2.234864	-0.1011963	1.123169	
88	-0.4078979	2.988201E-06	0	0.06100854	2.396195	-0.03262329	0.7810171	
89	-0.642334	0.234439	0	0.06100854	2.485407	-0.08834839	0.4944091	
90	-0.4078979	2.988201E-06	0	-0.1734314	2.505703	-0.2479248	0.4744786	
91	-0.4078979	2.988201E-06	0	-0.1734314	2.633643	-0.3561401	0.6128672	
92	-0.4078979	2.988201E-06	0	-0.1734314	2.752331	-0.4048157	0.5551231	
93	-0.4078979	2.988201E-06	0	-0.1734314	2.822155	-0.4715881	0.7138999	
94	-0.4078979	-0.234436	0	0.06100854	2.76209	-0.4747925	0.6750516	
95	-0.642334	0.234439	0	-0.1734314	2.659832	-0.5087891	0.7257435	
96	-0.4078979	0.234439	0	-0.1734314	2.678855	-0.5242004	0.8570155	
97	-0.4078979	2.961521E-06	0	-0.1734314	2.656658	-0.5292358	0.8204772	
98	-0.4078979	2.961521E-06	0	-0.1734314	2.6233	-0.5336304	0.7940714	
99	-0.4078979	2.961521E-06	0	0.06100854	2.572094	-0.5239868	0.7882429	
100	-0.642334	2.961521E-06	0	0.06100854	2.422023	-0.4671326	0.7410759	
101	-0.4078979	2.961521E-06	0	-0.1734314	2.259812	-0.4423828	0.6389905	
102	-0.4078979	0.234439	0	-0.4078674	2.298635	-0.5932007	0.1626762	
103	-0.4078979	2.961521E-06	0	-0.1734314	2.264679	-0.6250305	0.009165202	
104	-0.4078979	0.234439	0	-0.1734314	2.424904	-0.5101318	-0.06311035	
105	-0.4078979	2.961521E-06	0	0.2954445	2.355455	-0.4624939	-0.1298523	
106	-0.4078979	2.961521E-06	0	0.2954445	2.177078	-0.1956482	-0.3482666	
107	-0.642334	2.961521E-06	0	-0.1734314	2.541553	-0.6321106	-0.2724609	
108	-0.4078979	2.961521E-06	0	-0.1734314	2.59131	-0.800354	-0.4586182	
109	-0.642334	0.234439	0	-0.1734314	2.60211	-0.8263245	-0.5499878	
110	-0.642334	2.961521E-06	0	-0.4078674	2.498242	-0.838562	-0.3906555	
111	-0.4078979	0.234439	0	0.2954447	2.455238	-0.8434753	-0.2549438	
112	-0.4078979	0.234439	0	-0.1734314	2.510335	-0.7599487	-0.2278442	
113	-0.4078979	2.961521E-06	0	-0.1734314	2.466371	-0.7644958	-0.3629761	
114	-0.4078979	2.961521E-06	0	-0.1734314	2.65285	-0.7449036	-0.4471741	
115	-0.4078979	2.961521E-06	0	-0.1734314	2.689867	-0.6500549	-0.4451599	
116	-0.4078979	2.961521E-06	0	-0.1734314	2.717426	-0.7917786	-0.5299988	
117	-0.642334	-0.234436	0	0.06100867	2.619995	-0.735321	-0.351532	


Angle MV instances
Rotate	44.94998	21.80219	15.94138	4.219788	
ChildRotate	109.2453	2.109879	2.109879	18.75456	16.64468	23.91205	22.97433	29.06958	
RotateInverse	
ChildRotateInverse	69.21844	7.267387	62.12448	
Docking x	48.35242	4.481796	6.265926	11.71123	9.701011	7.721642	5.126774	
Docking y	45.68971	3.072926	8.198483	9.44964	13.27514	8.214285	2.974518	2.094116	2.963035	2.6648	
Docking z	91.26955	4.741837	13.68964	9.336803	6.331608	7.907375	8.577621	10.61518	9.17239	6.18488	2.422884	2.412964	2.587097	2.536835	2.336487	
Total MV Amount	822.4245


Angle TRE instances
Rotate	10	
ChildRotate	13	
RotateInverse	1	
ChildRotateInverse	8	
Docking x	12	21	36	50	57	
Docking y	10	12	15	40	43	
Docking z	19	43	49	57	64	
Total TRE Count	18


Correct Angles	Rotate	ChildRotate	RotateInverse	ChildRotateInverse	Docking x	Docking y	Docking z
	-5.311241E-32	0	0	2.600295E-31	0	0	0

Angle Error	Rotate	ChildRotate	RotateInverse	ChildRotateInverse	Docking x	Docking y	Docking z
	0.4078979	2.961521E-06	0	0.1734314	2.714345	0.7969971	0.1942444

Time Taken	Hours	Minutes	Seconds	Milliseconds	Seconds float	Completion time
	0	0	6	912	6.912066	00h:00m:06s:912ms

Final Results	Tester Name	Time of Test	Dock Shape Style	Virtual Device Visible	Time Taken	Shape Precision %	Orientation Precision %	Overall Precision %	Efficiency %	Difficulty	Total MV	Total TRE	
	0	2018-11-22_10:15:03	ZEROING DATA	True	00h:00m:06s:912ms	99.91926	99.81644	99.65977	100	3.479355E-34	822.4245	18	
