
Angles Over Time
Frames	Rotate	ChildRotate	RotateInverse	ChildRotateInverse	Docking x	Docking y	Docking z	
0	-25.04236	-87.44315	0	105.5363	-3.328949	6.046278	-11.22418	
1	-25.04236	-87.44315	0	105.5363	-3.411591	6.259618	-10.90994	
2	-24.80792	-86.5054	0	104.5985	-3.437439	6.423518	-10.91708	
3	-25.04236	-87.20871	0	105.5363	-3.177399	6.43638	-11.142	
4	-25.04236	-87.20871	0	105.5363	-2.592438	6.436877	-11.78525	
5	-25.04236	-87.67758	0	105.5363	-2.325195	6.418195	-12.3721	
6	-24.57352	-87.44315	0	105.3018	-1.676636	6.464947	-13.79248	
7	-19.65042	-87.44315	0	100.6132	-1.682953	6.763098	-15.8956	
8	-10.27313	-81.11346	0	90.06376	-1.670959	6.222951	-17.64111	
9	-2.536896	-74.78381	0	76.23227	-1.760406	6.330322	-16.92554	
10	-1.833588	-69.62631	0	66.85499	-0.9229126	5.999796	-12.93289	
11	-1.364746	-66.10983	0	55.83669	-1.860077	6.313179	-9.419525	
12	-1.364746	-59.54575	0	46.22497	-1.512146	5.997836	-7.657471	
13	-1.13031	-58.13916	0	26.06382	-1.231079	5.257911	-4.656708	
14	-1.599182	-54.62265	0	8.246993	-1.446381	4.574934	-0.7836304	
15	-1.13031	-45.01096	0	0.5107341	-0.3093262	3.817546	0.8449237	
16	-1.13031	-37.74356	0	0.2763057	0.3488359	3.08817	1.703131	
17	-1.13031	-23.67764	0	0.2763057	-0.1158752	3.263766	1.283529	
18	-1.13031	-13.36264	0	0.2763057	-0.8241272	2.960393	-0.9788513	
19	-0.895874	-6.798523	0	0.2763057	-0.7828064	3.135961	-1.531006	
20	-1.13031	1.172157	0	0.2763057	-1.319611	3.014809	-3.006226	
21	-1.13031	0.9377204	0	0.2763057	-1.102875	3.006428	-3.24173	
22	-1.13031	1.172157	0	0.2763057	-0.982605	2.921036	-3.152039	
23	-1.13031	1.172157	0	0.2763057	-0.267334	2.822463	-2.990814	
24	-1.13031	1.172157	0	0.7451701	-0.07394409	2.708862	-2.961578	
25	-0.895874	0.9377204	0	0.5107341	0.2527792	2.56198	-2.76712	
26	-1.13031	1.172157	0	0.04186972	0.3403711	2.407624	-2.41452	
27	-0.895874	0.9377204	0	0.04186972	0.7249397	2.393242	-2.213043	
28	-0.895874	1.172157	0	0.2763058	0.6100237	2.801844	-1.742279	
29	-0.661438	1.172157	0	0.2763058	0.150893	2.70585	-1.110809	
30	-0.895874	0.7032921	0	0.5107342	0.09084316	2.964397	-1.007629	
31	-0.895874	0.9377205	0	0.5107342	0.006984754	3.009759	-0.7391357	
32	-0.895874	1.172157	0	0.5107342	0.05315376	3.165807	-0.7072754	
33	-0.895874	1.172157	0	0.2763058	0.1043182	3.174721	-0.5419617	
34	-0.661438	1.172157	0	0.2763058	0.3173739	2.898096	-0.6470337	
35	-0.661438	1.172157	0	0.2763058	0.3983915	2.536486	-0.9250793	
36	-0.661438	0.9377205	0	0.5107342	0.4157591	2.207477	-1.217133	
37	-0.895874	1.406585	0	0.2763058	0.533191	1.959991	-1.32135	
38	-0.895874	1.172157	0	0.2763058	0.47898	1.545497	-1.177704	
39	-0.661438	1.172157	0	0.2763058	0.5127521	1.439968	-1.202972	
40	-0.661438	1.406585	0	0.2763058	0.4935308	1.532663	-1.226318	
41	-0.661438	1.172157	0	0.2763058	0.4592152	1.739619	-1.252167	
42	-0.661438	0.9377207	0	0.2763058	0.4773847	1.584985	-1.307587	
43	-0.895874	1.172157	0	0.2763058	0.4555898	1.668353	-1.283417	
44	-0.661438	1.172157	0	0.2763058	0.4520904	1.709117	-1.167816	
45	-0.661438	1.172157	0	0.2763058	0.4343329	1.718348	-1.200043	
46	-0.427002	1.172157	0	0.04186973	0.4159315	1.718789	-1.173462	
47	-0.661438	0.7032924	0	0.5107342	0.459162	1.629405	-1.142303	
48	-0.895874	0.9377207	0	0.7451702	0.4510053	1.59956	-1.256378	
49	-0.661438	0.9377207	0	0.2763058	0.5250252	1.457805	-1.322632	
50	-0.661438	1.172157	0	0.2763058	0.3938211	1.504697	-1.265015	
51	-0.895874	1.172157	0	0.2763058	0.4640962	1.446275	-1.276001	
52	-0.661438	0.9377207	0	0.2763058	0.4735459	1.359149	-1.425354	
53	-0.661438	0.9377207	0	0.7451702	0.4904997	1.317132	-1.53244	
54	-0.895874	1.172157	0	0.2763058	0.5445349	1.141397	-1.582001	
55	-0.661438	0.9377207	0	0.2763058	0.5466481	1.141958	-1.57077	
56	-0.661438	1.172157	0	0.2763058	0.5214859	1.222186	-1.56955	
57	-0.427002	1.172157	0	0.2763058	0.4686132	1.137374	-1.61438	
58	-0.661438	1.172157	0	0.2763058	0.3275259	1.172342	-1.741638	
59	-0.661438	0.9377207	0	0.5107343	0.1848326	1.074141	-1.768951	
60	-0.895874	1.172157	0	0.5107343	0.1838721	0.960178	-1.973785	
61	-0.661438	1.172157	0	0.2763058	0.2955181	1.118179	-2.107117	
62	-0.661438	1.172157	0	0.2763058	0.3514287	1.162021	-2.178009	
63	-0.661438	1.172157	0	0.04186979	0.3366799	1.422557	-2.291656	
64	-0.661438	0.9377207	0	0.9795986	0.2913043	1.373698	-2.350677	
65	-0.895874	0.9377207	0	0.7451702	0.2862241	1.336281	-2.383423	
66	-0.661438	1.172157	0	0.2763059	0.1229518	1.470893	-1.98468	
67	-0.661438	1.172157	0	0.2763059	0.08473473	1.38589	-1.821686	
68	-0.661438	1.172157	0	0.2763059	0.1007569	1.350349	-2.056976	
69	-0.661438	0.9377207	0	0.2763059	0.08774391	1.401276	-2.185455	
70	-0.895874	0.7032924	0	0.9795986	0.05791244	1.622222	-2.388611	
71	-0.895874	1.172157	0	0.2763059	0.07880595	1.784692	-2.445648	
72	-0.661438	1.172157	0	0.2763059	0.1078465	1.899506	-2.467987	
73	-0.661438	1.172157	0	0.2763059	0.1626036	2.04639	-2.600494	
74	-0.661438	1.172157	0	0.2763059	0.3062724	1.93996	-2.65741	
75	-0.661438	1.172157	0	0.5107343	0.4001946	2.01895	-2.713074	
76	-0.661438	0.9377207	0	0.7451703	0.4741616	1.878878	-2.767059	
77	-0.661438	0.9377207	0	0.2763059	0.5767481	1.683339	-2.930634	
78	-0.661438	1.172157	0	0.2763059	0.5042168	1.46832	-3.02536	
79	-0.661438	1.172157	0	0.2763059	0.1722826	1.693032	-2.845184	
80	-0.661438	0.9377207	0	0.2763059	0.04581014	1.741565	-3.022125	
81	-0.661438	1.172157	0	0.2763059	0.3125053	1.783811	-3.35376	
82	-0.661438	1.172157	0	0.7451703	0.4952756	1.878998	-3.367249	
83	-0.661438	1.172157	0	0.2763059	0.6569912	1.986031	-3.564178	
84	-0.661438	1.172157	0	0.2763059	0.7086194	2.399822	-3.845917	
85	-0.661438	1.172157	0	0.2763059	0.6219524	2.430016	-3.737732	
86	-0.661438	1.172157	0	0.5107343	0.8130459	2.526766	-3.704926	
87	-0.661438	1.172157	0	0.2763059	0.8116	2.451284	-3.585663	
88	-0.895874	0.9377207	0	0.5107343	0.9139312	2.326886	-3.541077	
89	-0.661438	0.9377207	0	0.2763059	0.8966454	2.118302	-3.71756	
90	-0.661438	1.172157	0	0.2763059	0.928448	2.196104	-3.795746	
91	-0.661438	0.9377207	0	0.04186985	0.9555449	2.144933	-3.846313	
92	-0.661438	0.9377207	0	0.2763059	0.977113	2.214688	-3.852509	
93	-0.661438	0.9377207	0	0.5107343	0.9274266	2.377659	-3.860504	
94	-0.895874	0.9377207	0	0.5107343	0.7910078	2.14443	-4.049866	
95	-0.895874	1.172157	0	0.2763059	0.6558008	2.205647	-4.156921	
96	-0.427002	1.172157	0	0.2763059	0.5889436	2.266305	-4.134857	
97	-0.427002	1.172157	0	0.2763059	0.6486068	2.31467	-4.123535	
98	-0.661438	1.172157	0	0.2763059	0.7218773	2.249577	-4.041077	
99	-0.661438	0.9377207	0	0.9795986	0.7831083	2.32711	-4.090363	
100	-0.895874	1.172157	0	0.2763059	0.9092132	2.423491	-4.233093	


Angle MV instances
Rotate	25.04236	4.923096	9.377289	7.736237	
ChildRotate	87.44315	6.329681	6.329651	5.157501	3.516479	6.564087	3.51651	9.611694	7.267395	14.06592	10.315	6.564117	7.970679	
RotateInverse	
ChildRotateInverse	105.5363	4.688637	10.54944	13.83149	9.377281	11.0183	9.611721	20.16115	17.81683	7.736259	
Docking x	3.328949	
Docking y	6.046278	
Docking z	11.22418	2.103119	3.992645	3.513367	3.000763	3.873077	
Total MV Amount	469.1406


Angle TRE instances
Rotate	10	
ChildRotate	21	
RotateInverse	1	
ChildRotateInverse	16	
Docking x	1	
Docking y	15	
Docking z	14	
Total TRE Count	5


Correct Angles	Rotate	ChildRotate	RotateInverse	ChildRotateInverse	Docking x	Docking y	Docking z
	-1.986723E-27	-1.611493E-43	0	5.934989E-27	0	0	0

Angle Error	Rotate	ChildRotate	RotateInverse	ChildRotateInverse	Docking x	Docking y	Docking z
	0.661438	1.172157	0	0.2763059	1.06701	2.248209	4.266754

Time Taken	Hours	Minutes	Seconds	Milliseconds	Seconds float	Completion time
	0	0	5	937	5.937117	00h:00m:05s:937ms

Final Results	Tester Name	Time of Test	Dock Shape Style	Virtual Device Visible	Time Taken	Shape Precision %	Orientation Precision %	Overall Precision %	Efficiency %	Difficulty	Total MV	Total TRE	
	0	2018-11-22_10:04:15	ZEROING DATA	True	00h:00m:05s:937ms	99.70695	98.79353	99.2308	100	8.801902E-30	469.1406	5	
