
Angles Over Time
Frames	Rotate	ChildRotate	RotateInverse	ChildRotateInverse	Docking x	Docking y	Docking z	
0	-60.26645	-120.498	0	69.1401	61.27915	62.86546	79.00025	
1	-59.79758	-120.7325	0	69.37453	61.31479	63.64934	79.53572	
2	-60.26645	-120.9669	0	68.43681	61.40455	63.87735	80.16012	
3	-60.26645	-120.7325	0	67.96793	61.28558	63.74292	80.12283	
4	-59.0943	-119.7947	0	65.85805	60.88604	60.84301	77.33163	
5	-54.64008	-120.498	0	65.38919	60.50117	54.9818	69.98587	
6	-45.96609	-120.7325	0	65.15476	58.3521	42.93752	53.64028	
7	-23.9295	-119.0914	0	57.88738	52.1902	24.7186	32.34187	
8	-2.361755	-107.6043	0	8.891085	44.74081	13.90611	29.44607	
9	-2.361755	-90.49072	0	19.44053	39.91093	5.265058	27.22997	
10	-2.361755	-82.05118	0	0.2170953	34.51009	-2.352539	26.48118	
11	-2.127319	-71.0329	0	-0.01733398	29.4187	-7.2388	24.51633	
12	-0.9551697	-53.68491	0	0.2170953	24.82725	-9.557098	20.39152	
13	-0.4862976	-21.56772	0	0.2170953	15.95161	-13.02167	14.9033	
14	-0.2518616	-3.985321	0	0.2170953	10.02056	-14.7049	8.380735	
15	-0.01742554	-0.9377136	0	0.9203959	12.59089	-14.54428	6.257338	
16	-0.2518616	-0.9377136	0	0.2170953	11.94799	-14.63306	7.084001	
17	-0.2518616	-0.2344055	0	0.2170953	9.629048	-14.22025	8.339377	
18	-0.01742554	2.130491E-05	0	-0.01733398	8.749829	-12.8613	8.200934	
19	-0.2518616	2.130491E-05	0	0.2170953	8.975848	-9.700684	7.850711	
20	-0.2518616	2.130491E-05	0	-0.01733398	8.795988	-6.915833	6.572715	
21	-0.01742554	2.130491E-05	0	0.4515313	7.803812	-4.582947	6.158679	
22	-0.4862976	2.130491E-05	0	0.2170953	6.163169	-1.017517	4.736215	
23	-0.01742554	2.130491E-05	0	0.2170953	2.267037	0.2289244	1.862941	
24	0.2169934	-0.2344055	0	-0.01733398	-1.098938	1.827552	-2.306	
25	0.4514294	2.131762E-05	0	-0.01733398	-4.969879	4.605042	-4.590942	
26	0.2169934	2.131762E-05	0	0.2170953	-7.907532	5.171793	-3.401947	
27	-0.01742554	2.131762E-05	0	0.4515313	-12.07242	4.16383	-0.06192017	
28	0.2169934	2.131762E-05	0	-0.01733398	-13.1713	4.00162	0.5933195	
29	0.4514294	-0.2344055	0	-0.01733398	-10.39764	4.174162	2.702533	
30	0.4514294	-0.4688416	0	-0.01733398	-7.88736	4.600544	4.054027	
31	0.2169934	-0.2344055	0	0.4515313	-6.148041	4.554115	4.554653	
32	0.2169934	-0.2344055	0	0.6859597	-4.752991	4.960802	4.947468	
33	0.4514294	-0.2344055	0	0.2170953	-2.001587	4.945316	5.959345	
34	0.2169934	2.131762E-05	0	0.2170953	-0.9120789	5.236988	5.111117	
35	0.2169934	0.2344497	0	0.2170953	-0.2432251	5.119541	4.569986	
36	0.2169934	2.131762E-05	0	0.2170953	0.1328154	4.834771	3.366493	
37	0.2169934	2.131762E-05	0	-0.01733398	1.479625	4.381403	1.751575	
38	0.2169934	2.131762E-05	0	0.6859596	2.158541	3.961734	0.8041168	
39	-0.01742554	2.131762E-05	0	0.2170953	2.879726	3.704253	-0.352478	
40	0.2169934	0.2344497	0	-0.01733398	3.55764	3.464052	-1.633087	
41	0.4514294	0.2344497	0	0.2170953	3.971878	3.022155	-2.616516	
42	0.4514294	0.2344497	0	-0.01733398	5.185451	2.75083	-3.409271	
43	0.6858578	0.2344497	0	-0.01733398	6.050595	2.542229	-4.528687	
44	0.2169934	2.131762E-05	0	1.154824	6.65154	2.626267	-5.633881	
45	-0.01742554	2.131762E-05	0	-0.01733398	6.593061	2.880214	-5.789154	
46	0.2169934	0.2344497	0	0.2170952	5.686679	3.609344	-5.815735	
47	0.2169934	0.2344497	0	-0.01733398	5.65739	3.821325	-6.155029	
48	0.2169934	2.131762E-05	0	-0.01733398	5.467027	3.865623	-6.245178	
49	0.4514294	0.2344497	0	-0.01733398	4.834194	3.983016	-6.046021	
50	0.2169934	-0.4688416	0	0.9203957	4.189074	4.291823	-5.724304	
51	0.2169934	2.12908E-05	0	0.4515313	3.86599	4.675899	-5.504456	
52	0.2169934	0.2344497	0	-0.01733398	3.269534	5.483222	-5.759644	
53	0.2169934	0.2344497	0	-0.01733398	3.179064	5.665921	-5.926941	
54	0.4514294	2.129094E-05	0	-0.01733398	3.033006	5.876423	-5.81897	
55	0.2169934	2.129094E-05	0	0.2170953	2.799716	6.054067	-5.639771	
56	0.2169934	-0.2344055	0	0.9203959	2.662926	6.118431	-5.648254	
57	-0.01742554	0.2344497	0	0.2170953	2.558867	6.466115	-5.726746	
58	0.2169934	0.2344497	0	-0.01733398	2.121546	7.141733	-5.918549	
59	0.2169934	0.2344497	0	0.2170953	1.705365	7.414858	-5.886444	
60	0.4514294	0.2344497	0	-0.01733398	1.750436	7.708616	-5.973358	
61	0.4514294	0.2344497	0	0.2170953	1.60279	8.011422	-6.167297	
62	0.4514294	-0.2344055	0	0.6859598	1.59875	8.146007	-6.196014	
63	-0.01742554	2.129094E-05	0	0.2170953	1.412437	8.555438	-6.274353	
64	0.4514294	0.2344497	0	-0.01733398	1.209999	9.273632	-6.533173	
65	0.4514294	0.2344497	0	0.2170953	1.091111	9.413943	-6.522644	
66	0.4514294	0.2344497	0	-0.01733398	1.044904	9.411431	-6.507904	
67	0.4514294	0.2344497	0	-0.01733398	1.028054	9.363715	-6.428345	
68	0.4514294	0.2344497	0	0.4515314	0.9330684	9.193787	-6.331146	
69	0.2169934	2.129094E-05	0	0.2170953	1.334556	8.779965	-6.427002	
70	0.2169934	0.2344497	0	-0.01733398	1.519839	7.786594	-5.98111	
71	0.2169934	2.129094E-05	0	-0.01733398	1.430218	6.381105	-5.207367	
72	0.4514294	0.2344497	0	0.2170953	3.07816	3.987282	-4.525269	
73	0.2169934	-0.2344055	0	0.2170953	3.943333	2.09089	-4.391388	
74	-0.01742554	2.131762E-05	0	0.2170953	4.935599	0.5589037	-4.472748	
75	0.2169934	2.131762E-05	0	-0.01733398	5.429384	-0.1470947	-4.530518	
76	0.4514294	0.2344497	0	0.2170953	6.097809	-0.6562805	-4.587097	
77	0.4514294	0.2344497	0	-0.01733398	5.933334	-0.6145935	-4.626923	
78	0.2169934	0.2344497	0	0.2170953	5.288228	-0.3106689	-4.427094	
79	0.2169934	2.131762E-05	0	1.154824	5.058651	-0.03207397	-3.938019	
80	-0.01742554	0.2344497	0	0.4515314	4.979988	-0.01580811	-3.785065	
81	0.2169934	0.2344497	0	-0.01733398	4.701996	0.4655345	-3.957428	
82	0.2169934	0.2344497	0	-0.01733398	4.418804	0.6936742	-3.976166	
83	0.2169934	0.2344497	0	0.2170954	4.226616	0.7749569	-3.898834	
84	0.4514294	-0.2344055	0	0.2170954	3.983016	0.9235936	-3.788086	
85	0.2169934	2.13443E-05	0	0.6859598	3.172235	1.122199	-2.957825	
86	0.2169934	2.13443E-05	0	0.4515314	1.894367	1.013138	-1.657532	
87	0.2169934	0.2344497	0	-0.01733398	0.7991147	1.459211	-0.7593079	
88	0.4514294	0.2344497	0	0.2170954	0.1581491	1.275437	0.4412219	
89	0.2169934	2.13443E-05	0	-0.01733398	-1.370483	1.438142	2.319211	
90	0.4514294	2.13443E-05	0	-0.01733398	-1.88446	1.655676	3.673755	
91	0.4514294	-0.2344055	0	0.6859599	-1.652649	1.95937	3.418859	
92	0.2169934	2.13443E-05	0	0.4515315	-1.305695	2.043478	2.92842	
93	0.2169934	2.13443E-05	0	-0.01733398	-0.8514099	1.890625	2.003097	
94	0.4514294	2.13443E-05	0	-0.01733398	-0.05480957	1.74911	1.014625	
95	0.4514294	2.13443E-05	0	0.2170955	0.887639	2.016141	-0.2459717	
96	0.4514294	2.13443E-05	0	-0.01733398	1.692388	2.18427	-1.697998	
97	0.2169934	-0.2344055	0	0.6859599	2.103931	2.050701	-2.615356	
98	0.2169934	2.13443E-05	0	0.2170955	2.148706	1.823339	-2.617493	
99	-0.01742554	0.2344497	0	-0.01733398	1.672867	1.604552	-1.958679	
100	0.4514294	0.2344497	0	-0.01733398	1.096903	1.417292	-0.9046631	
101	0.2169934	2.13443E-05	0	-0.01733398	0.4155216	1.320739	0.1727424	
102	0.2169934	2.13443E-05	0	-0.01733398	0.06497211	1.34503	1.008097	
103	0.2169934	-0.2344055	0	0.920396	-0.0821228	1.421785	1.532084	
104	-0.01742554	2.13443E-05	0	0.4515316	-0.1301575	1.344752	1.829758	
105	0.2169934	2.13443E-05	0	0.2170956	-0.1267395	1.547681	1.660494	
106	0.4514294	2.13443E-05	0	0.2170956	-0.04077148	1.561181	1.273688	
107	0.2169934	-0.2344055	0	0.2170956	-0.04736328	1.772218	0.905685	
108	0.2169934	0.2344497	0	0.4515316	0.1930827	1.961269	0.5849977	
109	0.2169934	-0.2344055	0	0.4515316	0.054213	2.205694	0.2131192	
110	-0.2518616	2.13443E-05	0	0.2170956	0.3821484	2.475883	0.3108586	
111	0.2169934	2.13443E-05	0	-0.01733398	1.045454	2.752315	0.3667064	
112	0.2169934	0.2344497	0	0.2170956	1.01346	2.671173	-0.2467346	
113	0.2169934	2.13443E-05	0	0.2170956	0.9227887	2.584962	-0.5914612	
114	0.2169934	2.13443E-05	0	0.2170956	1.150942	2.760521	-0.3640442	
115	0.2169934	-0.2344055	0	1.154824	1.061157	3.017636	-0.1037903	
116	-0.01742554	2.13443E-05	0	0.4515316	1.124468	3.06552	-0.09164429	
117	0.2169934	2.13443E-05	0	0.2170956	1.633146	2.997226	-0.3334656	
118	0.2169934	2.13443E-05	0	-0.01733398	1.778539	2.937284	-0.2688599	
119	0.4514294	2.13443E-05	0	0.2170956	1.633841	3.050566	0.02663109	
120	0.2169934	2.13443E-05	0	0.2170956	1.488835	3.021342	0.3155548	
121	0.2169934	-0.2344055	0	0.6859599	1.443668	3.06215	0.4088068	
122	-0.2518616	2.13443E-05	0	0.4515316	1.431438	2.985583	0.3834107	
123	0.2169934	2.13443E-05	0	0.2170955	1.559356	2.826003	0.1890775	
124	0.4514294	2.13443E-05	0	0.2170955	1.642672	2.848779	0.002502602	
125	0.4514294	2.13443E-05	0	0.2170955	1.776893	2.714303	0.0524878	
126	0.4514294	2.13443E-05	0	0.2170955	1.879568	2.800586	0.04372812	
127	0.2169934	2.13443E-05	0	0.9203961	1.820564	2.739237	0.1743193	
128	-0.01742554	2.13443E-05	0	0.68596	2.001379	2.694904	-0.09683228	
129	0.2169934	2.13443E-05	0	-0.25177	2.324932	2.53802	-0.3244934	
130	0.4514294	2.13443E-05	0	0.2170955	2.256649	2.442038	-0.3420105	
131	0.4514294	2.13443E-05	0	0.4515316	2.284614	2.307395	-0.1761475	
132	0.2169934	-0.2344055	0	-0.01733398	2.100742	2.250261	0.1204138	
133	0.4514294	-0.2344055	0	1.154824	1.956881	2.286129	0.2854673	
134	-0.01742554	2.13443E-05	0	-0.01733398	1.722773	2.131195	0.7150992	
135	0.4514294	2.13443E-05	0	-0.01733398	1.411949	2.300345	1.786821	
136	0.4514294	0.2344497	0	0.2170956	0.9828424	2.6222	3.40955	
137	0.2169934	2.13443E-05	0	0.2170956	-0.04486084	3.088867	5.137718	
138	0.4514294	2.13443E-05	0	-0.01733398	-0.858551	3.487507	6.735988	
139	0.4514294	-0.2344055	0	0.6859601	-1.097809	3.679815	7.205167	
140	0.2169934	2.13443E-05	0	0.2170956	-1.188629	3.306808	7.569034	
141	0.2169934	2.13443E-05	0	0.2170956	-0.8835754	2.930905	7.109993	
142	0.2169934	0.2344497	0	-0.01733398	-0.1461792	2.429769	6.206267	
143	0.2169934	-0.2344055	0	-0.01733398	0.7090849	2.030913	4.168048	
144	0.2169934	2.137098E-05	0	-0.01733398	1.613112	1.605842	1.779211	
145	0.4514294	2.137098E-05	0	0.4515317	2.416591	1.383529	0.1000521	
146	0.4514294	2.137098E-05	0	0.2170956	2.870667	1.398141	-0.6850891	
147	0.4514294	0.2344498	0	0.2170956	2.924741	1.328451	-1.264313	
148	0.2169934	2.137098E-05	0	-0.01733398	2.994449	1.344329	-1.903168	
149	0.4514294	2.137098E-05	0	-0.01733398	2.963236	1.571723	-2.515717	
150	0.2169934	2.137098E-05	0	0.2170956	3.003927	1.528076	-2.753906	
151	0.4514294	2.137098E-05	0	0.2170956	2.970386	1.382607	-2.829956	
152	0.2169934	-0.2344055	0	-0.01733398	2.811839	1.367184	-2.785461	
153	0.4514294	0.2344497	0	-0.01733398	2.743155	1.365383	-2.658417	
154	0.2169934	2.13443E-05	0	-0.01733398	2.434737	1.770213	-2.548523	
155	0.4514294	2.13443E-05	0	-0.01733398	2.423493	1.895951	-2.478668	
156	0.2169934	-0.2344055	0	0.68596	2.437508	1.888112	-2.467346	
157	0.2169934	2.13443E-05	0	0.4515317	2.340051	2.15132	-2.568054	
158	0.2169934	2.13443E-05	0	-0.01733398	2.354192	2.093865	-2.502625	
159	0.2169934	2.13443E-05	0	0.2170957	2.30052	2.225747	-2.501312	
160	0.2169934	2.13443E-05	0	0.2170957	2.269501	2.281126	-2.492249	
161	-0.01742554	2.13443E-05	0	-0.01733398	2.083286	2.48889	-2.493622	
162	0.2169934	2.13443E-05	0	0.4515317	2.082825	2.46198	-2.433044	
163	0.2169934	0.2344497	0	0.2170956	1.98265	2.610916	-2.511047	
164	0.2169934	2.13443E-05	0	-0.01733398	1.966293	2.88202	-2.635773	
165	0.2169934	2.13443E-05	0	-0.01733398	1.821774	3.026348	-2.553314	
166	0.4514294	2.13443E-05	0	0.2170956	1.819915	3.032051	-2.435303	
167	0.2169934	-0.2344055	0	0.6859601	1.855725	2.932349	-2.201355	
168	0.2169934	2.13443E-05	0	0.4515317	2.511622	3.006423	-2.121979	
169	0.4514294	2.13443E-05	0	0.2170956	2.681405	3.188861	-2.016144	
170	0.2169934	2.13443E-05	0	-0.01733398	2.885971	3.192175	-1.965759	
171	0.2169934	2.13443E-05	0	0.2170956	3.510417	3.107636	-2.481171	
172	0.2169934	0.2344497	0	-0.01733398	4.216184	2.866584	-3.12439	
173	0.2169934	-0.2344055	0	0.6859601	5.012328	2.607744	-3.951233	
174	0.2169934	-0.2344055	0	0.2170957	5.497521	2.223922	-4.68866	
175	0.2169934	2.137098E-05	0	-0.01733398	6.006942	2.225274	-5.144196	
176	0.4514294	0.2344498	0	0.2170957	6.427087	2.223506	-5.420654	
177	0.4514294	2.137098E-05	0	-0.01733398	6.200414	2.547538	-5.528381	
178	0.4514294	2.137098E-05	0	-0.01733398	5.853828	2.671022	-5.400726	
179	0.2169934	-0.2344055	0	0.6859601	5.085073	2.772196	-4.915314	
180	-0.01742554	2.137098E-05	0	0.4515317	4.487018	2.957927	-4.364288	
181	0.2169934	2.137098E-05	0	-0.01733398	3.549398	3.265222	-3.750153	
182	0.2169934	2.137098E-05	0	-0.01733398	2.829568	3.338675	-3.126404	
183	0.2169934	2.137098E-05	0	-0.01733398	2.393273	3.1958	-2.450439	
184	0.2169934	2.137098E-05	0	0.2170957	2.635909	2.868586	-1.77536	
185	0.2169934	-0.2344055	0	0.9203963	2.997947	3.093428	-2.322266	
186	-0.01742554	-0.2344055	0	0.2170957	3.207288	2.835133	-2.518402	
187	0.2169934	2.137098E-05	0	-0.01733398	3.69204	2.616573	-2.71228	
188	0.2169934	2.137098E-05	0	0.2170957	3.805076	2.693437	-2.767761	
189	0.4514294	0.2344498	0	0.2170957	3.678975	2.79693	-2.811768	
190	0.2169934	2.137098E-05	0	0.2170957	3.549602	2.803987	-2.799042	
191	0.2169934	-0.2344055	0	0.9203963	3.403842	2.754602	-2.684906	
192	-0.01742554	2.137098E-05	0	0.4515319	3.239249	2.757792	-2.667053	
193	0.2169934	2.137098E-05	0	-0.01733398	3.356265	2.425165	-2.586365	
194	0.4514294	-0.2344055	0	-0.01733398	3.216582	2.501863	-2.566986	
195	0.2169934	-0.2344055	0	-0.01733398	3.005008	2.760638	-2.655701	
196	0.4514294	2.137098E-05	0	0.2170958	2.819271	2.762203	-2.624756	
197	0.2169934	-0.2344055	0	0.4515319	2.857506	2.716077	-2.658447	
198	0.2169934	2.137098E-05	0	0.2170959	2.907365	2.629299	-2.656067	
199	0.2169934	0.2344498	0	0.4515319	2.823029	2.590302	-2.606628	
200	-0.01742554	2.137098E-05	0	-0.01733398	2.766856	2.771169	-2.667877	
201	0.2169934	2.137098E-05	0	0.2170959	2.660923	2.907626	-2.590302	
202	0.2169934	2.137098E-05	0	-0.01733398	2.569395	2.915959	-2.532654	
203	0.2169934	2.137098E-05	0	0.2170959	2.592979	2.943005	-2.608368	
204	0.2169934	-0.2344055	0	0.2170959	2.595422	2.985897	-2.636627	
205	0.2169934	2.137098E-05	0	0.2170959	2.645405	3.234955	-2.729614	
206	0.2169934	0.2344498	0	-0.01733398	2.673502	3.321101	-2.80127	
207	0.2169934	2.137098E-05	0	-0.01733398	2.670715	3.427813	-2.78894	
208	0.2169934	2.137098E-05	0	0.6859604	2.709633	3.40364	-2.907257	
209	0.2169934	2.137098E-05	0	0.451532	2.745392	3.384305	-3.0625	
210	0.2169934	0.2344498	0	0.2170959	2.777472	3.410299	-3.069946	
211	0.6858578	2.137098E-05	0	-0.01733398	2.68852	3.419654	-3.003723	
212	0.4514294	2.137098E-05	0	-0.01733398	2.784846	3.36731	-3.053864	
213	0.4514294	0.2344498	0	-0.01733398	2.665104	3.414775	-3.013031	
214	0.4514294	2.137098E-05	0	0.4515319	2.688076	3.484871	-3.034424	
215	0.2169934	2.137098E-05	0	0.2170959	2.714476	3.502242	-2.953766	
216	0.2169934	2.137098E-05	0	-0.01733398	2.732748	3.491176	-3.038055	
217	0.4514294	2.137098E-05	0	-0.01733398	2.692731	3.468752	-2.996246	
218	0.2169934	2.137098E-05	0	0.2170959	2.652421	3.476706	-3.053986	
219	0.2169934	2.137098E-05	0	0.2170959	2.711632	3.479669	-3.165466	
220	-0.01742554	2.137098E-05	0	0.4515319	2.756906	3.545543	-3.082642	
221	0.2169934	2.137098E-05	0	-0.01733398	2.860242	3.642827	-3.221832	
222	0.4514294	2.137098E-05	0	0.2170959	2.914359	3.632	-3.557373	
223	0.2169934	0.2344498	0	-0.01733398	3.005522	3.625584	-3.601166	
224	0.2169934	2.137098E-05	0	-0.01733398	2.988943	3.803224	-3.356201	
225	0.2169934	-0.2344055	0	0.6859604	3.50175	4.143167	-2.848022	
226	-0.01742554	-0.2344055	0	0.451532	3.935464	4.237516	-2.993103	
227	0.2169934	2.137098E-05	0	-0.01733398	3.631533	3.910983	-3.512787	
228	0.4514294	0.2344498	0	0.217096	3.285404	3.699251	-3.661621	
229	0.2169934	-0.2344055	0	-0.01733398	3.160691	3.886431	-3.131989	
230	0.4514294	2.139766E-05	0	-0.01733398	3.302109	4.122633	-3.016998	
231	0.4514294	-0.2344055	0	0.6859604	3.427571	4.155628	-3.137726	
232	0.2169934	2.139766E-05	0	0.451532	3.209052	4.224751	-3.101196	
233	0.4514294	2.139766E-05	0	-0.01733398	2.789515	4.527656	-2.812347	
234	0.2169934	2.139766E-05	0	-0.01733398	2.630167	4.593814	-2.474091	
235	0.4514294	0.2344498	0	0.217096	2.6423	4.464994	-2.413422	
236	0.2169934	2.139766E-05	0	0.4515321	2.730781	4.249768	-2.303101	
237	0.2169934	-0.2344055	0	0.6859605	2.772346	4.210737	-2.147797	
238	-0.01742554	0.2344498	0	0.217096	2.707015	4.258242	-2.006042	
239	0.4514294	2.137098E-05	0	-0.25177	2.66976	4.074707	-1.947388	
240	0.4514294	2.137098E-05	0	-0.01733398	2.911552	3.780791	-2.257111	
241	0.2169934	2.137098E-05	0	-0.01733398	2.892022	3.522068	-2.393951	
242	0.2169934	2.137098E-05	0	0.2170961	2.647499	3.377457	-2.199127	
243	0.4514294	-0.2344055	0	0.6859605	2.606923	3.176839	-2.09198	
244	-0.01742554	2.137098E-05	0	0.2170961	2.4949	2.805435	-2.121246	
245	-0.01742554	0.2344498	0	0.2170961	2.329639	2.547295	-2.420258	
246	0.2169935	2.137098E-05	0	0.2170961	2.314495	2.366248	-2.743683	
247	0.4514295	2.137098E-05	0	0.2170961	2.313998	2.317383	-3.2948	
248	0.4514295	2.137098E-05	0	0.2170961	2.417513	2.381758	-3.954468	
249	0.2169935	-0.2344055	0	0.4515322	2.3314	2.473723	-4.491547	
250	0.2169935	2.137098E-05	0	0.2170961	2.094856	2.496897	-5.21637	
251	0.2169935	2.137098E-05	0	-0.01733398	1.885505	2.559042	-5.249695	
252	0.2169935	2.137098E-05	0	0.2170961	1.682437	2.889386	-5.217621	
253	0.4514295	2.137098E-05	0	-0.01733398	1.404541	3.127764	-5.110413	
254	0.4514295	2.137098E-05	0	-0.01733398	1.326625	3.234825	-5.187561	
255	0.2169935	-0.2344055	0	0.9203966	1.318827	3.401903	-5.313904	
256	-0.01742554	2.137098E-05	0	0.2170961	1.313199	3.540567	-5.318085	
257	-0.01742554	2.137098E-05	0	0.2170961	1.249769	3.548092	-5.216858	
258	0.4514295	2.137098E-05	0	-0.01733398	1.266749	3.565954	-5.268188	
259	0.4514295	0.2344498	0	0.2170961	1.224796	3.695493	-5.148071	
260	0.4514295	0.2344498	0	-0.01733398	1.056649	3.774749	-4.940643	
261	0.4514295	2.137098E-05	0	0.4515322	1.171229	3.725618	-5.05304	
262	0.2169935	0.2344498	0	-0.01733398	1.366341	3.693395	-5.279968	


Angle MV instances
Rotate	60.26645	4.454224	8.673981	22.03659	21.56775	
ChildRotate	120.498	11.48715	17.11356	8.439545	11.01828	17.34799	32.11719	17.5824	3.047607	
RotateInverse	
ChildRotateInverse	69.1401	2.109886	7.267384	48.99629	10.54944	19.22343	
Docking x	61.27915	2.149071	6.1619	7.44939	4.829887	5.400841	5.091385	4.591448	8.87564	5.931055	2.570334	2.318938	3.896132	3.870941	2.937653	4.164886	2.773651	2.510284	2.751404	
Docking y	62.86546	2.899914	5.861202	12.04429	18.21892	10.81249	8.641055	7.617597	4.886261	2.318298	3.464569	3.160614	2.784851	2.332886	3.56543	2.77749	2.393823	
Docking z	79.00025	2.791199	7.345764	16.34559	21.2984	2.895803	2.216097	4.124813	5.488215	6.522569	2.123397	2.873274	2.284943	3.340027	2.109214	2.038219	2.388837	
Total MV Amount	974.3229


Angle TRE instances
Rotate	9	
ChildRotate	15	
RotateInverse	1	
ChildRotateInverse	11	
Docking x	24	26	32	42	49	75	80	173	180	
Docking y	21	26	27	34	36	52	72	
Docking z	23	33	35	44	72	137	143	175	179	250	260	261	
Total TRE Count	31


Correct Angles	Rotate	ChildRotate	RotateInverse	ChildRotateInverse	Docking x	Docking y	Docking z
	0	0	0	0	0	0	0

Angle Error	Rotate	ChildRotate	RotateInverse	ChildRotateInverse	Docking x	Docking y	Docking z
	0.2169935	2.137098E-05	0	0.01733398	1.445166	3.678998	5.203461

Time Taken	Hours	Minutes	Seconds	Milliseconds	Seconds float	Completion time
	0	0	15	403	15.40303	00h:00m:15s:403ms

Final Results	Tester Name	Time of Test	Dock Shape Style	Virtual Device Visible	Time Taken	Shape Precision %	Orientation Precision %	Overall Precision %	Efficiency %	Difficulty	Total MV	Total TRE	
	0	2018-11-22_10:10:39	ZEROING DATA	True	00h:00m:15s:403ms	99.96745	98.3551	99.16175	100	0	974.3229	31	
