
Angles Over Time
Frames	Rotate	ChildRotate	RotateInverse	ChildRotateInverse	Docking x	Docking y	Docking z	
0	-1.218964	0.9377086	0	-0.9844666	0.02064754	-0.2095947	0.01671268	
1	-0.2512207	-0.234436	0	-0.01678467	0.0759437	-0.1154785	-0.0002896724	
2	-0.01678467	-0.234436	0	0.6865048	0.2438798	-0.1315613	-0.3080139	
3	-0.2512207	-0.234436	0	0.2176404	0.6163527	-0.1716309	-0.4898071	
4	-0.4856567	0	0	-0.01678467	0.9834112	-0.2250061	-0.5939331	
5	-0.01678467	0	0	-0.01678467	0.944674	-0.157196	-0.6558228	
6	-0.01678467	0	0	-0.01678467	0.6951655	-0.09405518	-0.8023071	
7	-0.01678467	0	0	-0.01678467	0.4298187	0.01643788	-0.7201233	
8	-0.01678467	-0.234436	0	0.6865048	0.1333815	0.1868866	-0.5666809	
9	-0.4856567	-0.234436	0	-0.01678467	-0.1140137	0.2459297	-0.2661133	
10	-0.01678467	-0.234436	0	-0.01678467	1.157819	0.02002019	-0.09423828	
11	-0.01678467	-13.36261	0	-0.01678467	2.184185	-0.0975647	1.722657	
12	-0.01678467	-16.87909	0	0.2176404	4.725846	0.440949	3.426863	
13	-0.01678467	-26.25638	0	-0.01678467	10.85855	1.037745	5.442009	
14	-0.01678467	-26.25638	0	0.2176404	18.56273	1.720818	9.643023	
15	-14.55157	-26.25638	0	7.250599	24.47562	2.744488	16.37454	
16	-31.89954	-30.47617	0	13.58027	31.07315	3.717108	17.04827	
17	-36.35376	-40.3223	0	13.34584	37.43589	4.253072	20.97797	
18	-37.29147	-54.15378	0	13.58027	40.88325	6.170821	26.11687	
19	-37.76035	-59.54572	0	14.28357	43.5242	6.327449	29.58077	
20	-46.43433	-59.54572	0	26.00516	50.50427	6.783636	27.11527	
21	-46.9032	-59.54572	0	36.5546	54.47578	8.382598	22.01926	
22	-46.9032	-59.78015	0	48.2762	56.7142	10.39038	13.65483	
23	-44.09	-59.78015	0	61.87326	57.4127	11.40933	6.618507	
24	-36.35376	-59.78015	0	62.10769	56.56072	14.02138	6.274166	
25	-32.13397	-60.24902	0	62.34212	56.58525	15.67186	6.314733	
26	-28.38306	-60.48346	0	65.15531	55.18347	14.80159	3.833868	
27	-25.56989	-60.7179	0	65.38974	53.33099	14.07904	1.54507	
28	-22.75671	-60.7179	0	66.09303	51.86775	13.432	-1.672729	
29	-17.36475	-61.18674	0	66.09303	50.78207	13.14339	-3.977783	
30	-15.25488	-60.95233	0	65.85861	50.19298	12.65373	-4.540741	
31	-13.37943	-61.89005	0	66.09305	50.07836	12.39501	-5.074707	
32	-12.20728	-64.93765	0	66.09305	50.67264	12.42748	-5.149841	
33	-10.33182	-72.67392	0	64.45203	51.7499	11.97259	-2.74704	
34	-10.09738	-78.76917	0	77.11136	54.52705	10.68164	0.153829	
35	-10.09738	-86.97427	0	78.28352	57.62	10.4086	4.083773	
36	-9.862946	-87.91199	0	83.90989	59.54708	13.249	10.14373	
37	-8.45636	-88.14642	0	94.69376	62.02373	16.35597	12.53755	
38	-8.221924	-88.14642	0	102.43	64.59937	19.71234	15.42943	
39	-6.815338	-88.14642	0	105.7121	65.24056	23.1511	18.84049	
40	-6.815338	-88.14642	0	105.7121	65.56936	25.52722	22.71749	
41	-6.580902	-88.6153	0	105.0088	67.60986	22.91832	18.79506	
42	-6.815338	-89.08417	0	105.2432	68.50434	17.52136	10.48368	
43	-6.815338	-89.3186	0	105.4776	69.37875	16.42903	4.337923	
44	-6.580902	-90.72519	0	105.4776	68.8491	17.55534	7.119856	
45	-6.815338	-90.72519	0	105.4776	69.0361	17.81069	8.734765	
46	-6.580902	-90.72519	0	105.4776	69.53654	18.21838	12.4234	
47	-6.815338	-90.02188	0	105.9465	70.12392	17.00791	9.027694	
48	-6.815338	-90.49075	0	108.2908	70.63765	17.46077	9.455275	
49	-6.815338	-90.25632	0	110.4007	69.99829	20.75457	11.65152	
50	-6.815338	-90.25632	0	110.8696	67.8332	19.94212	11.40113	
51	-6.580902	-90.25632	0	110.8696	65.92181	19.20579	11.36632	
52	-6.815338	-90.72519	0	109.9319	63.04932	20.30036	14.72602	
53	-7.049744	-92.83508	0	110.6352	62.10608	23.39722	18.80062	
54	-6.815338	-93.7728	0	110.6352	60.33903	25.55026	22.21551	
55	-6.815338	-95.88269	0	110.6352	59.41175	27.64734	24.74268	
56	-6.815338	-97.99258	0	110.6352	56.225	29.39145	27.25613	
57	-6.815338	-103.8534	0	110.6352	54.68831	33.00311	29.45467	
58	-6.815338	-103.8534	0	110.4007	52.42034	32.21207	25.18186	
59	-6.11203	-104.7911	0	110.8696	49.86647	31.53261	22.18443	
60	-4.471008	-105.9633	0	110.8696	46.96935	29.36738	18.59659	
61	-2.126678	-108.7764	0	111.5729	45.4007	27.79222	17.67588	
62	-2.126678	-110.6519	0	111.8073	44.68494	25.84349	18.22871	
63	-2.126678	-109.9486	0	111.104	46.1638	25.36613	18.10846	
64	-1.892242	-110.6519	0	111.5729	47.54668	25.73001	17.89527	
65	-1.892242	-110.8863	0	111.8073	49.05084	26.95066	18.05206	
66	-1.892242	-110.8863	0	111.8073	52.36341	29.9011	20.12698	
67	-1.657806	-112.7618	0	111.8073	56.77125	32.43348	22.08891	
68	-1.892242	-114.4028	0	111.5729	61.2756	36.89968	27.46739	
69	-1.657806	-116.2783	0	111.104	63.8225	37.16127	29.14116	
70	-1.892242	-124.9522	0	110.6351	67.61436	44.30205	40.13517	
71	-1.892242	-129.172	0	101.9612	69.58392	49.31875	49.84103	
72	-1.657806	-129.6409	0	95.6315	69.0925	43.61819	48.16189	
73	-1.892242	-129.8753	0	96.10036	69.01807	42.22329	48.66509	
74	-2.829987	-129.6409	0	96.56923	69.6325	45.12963	52.18019	
75	-3.298859	-129.8753	0	112.5106	68.0111	42.29982	43.28715	
76	-1.892242	-129.4065	0	124.4666	65.38664	42.82909	39.26131	
77	-1.892242	-123.0768	0	131.0307	66.05241	43.18044	34.80379	
78	-1.423401	-122.1391	0	131.0307	66.29409	41.74876	30.13955	
79	-1.657806	-122.1391	0	131.0307	66.00045	37.51136	26.29877	
80	-1.657806	-121.4358	0	130.3275	64.78683	33.44857	23.16028	
81	-1.892242	-121.4358	0	130.7963	63.62178	29.63631	18.8326	
82	-1.657806	-121.6702	0	130.5619	65.60056	27.15657	15.78296	
83	-1.657806	-122.3735	0	126.5765	67.77077	25.35812	14.47298	
84	-1.657806	-129.4065	0	116.0271	71.50126	27.79	18.78772	
85	-1.657806	-132.4541	0	112.5106	77.38351	34.05024	27.89085	
86	-1.892242	-135.0328	0	109.6974	80.95417	49.20216	48.9997	
87	-1.657806	-136.205	0	107.822	83.11311	88.31801	94.78182	
88	-1.892242	-136.4394	0	106.8842	82.54665	106.9075	115.8414	
89	-1.892242	-136.205	0	107.1187	82.10188	121.9	130.4756	
90	-1.892242	-136.205	0	107.3531	82.19991	130.7753	138.2963	
91	-1.657806	-135.7361	0	113.2139	81.16177	139.5621	144.4263	
92	-2.126678	-136.205	0	115.3238	82.21918	133.3693	136.4054	
93	-1.892242	-136.205	0	116.0271	83.31449	121.1838	124.5141	
94	-1.892242	-136.205	0	117.9025	83.11758	112.1405	115.7793	
95	-1.892242	-136.205	0	121.6535	83.67461	100.7657	104.6976	
96	-1.892242	-135.0328	0	124.7011	82.83974	58.55864	61.60467	
97	-2.361115	-135.5017	0	125.8732	80.2908	42.79988	44.81055	
98	-1.892242	-135.9706	0	126.3421	79.00672	40.06507	41.58033	
99	-1.892242	-136.4394	0	126.3421	76.41071	33.01824	34.20703	
100	-1.892242	-136.6738	0	126.3421	75.10764	26.59682	27.88539	
101	-1.892242	-136.4394	0	126.3421	74.26868	27.57013	29.13254	
102	-1.892242	-135.7361	0	126.1077	72.29549	31.21971	32.45888	
103	-2.126678	-136.205	0	126.3421	68.16514	23.95167	24.60012	
104	-1.892242	-136.205	0	126.3421	63.79876	17.27846	17.69777	
105	-2.126678	-135.9706	0	126.1077	62.39636	15.5136	16.16205	
106	-1.892242	-136.6738	0	126.3421	60.85043	14.82731	16.23097	
107	-1.892242	-135.9706	0	125.4044	61.77158	14.31787	16.51187	
108	-2.126678	-136.4394	0	125.8732	64.59205	16.30372	20.07901	
109	-2.126678	-137.1427	0	126.1077	68.08387	18.83289	22.72169	
110	-2.126678	-137.3771	0	126.1077	70.4719	20.50212	24.76804	
111	-2.595551	-137.3771	0	126.1077	74.69269	24.85937	28.50129	
112	-3.064423	-137.3771	0	126.1077	79.7963	37.64627	40.70241	
113	-3.298859	-136.4394	0	125.8732	79.72693	50.4683	54.62623	
114	-3.533264	-137.1427	0	126.3421	79.61295	55.34488	59.44257	
115	-3.298859	-137.1427	0	126.1077	79.22655	54.40257	58.23417	
116	-3.533264	-137.1427	0	126.1077	79.13016	51.00655	54.52488	
117	-3.533264	-137.1427	0	126.1077	78.72303	47.35991	50.41761	
118	-3.533264	-136.205	0	125.4044	78.52786	47.33549	49.93192	
119	-3.7677	-136.6738	0	125.8732	78.43562	46.80653	49.15661	
120	-3.533264	-136.9083	0	126.1077	78.23316	44.06076	46.00228	
121	-3.298859	-137.1427	0	126.1077	78.02617	42.63796	44.29454	
122	-3.298859	-137.1427	0	126.1077	78.00978	41.0753	42.56865	
123	-3.533264	-136.9083	0	126.1077	77.83017	39.34235	40.46851	
124	-3.7677	-135.7361	0	125.1699	77.71246	38.84835	39.84817	
125	-4.002136	-137.1427	0	126.1077	77.48478	37.80401	38.65774	
126	-3.298859	-137.1427	0	126.1077	77.41107	37.07854	37.86068	
127	-3.533264	-137.3771	0	126.1077	77.56471	37.35145	38.07399	
128	-3.298859	-137.3771	0	126.1077	77.31698	37.29803	37.97433	
129	-3.533264	-137.6116	0	126.3421	77.61028	38.77676	39.3108	
130	-3.533264	-136.4394	0	125.6388	77.60562	38.65594	39.34801	
131	-3.533264	-137.1427	0	126.1077	77.94625	40.66639	41.49898	
132	-3.533264	-137.3771	0	126.1077	77.99277	40.86755	41.67279	
133	-3.298859	-136.9083	0	126.1077	78.20206	41.23323	41.89519	
134	-3.533264	-136.9083	0	126.1077	78.40512	40.89433	41.53815	
135	-3.533264	-135.5017	0	125.1699	78.37298	39.97729	40.53315	
136	-3.7677	-136.6738	0	125.8732	78.52263	40.61289	41.06214	


Angle MV instances
Rotate	14.53479	17.34796	4.454224	8.673981	2.813202	7.736237	4.219788	3.750916	2.813171	2.813171	5.391968	2.109863	2.34433	
ChildRotate	13.12817	3.516479	9.377289	4.219788	9.84613	13.83148	5.391937	3.047607	7.736267	6.095245	8.205109	2.109894	2.109894	2.109894	5.860809	2.813187	8.673981	4.219788	6.329666	7.032959	3.047607	2.578751	
RotateInverse	
ChildRotateInverse	7.032959	6.329666	11.7216	10.54944	11.7216	13.59705	2.81319	12.65933	5.626366	10.78387	7.736259	3.282051	2.34433	2.109886	8.673988	6.329659	15.94138	11.95603	6.564102	3.985344	10.54945	3.516487	2.813179	5.860802	2.109886	3.750908	3.047615	
Docking x	2.541661	6.132703	7.704178	5.912893	6.597534	6.362736	3.447357	2.640957	6.980068	3.971508	2.238419	2.777153	3.092945	2.476646	2.575642	2.040504	2.165092	2.872494	3.186745	2.267971	2.553864	2.897121	3.312572	4.407833	4.504349	2.546902	3.791866	2.624458	2.170204	3.730492	5.882256	3.570656	2.158936	2.548935	2.596008	4.130356	4.366375	2.820465	3.491821	2.388031	4.220787	5.103607	
Docking y	2.007777	2.612053	2.840398	3.106966	3.356369	3.438766	2.37612	2.608906	5.396954	3.2938	3.096861	2.153044	2.097071	3.611664	2.165237	2.950438	2.532383	4.466206	7.140781	5.016701	5.700554	2.906342	2.829819	4.2374	4.062782	3.812263	2.479742	2.431875	6.260237	15.15192	39.11585	18.58951	14.99249	8.875282	8.786865	6.192886	12.18545	9.043274	11.37479	42.20711	15.75876	2.734806	7.046833	6.421415	3.649572	7.268036	6.673212	2.529175	4.357258	12.78689	12.82203	4.876579	3.396011	3.646645	2.745777	2.010448	
Docking z	2.015146	4.201013	6.731518	3.929691	5.138899	3.463902	2.465498	5.096012	8.364425	7.036325	2.480865	2.288798	2.305054	2.402802	2.900869	3.929944	6.05996	2.393822	2.89188	3.411057	3.876999	3.922434	8.311381	6.145753	2.781934	3.688639	3.39571	2.196245	3.359703	4.0746	3.41489	2.527166	2.513454	2.198532	4.272806	2.997431	3.587839	2.074921	5.378479	10.99401	9.70586	3.515102	8.893044	4.025841	4.457516	4.664246	3.84078	3.138489	4.327675	3.049644	4.314738	9.10313	21.10886	45.78212	21.05957	14.63421	7.820724	6.12999	8.020874	11.89138	8.734802	11.08161	43.09298	16.79412	3.230225	7.373299	6.321646	3.326338	7.858765	6.902351	3.567148	2.642677	2.046349	3.733246	12.20112	13.92382	4.816341	3.709293	4.107265	3.154331	2.10014	2.15097	
Total MV Amount	1477.297


Angle TRE instances
Rotate	25	28	
ChildRotate	60	68	
RotateInverse	1	
ChildRotateInverse	
Docking x	
Docking y	
Docking z	1	13	26	31	33	36	43	44	
Total TRE Count	11


Correct Angles	Rotate	ChildRotate	RotateInverse	ChildRotateInverse	Docking x	Docking y	Docking z
	-30	-109.2616	0	89.99999	90	-60	0

Angle Error	Rotate	ChildRotate	RotateInverse	ChildRotateInverse	Docking x	Docking y	Docking z
	26.46674	27.41223	0	36.10767	11.37179	100.3331	40.67063

Time Taken	Hours	Minutes	Seconds	Milliseconds	Seconds float	Completion time
	0	0	8	86	8.086131	00h:00m:08s:086ms

Final Results	Tester Name	Time of Test	Dock Shape Style	Virtual Device Visible	Time Taken	Shape Precision %	Orientation Precision %	Overall Precision %	Efficiency %	Difficulty	Total MV	Total TRE	
	0	2018-11-22_10:03:39	Ltd Random	False	00h:00m:08s:086ms	87.50185	73.8882	80.76491	88.26012	0.4214018	1477.297	11	
