
Angles Over Time
Frames	Rotate	ChildRotate	RotateInverse	ChildRotateInverse	Docking x	Docking y	Docking z	
0	0.4688659	2.109885	0	-0.4688721	0.610737	-0.04397583	-0.1036072	
1	-0.1312866	-2.970282E-09	0	0.5720131	-0.2457886	0.01062378	0.03442311	
2	-0.3657227	-2.34433	0	1.744178	-0.4764099	0.00129326	0.09199027	
3	-2.006744	-1.17218	0	0.3375847	-0.4495239	-0.01138306	0.1814856	
4	-0.8345947	-0.9377441	0	1.040877	-0.3439026	-0.06588745	0.2877919	
5	-1.303436	-1.406586	0	0.1031487	-0.29953	-0.129364	0.4159009	
6	-0.8345947	-1.406586	0	0.3375847	-0.3497314	-0.1799927	0.3734041	
7	-0.8345947	-3.985352	0	3.619636	-0.5121765	-0.1643066	0.3390155	
8	-4.116638	-1.875458	0	2.213042	-0.5135498	-0.1605835	0.3546764	
9	-2.24118	-0.9377441	0	0.8064488	-0.3515625	-0.1614075	0.3101914	
10	-1.303436	-2.64262E-07	0	0.3375843	-0.3707886	-0.1655273	0.3260803	
11	0.1031495	-2.64262E-07	0	0.1031483	-0.4437561	-0.2192993	0.4004122	
12	0.1031495	-0.9377441	0	0.1031483	-0.5545044	-0.3939819	0.6345918	
13	0.1031495	-3.985352	0	4.791793	-1.125488	-0.7849731	0.4838733	
14	-2.475586	-1.641022	0	0.1031479	-1.185028	-1.095184	0.5486205	
15	-0.8345642	-1.406586	0	0.1031479	0.8902955	-1.38385	0.06830941	
16	0.1031495	0.2344279	0	0.337584	4.936836	-1.650513	-0.1228027	
17	-0.8345642	-0.234436	0	0.1031479	11.85669	-1.717041	0.1405856	
18	0.1031495	-4.662731E-07	0	0.1031479	20.21009	-2.08725	-0.07629395	
19	-0.1312866	-2.109894	0	3.854063	30.74453	-3.728088	-1.324127	
20	-2.475586	-1.406586	0	9.480429	43.10102	-6.258636	-5.466309	
21	-1.069	-0.9377441	0	28.23499	52.03336	-8.077148	-12.58621	
22	-1.772308	-1.17218	0	38.55001	56.36371	-9.065155	-21.15308	
23	-1.069	-0.9377441	0	43.47308	60.22716	-8.275604	-20.28491	
24	-6.695374	-14.06592	0	45.81739	66.61879	-16.60187	-26.51904	
25	-9.508545	-44.77652	0	44.17637	70.18258	-24.22412	-30.3591	
26	-2.006744	-53.91937	0	42.53535	70.37585	-29.58856	-33.01022	
27	-1.537872	-53.68494	0	42.53535	69.01678	-24.43802	-30.65836	
28	-0.1312866	-53.91937	0	42.53535	71.49057	-23.56998	-33.59586	
29	-0.3657227	-61.65561	0	42.76978	74.36539	-24.5192	-35.69012	
30	-0.3657227	-64.93765	0	43.47308	72.43643	-31.24417	-40.66064	
31	-2.24118	-67.75085	0	40.65989	69.47786	-22.11337	-29.29083	
32	-0.8345947	-75.01825	0	31.51705	67.64402	-17.7016	-18.39899	
33	-1.303436	-76.1904	0	29.87602	65.23722	-14.75241	-13.52246	
34	-1.069	-76.42484	0	30.34488	61.39524	-11.49634	-16.14026	
35	-1.069	-76.65927	0	33.86137	58.15891	-8.217468	-18.81641	
36	-3.178894	-76.42484	0	32.45478	56.27326	-5.273315	-15.86707	
37	-2.006744	-76.42484	0	25.42181	56.42547	-3.260834	-8.150177	
38	-5.288788	-75.72153	0	20.02988	60.44683	-2.930878	-1.281403	
39	-5.523224	-75.95596	0	16.5134	65.95829	-5.011597	-2.135681	
40	-5.523224	-75.95596	0	14.16908	69.58089	-6.48761	-3.442627	
41	-7.633087	-76.65927	0	11.59033	69.38979	-5.169769	0.6831015	
42	-16.5415	-76.42484	0	6.667255	67.49934	-5.605621	4.012146	
43	-22.63675	-76.42484	0	-0.1312866	68.73736	-5.176636	8.536605	
44	-31.7796	-76.42484	0	-0.1312866	69.18754	-4.771362	12.73534	
45	-38.34369	-76.65927	0	-0.1312866	66.86008	-5.170166	14.31039	
46	-41.86017	-77.36255	0	2.447476	62.55289	-6.101685	11.91249	
47	-43.26678	-76.89371	0	1.509747	58.79597	-5.473572	11.04443	
48	-42.56348	-76.65927	0	0.3375896	57.06614	-3.620056	11.63461	
49	-42.0946	-76.1904	0	-0.1312866	56.62691	-2.643494	9.970892	
50	-41.39133	-76.42484	0	-0.1312866	57.65978	-5.065094	5.324878	
51	-41.15689	-76.42484	0	-0.1312866	57.00745	-6.727356	3.393511	
52	-41.15689	-77.59698	0	3.854069	55.16657	-5.929108	3.906869	
53	-42.56348	-76.89371	0	-0.1312866	54.17442	-5.231567	4.719075	
54	-41.86017	-76.65927	0	-0.1312866	54.74155	-4.982452	3.897615	
55	-41.86017	-76.42484	0	0.5720183	55.60393	-5.23584	2.503118	
56	-41.62573	-76.42484	0	-0.1312866	56.02288	-4.921661	1.676602	
57	-41.39133	-76.42484	0	-0.1312866	55.43838	-4.499878	1.352836	
58	-41.39133	-77.12811	0	1.040883	54.10748	-4.007965	0.4466768	
59	-42.32904	-76.65927	0	0.5720183	53.90239	-3.015442	-1.60257	
60	-42.0946	-76.89371	0	0.1031539	55.72507	-3.672333	-3.329926	
61	-41.62573	-76.89371	0	0.3375899	58.01574	-5.124878	-5.777405	
62	-41.86017	-77.12811	0	0.3375899	59.34032	-6.485901	-8.168518	
63	-42.0946	-77.83142	0	2.213048	60.39011	-7.776642	-10.37979	
64	-43.50122	-77.59698	0	0.8064543	61.01939	-8.429871	-12.25967	
65	-42.32904	-77.36255	0	-0.3656921	61.12995	-8.434845	-14.28311	
66	-41.8602	-77.36255	0	0.1031538	60.93174	-7.945709	-14.86456	
67	-41.8602	-77.36255	0	0.3375898	60.73041	-7.419373	-15.36554	
68	-41.8602	-77.12811	0	-0.1312866	60.59093	-7.114075	-16.17502	
69	-41.62576	-78.06586	0	3.385205	60.62293	-6.974213	-16.98685	
70	-43.50122	-77.36255	0	0.8064545	60.87483	-7.226074	-18.22864	
71	-41.8602	-77.36255	0	0.3375901	61.08479	-7.355682	-20.04315	
72	-42.0946	-77.36255	0	0.3375901	61.13335	-7.258575	-20.73175	
73	-42.0946	-77.36255	0	-0.1312866	61.09688	-6.97287	-21.00262	
74	-41.8602	-77.36255	0	0.1031541	60.94551	-6.638214	-20.59811	
75	-42.09464	-77.59698	0	1.509748	60.72805	-6.075623	-19.95959	


Angle MV instances
Rotate	3.282043	2.578735	2.344299	5.626373	2.813171	7.501801	2.109894	3.282043	2.109863	8.908417	6.095245	9.142853	6.564087	3.516479	
ChildRotate	2.109885	2.109885	2.34433	2.578766	2.109894	3.047607	2.34433	2.109893	13.12817	30.7106	9.142853	7.736237	3.282043	2.813202	7.267395	
RotateInverse	
ChildRotateInverse	3.282051	4.688645	4.688645	3.750915	5.626366	18.75457	10.31501	4.923073	2.344315	2.813187	9.142845	3.516481	7.032967	5.39193	3.516487	2.344316	2.578752	4.923074	6.798542	2.578762	3.985356	3.985356	3.516491	2.57875	
Docking x	4.046541	6.91985	8.353404	10.53444	12.35649	8.932343	4.330349	3.863453	6.391628	3.563789	2.473785	2.874825	2.958572	2.406799	3.841976	3.236332	4.021366	5.511456	3.622604	2.327461	4.30719	3.756912	2.290668	
Docking y	2.530548	8.326263	7.622253	5.364441	5.150543	6.724976	9.130798	4.411774	2.949188	3.256073	3.27887	2.944153	2.012482	2.080719	2.4216	
Docking z	4.142181	7.119904	8.566864	6.234131	3.840057	2.651123	2.351868	2.9375	2.094269	4.97052	11.36981	10.89185	4.876526	2.617798	2.676147	2.949341	7.716888	6.868774	4.125729	3.329044	4.524459	4.198731	2.397902	4.646014	2.447479	2.391113	2.211273	2.023438	
Total MV Amount	590.0848


Angle TRE instances
Rotate	
ChildRotate	31	32	
RotateInverse	1	
ChildRotateInverse	32	38	
Docking x	
Docking y	1	20	37	39	44	45	48	50	54	55	56	61	
Docking z	1	20	38	43	51	61	
Total TRE Count	20


Correct Angles	Rotate	ChildRotate	RotateInverse	ChildRotateInverse	Docking x	Docking y	Docking z
	-30	-69.40234	0	30	90	0	0

Angle Error	Rotate	ChildRotate	RotateInverse	ChildRotateInverse	Docking x	Docking y	Docking z
	12.56348	7.960205	0	30.13129	29.28461	5.585724	20.76123

Time Taken	Hours	Minutes	Seconds	Milliseconds	Seconds float	Completion time
	0	0	4	475	4.474612	00h:00m:04s:475ms

Final Results	Tester Name	Time of Test	Dock Shape Style	Virtual Device Visible	Time Taken	Shape Precision %	Orientation Precision %	Overall Precision %	Efficiency %	Difficulty	Total MV	Total TRE	
	1	2018-11-13_13:10:57	Ltd Random	False	00h:00m:04s:475ms	92.96458	95.12093	91.56456	95.03287	0.2437804	590.0848	20	
