
Angles Over Time
Frames	Rotate	ChildRotate	RotateInverse	ChildRotateInverse	Docking x	Docking y	Docking z	
0	0.8599238	-138.3149	0	122.2957	-26.1575	157.4111	16.03632	
1	3.204246	-138.3149	0	122.2957	-26.04611	157.3282	16.47581	
2	2.96981	-138.3149	0	122.5302	-25.89017	157.2317	17.10892	
3	0.6254877	-138.5493	0	124.1712	-25.65036	157.0349	17.84001	
4	-0.5466614	-138.3149	0	122.2957	-25.47128	156.7065	18.57158	
5	1.094352	-138.5493	0	122.2957	-25.01746	155.8855	19.98487	
6	1.563216	-138.5493	0	122.7646	-24.65839	153.8593	21.77845	
7	0.8599238	-138.3149	0	122.999	-22.64792	150.5002	24.49632	
8	0.3910594	-138.3149	0	124.8745	-21.39209	148.438	27.5924	
9	0.3910594	-138.5493	0	127.4532	-21.97375	146.2329	31.14732	
10	-0.7810974	-138.3149	0	129.3287	-22.59427	143.3445	36.50731	
11	1.563217	-138.3149	0	129.7976	-22.27072	140.2703	38.37227	
12	3.204246	-138.3149	0	129.7976	-18.39236	137.0069	37.57989	
13	1.563217	-138.5493	0	129.5631	-12.35742	134.0134	36.66479	
14	1.563217	-138.3149	0	129.7976	-7.927521	129.8589	35.76292	
15	-4.063141	-138.3149	0	88.06866	-3.307007	119.6933	29.82808	
16	0.6254878	-130.5786	0	59.23352	1.759774	108.9642	35.15428	
17	1.328788	-56.49811	0	56.18592	3.803498	99.25828	36.10141	
18	2.500946	3.516463	0	34.14931	2.204488	90.84863	28.01431	
19	5.782996	1.875441	0	46.33977	3.602331	83.40211	22.88493	
20	6.017425	-0.234436	0	40.01011	-2.316162	70.10809	11.47257	
21	2.032081	2.109869	0	25.94418	-1.324432	64.65511	10.20766	
22	4.610832	2.109869	0	18.91123	-1.588623	58.91772	7.9311	
23	6.25186	2.344305	0	11.17497	-0.7314148	53.32615	2.188866	
24	4.845267	1.172148	0	5.78304	2.883865	50.31251	-6.068756	
25	4.845267	-2.813202	0	9.065084	0.9892133	49.86989	-19.42181	
26	-1.015533	2.81317	0	-3.125366	-3.905579	49.87584	-30.76761	
27	5.079697	3.750899	0	-5.23526	-6.531616	45.99254	-29.47614	
28	6.48629	1.875441	0	-5.000824	-6.979462	39.7878	-24.75787	
29	7.424018	-0.9377441	0	-5.000824	-11.46582	34.53382	-23.55228	
30	7.424018	2.578734	0	-5.000824	-14.16464	30.91042	-24.61404	
31	7.658455	1.406577	0	-3.125366	-17.57559	29.44321	-26.815	
32	4.610832	2.10987	0	-5.000824	-21.77399	27.1105	-24.63818	
33	6.48629	2.344306	0	-5.000824	-23.19864	23.37727	-19.29868	
34	6.48629	2.578735	0	-5.23526	-20.67493	17.18845	-10.80566	
35	6.48629	2.578735	0	-4.297546	-12.62506	12.59752	-1.473511	
36	6.251861	-0.7033081	0	-3.125366	-2.742096	11.78902	6.557847	
37	3.907539	0.9377126	0	-3.594238	0.6105825	12.28073	11.04991	
38	5.314132	2.10987	0	-5.23526	-2.763336	12.21376	10.09504	
39	6.48629	3.516463	0	-5.000824	-0.8489685	12.7936	8.245979	
40	7.424018	3.7509	0	-5.000824	4.954031	11.10432	7.71416	
41	7.424018	3.7509	0	-5.000824	3.855236	6.031818	4.005682	
42	7.658455	1.172149	0	-3.125366	-2.492737	1.894088	-2.539032	
43	4.845268	2.578735	0	-5.000824	-2.769928	-0.3288269	-6.340759	
44	6.017426	2.578735	0	-5.000824	-2.334229	-2.488617	-7.675598	
45	6.48629	2.10987	0	-5.000824	-2.05545	-4.509521	-7.865448	
46	6.48629	2.81317	0	-4.766418	0.8273567	-5.153351	-8.09082	
47	6.251861	-0.7033081	0	-3.359802	3.310768	-5.394653	-8.588013	
48	3.438675	0.7032844	0	-3.359802	3.63398	-4.846649	-8.713318	
49	5.314133	1.875442	0	-5.23526	6.56261	-3.677155	-7.662201	
50	6.48629	3.047599	0	-5.000824	10.07102	-1.532135	-5.454956	
51	7.424019	3.516463	0	-5.000824	7.661767	0.5164943	-3.2565	
52	7.658456	3.282035	0	-5.23526	6.77949	1.875765	-0.8496704	
53	7.189592	1.172149	0	-2.656525	7.629065	3.07349	1.499284	
54	4.610834	2.578735	0	-5.469696	7.369954	3.559836	2.26394	
55	6.486292	2.578735	0	-4.297546	7.816263	3.503657	1.988861	
56	5.783	2.578735	0	-5.000824	8.365095	3.572652	1.937206	
57	6.486292	2.10987	0	-5.23526	8.203762	3.593237	1.786216	
58	6.486292	-1.604364E-05	0	-2.656525	8.077346	3.492559	1.710874	
59	3.204249	1.406577	0	-3.125366	8.38446	3.684771	1.658826	
60	4.610835	2.813171	0	-4.531982	8.435096	3.91269	1.434572	
61	6.017428	2.344306	0	-5.000824	8.344315	3.981489	1.308776	
62	7.189593	1.641014	0	-5.000824	8.353697	3.992805	1.17714	
63	6.486293	2.578735	0	-5.23526	8.132829	3.884801	0.8475449	
64	6.486293	-0.9377441	0	-1.718781	7.975851	3.713391	0.4335832	
65	3.673114	1.641014	0	-3.594238	7.816209	3.307506	0.003142198	


Angle MV instances
Rotate	2.344322	2.344322	5.626358	4.688629	3.282051	3.985344	2.578751	5.860801	6.09523	3.047623	2.344322	2.813188	2.813186	2.578758	3.282044	2.813179	
ChildRotate	138.3149	7.736252	74.08052	60.01457	2.578751	3.516479	2.109886	2.109886	
RotateInverse	
ChildRotateInverse	122.2957	2.578751	41.7289	28.83513	3.047604	22.03661	12.19046	6.329666	14.06592	7.032955	7.736259	5.391929	3.282044	12.19045	2.109894	2.578735	2.813171	2.578735	3.516479	
Docking x	26.1575	2.010468	3.878357	6.034943	4.429901	4.620514	2.043724	3.61528	4.894792	2.626038	4.486359	2.698822	3.41095	4.198395	2.523712	8.049866	9.882965	3.352678	3.373919	5.802999	2.483411	2.928631	3.508412	2.409255	
Docking y	157.4111	2.026215	3.359039	2.062225	2.205124	2.888336	3.074234	3.263382	2.993484	4.154526	10.16562	10.7291	9.705925	8.409645	7.446526	13.29402	5.45298	5.737389	5.591568	3.013641	3.883305	6.204742	5.253975	3.6234	2.332714	3.733232	6.18882	4.590926	5.072499	4.13773	2.15979	2.020905	2.14502	
Docking z	16.03632	2.717869	3.096081	3.554913	5.359993	5.934841	5.326206	8.087101	5.129375	11.41236	2.276559	5.742234	8.257622	13.35306	11.34579	4.718262	2.200958	2.176819	5.339508	8.493011	9.332153	8.031358	4.492061	3.708477	3.801727	2.207245	2.198456	2.40683	
Total MV Amount	1249.789


Angle TRE instances
Rotate	1	19	21	23	24	27	32	33	37	38	43	44	48	49	54	55	59	61	65	
ChildRotate	19	
RotateInverse	1	
ChildRotateInverse	31	32	35	38	42	43	46	49	53	54	55	56	58	61	64	
Docking x	16	27	36	49	
Docking y	43	46	48	
Docking z	35	36	41	43	51	
Total TRE Count	46


Correct Angles	Rotate	ChildRotate	RotateInverse	ChildRotateInverse	Docking x	Docking y	Docking z
	0	-8.870352E-36	0	3.606946E-17	0	0	0

Angle Error	Rotate	ChildRotate	RotateInverse	ChildRotateInverse	Docking x	Docking y	Docking z
	6.251864	2.578735	0	5.23526	7.901355	2.492907	0.321646

Time Taken	Hours	Minutes	Seconds	Milliseconds	Seconds float	Completion time
	0	0	3	888	3.887814	00h:00m:03s:888ms

Final Results	Tester Name	Time of Test	Dock Shape Style	Virtual Device Visible	Time Taken	Shape Precision %	Orientation Precision %	Overall Precision %	Efficiency %	Difficulty	Total MV	Total TRE	
	1	2018-11-13_13:12:03	ZEROING DATA	True	00h:00m:03s:888ms	98.04641	99.47879	98.0332	100	4.007717E-20	1249.789	46	
