
Angles Over Time
Frames	Rotate	ChildRotate	RotateInverse	ChildRotateInverse	Docking x	Docking y	Docking z	
0	-101.6566	-78.30029	0	125.7424	-5.542542	0.7970651	31.25867	
1	-100.9533	-78.53473	0	126.2113	-5.586975	0.8582898	31.30358	
2	-101.6566	-78.53473	0	126.2113	-5.457367	0.9076503	31.31965	
3	-101.4222	-78.53473	0	126.2113	-5.227509	0.8764267	31.46334	
4	-101.6566	-78.53473	0	125.9769	-5.087799	0.8336134	31.59233	
5	-101.4222	-78.53473	0	126.2113	-5.121948	0.8766278	31.80262	
6	-101.6566	-78.53473	0	125.9769	-4.711182	0.2969508	32.38907	
7	-101.1877	-74.54938	0	126.2113	-5.387146	0.02387848	31.15407	
8	-101.4222	-69.86075	0	126.2113	-6.255493	-0.4233398	28.13166	
9	-100.9533	-68.21973	0	126.2113	-6.92572	-1.227203	24.85516	
10	-89.46616	-60.48346	0	125.7424	-7.521851	-1.776276	21.25709	
11	-73.75922	-58.84244	0	125.2736	-8.470703	-2.735809	14.91011	
12	-48.90942	-58.84244	0	119.6472	-8.548462	-4.39975	7.406525	
13	-27.34167	-59.07687	0	98.78274	-5.309387	-7.614716	5.59152	
14	-16.79224	-57.20142	0	32.67291	-1.17453	-9.032379	9.912077	
15	-14.21347	-46.18311	0	20.48245	2.097867	-9.269653	14.5355	
16	-12.33801	-32.8205	0	-2.257446	4.755988	-7.711884	18.14694	
17	-11.16586	-17.11353	0	-4.132904	7.440053	-3.822144	12.81713	
18	-10.93143	-2.813202	0	-5.53949	12.38859	-0.08752441	6.783258	
19	-9.524841	0.2344308	0	-5.070648	17.01901	1.649329	-0.9417725	
20	-1.554138	3.516474	0	-4.836212	17.46963	1.054501	-6.894104	
21	2.431195	3.75091	0	-5.070648	16.4156	0.1217515	-12.00797	
22	2.900059	2.813181	0	-4.132904	14.17964	-0.5319519	-13.05225	
23	1.96233	3.04761	0	-4.36734	12.97619	-1.619873	-12.85406	
24	2.431194	3.75091	0	-4.836212	12.46621	-2.301056	-11.61536	
25	2.900059	3.516474	0	-5.070648	13.31551	-2.222961	-10.83759	
26	2.900059	3.516474	0	-4.836212	13.89691	-1.60788	-9.631805	
27	2.900059	3.516474	0	-4.836212	14.52191	-1.286987	-8.67215	
28	2.665622	2.813181	0	-3.664032	14.70507	-1.158813	-7.074371	
29	1.962329	3.282046	0	-4.36734	13.38689	-1.110779	-4.296509	
30	2.665622	3.516474	0	-5.305054	11.43677	-1.006622	-1.450836	
31	2.900058	3.985339	0	-5.070648	10.91042	-0.8980103	-1.921173	
32	3.368922	3.75091	0	-5.070648	10.43742	-0.5518799	-1.514313	
33	3.134486	3.75091	0	-5.305054	9.01864	-0.1049805	-1.768036	
34	3.134486	3.282046	0	-4.601776	7.802501	0.06375507	-1.715332	
35	2.431193	3.516474	0	-5.070648	7.753523	0.01113825	-1.692139	
36	2.900058	3.516474	0	-5.305054	7.961404	-0.1524353	-1.66214	
37	3.134486	3.75091	0	-4.836212	7.987319	-0.3565369	-1.641022	
38	2.900058	3.516474	0	-5.070648	8.219162	-0.4350281	-1.637238	
39	2.900058	3.516474	0	-4.836212	8.433836	-0.4959106	-1.484283	
40	2.431193	3.04761	0	-4.601776	8.647945	-0.5872803	-1.439758	
41	2.196757	3.75091	0	-5.305084	8.773117	-0.6072998	-1.148743	
42	2.900058	3.75091	0	-5.305084	8.835999	-0.6844788	-1.09668	
43	2.665622	3.516474	0	-5.070648	9.023228	-0.697876	-1.044159	
44	3.134486	3.516474	0	-5.070648	9.05825	-0.6894226	-0.7688599	
45	2.900058	2.578745	0	-3.664063	9.176089	-0.7447815	-0.6821289	
46	1.727892	3.04761	0	-4.36734	9.180223	-0.7127075	-0.6598816	
47	2.196757	3.516474	0	-5.070648	9.184035	-0.64151	-0.7561035	
48	2.665621	3.75091	0	-5.070648	9.339957	-0.6714783	-0.8212891	
49	3.134485	3.516474	0	-5.070648	9.578936	-0.6123962	-0.5845032	
50	3.134485	3.75091	0	-5.070648	9.586924	-0.5819702	-0.6217346	
51	2.900057	2.813181	0	-3.429626	9.570306	-0.5295105	-0.7288513	
52	1.727892	3.282046	0	-4.836212	9.64173	-0.5079041	-0.5504761	
53	2.900057	3.516474	0	-5.305084	9.668822	-0.4815063	-0.4700623	
54	3.134485	3.516474	0	-5.305084	9.784394	-0.4137573	-0.4794312	
55	2.900057	3.516474	0	-5.305084	9.851549	-0.2397461	-0.3842163	
56	2.900057	3.985338	0	-5.070648	9.860703	-0.1169434	-0.3903809	
57	2.900057	3.282045	0	-4.836212	9.803552	-0.007598877	-0.2969055	
58	2.665621	3.75091	0	-5.070648	9.670839	0.1270629	-0.05953979	
59	2.900057	3.516474	0	-4.836212	9.817031	0.2201619	-0.04711914	
60	2.665621	3.516474	0	-4.836212	10.09778	0.2695641	0.05570615	
61	2.900057	3.75091	0	-5.305084	10.38672	0.2791233	0.1311597	
62	2.900057	3.047609	0	-3.664063	10.4918	0.3255295	0.2721559	
63	2.196756	3.282045	0	-4.36734	10.49222	0.4573624	0.3155973	
64	2.431192	3.516474	0	-5.305084	10.43771	0.5071737	0.2437431	
65	2.900057	3.985338	0	-4.836212	10.4549	0.5563927	0.2583827	
66	2.900057	3.75091	0	-5.070648	10.53791	0.6325341	0.4952964	
67	2.900057	3.516474	0	-5.305084	10.41262	0.6910934	0.6495667	
68	2.900057	2.813181	0	-3.664063	10.23127	0.738676	0.5295415	
69	1.727891	3.282045	0	-4.601776	10.08222	0.7992361	0.3891872	
70	2.900057	3.282045	0	-5.305084	10.0907	0.7961216	0.5399396	
71	2.900057	3.75091	0	-5.070648	10.08692	0.7971955	0.4693812	
72	2.900057	3.985338	0	-5.070648	10.19723	0.8129599	0.6684527	
73	2.900057	3.985338	0	-5.070648	10.2472	0.8206427	0.7929406	
74	3.134485	3.047609	0	-4.836212	10.12403	0.8135068	0.7289415	
75	2.431192	3.75091	0	-5.070648	10.32886	0.8173007	0.8832533	
76	2.900057	3.75091	0	-5.070648	10.47466	0.7666395	1.126142	
77	2.66562	3.516474	0	-5.305084	10.5875	0.7720153	1.266716	


Angle MV instances
Rotate	101.6566	11.48715	15.70694	24.84979	21.56775	10.54944	2.578766	7.970703	
ChildRotate	78.30029	3.985352	4.688629	7.736267	11.01831	13.36261	15.70697	14.30032	3.047633	3.282043	
RotateInverse	
ChildRotateInverse	125.7424	5.626366	20.86446	66.10983	12.19045	22.7399	
Docking x	5.542542	3.239075	4.134857	2.658121	2.684064	4.948538	4.630416	2.235958	
Docking y	3.214966	3.88974	3.734619	
Docking z	31.25867	3.022411	3.276503	3.598074	6.346972	7.503589	4.320557	4.623425	3.611443	5.32981	6.033875	7.725031	5.952332	5.113861	2.777863	2.845673	
Total MV Amount	749.322


Angle TRE instances
Rotate	21	
ChildRotate	19	
RotateInverse	1	
ChildRotateInverse	17	18	20	21	22	25	26	30	34	35	37	38	39	41	45	47	51	53	57	58	59	61	62	64	65	66	68	70	74	75	
Docking x	14	17	
Docking y	1	13	17	
Docking z	29	
Total TRE Count	37


Correct Angles	Rotate	ChildRotate	RotateInverse	ChildRotateInverse	Docking x	Docking y	Docking z
	-1.18982E-20	-8.02944E-43	0	1.959934E-20	0	0	0

Angle Error	Rotate	ChildRotate	RotateInverse	ChildRotateInverse	Docking x	Docking y	Docking z
	2.900056	3.516474	0	5.305084	10.57355	0.7762992	1.332511

Time Taken	Hours	Minutes	Seconds	Milliseconds	Seconds float	Completion time
	0	0	4	587	4.586818	00h:00m:04s:587ms

Final Results	Tester Name	Time of Test	Dock Shape Style	Virtual Device Visible	Time Taken	Shape Precision %	Orientation Precision %	Overall Precision %	Efficiency %	Difficulty	Total MV	Total TRE	
	1	2018-11-13_13:16:50	ZEROING DATA	True	00h:00m:04s:587ms	98.372	99.60948	98.06318	100	3.499727E-23	749.322	37	
