
Angles Over Time
Frames	Rotate	ChildRotate	RotateInverse	ChildRotateInverse	Docking x	Docking y	Docking z	
0	2.196756	3.516474	0	-5.070648	0.2095209	0.05100076	-0.04547119	
1	0.9833876	1.530737E-09	0	-0.1887817	0.1278043	-0.07894897	0.1433884	
2	0.7489592	0.234436	0	0.04565869	0.345393	-0.1511841	0.4110066	
3	1.217824	0	0	0.04565869	0.1838154	-0.1879272	0.5506275	
4	0.7489594	0	0	0.04565869	0.09964804	-0.1773376	0.597334	
5	0.5145233	-1.17215	0	1.452252	0.3348107	-0.2502441	1.297564	
6	-0.4232178	0.2344361	0	0.2800949	0.9007101	-0.2857666	3.852521	
7	-1.829803	0.2344361	0	0.04565886	1.112029	-0.180603	7.45732	
8	-9.097198	0.4688645	0	0.04565886	-0.1063843	-0.04336548	10.67107	
9	-14.72354	0.4688645	0	-0.4232178	-2.562073	0.09597487	12.31835	
10	-15.89572	0.2344361	0	10.82953	-4.530914	-0.09069824	11.66446	
11	-15.89572	-0.234436	0	15.28374	-5.101898	-0.8014526	11.10117	
12	-18.70889	0.2344361	0	14.58044	-4.86615	-1.534149	11.95487	
13	-22.45981	3.938727E-08	0	14.58044	-4.087158	-2.322876	14.38304	
14	-29.7272	0.2344361	0	14.58044	-3.125275	-2.897858	16.89097	
15	-37.22903	0.2344361	0	14.11159	-0.908905	-2.817566	20.9659	
16	-44.26199	-0.4688721	0	15.04931	1.505929	-3.060211	24.22476	
17	-46.84073	-0.234436	0	14.58044	4.134171	-3.742371	26.13695	
18	-48.48175	2.668037E-08	0	14.11159	7.484615	-4.74588	27.99338	
19	-48.95062	0.2344361	0	22.3167	12.30472	-6.107971	31.29799	
20	-53.17041	0.4688645	0	33.80387	19.02129	-7.712402	35.4692	
21	-56.92133	0.4688645	0	54.90275	23.95438	-8.140656	37.88007	
22	-60.20337	-0.4688721	0	16.22147	27.95957	-5.302643	38.55561	
23	-60.20337	-5.336041E-08	0	97.56937	32.72334	-1.363983	35.14775	
24	-58.79678	-5.336041E-08	0	110.2287	35.3877	0.7776266	30.91251	
25	-51.52939	0.234436	0	113.0419	37.27287	1.883936	31.27482	
26	-51.76382	-5.336074E-08	0	119.1371	39.35272	0.4075608	30.53378	
27	-51.52939	-0.7033081	0	132.7342	41.67724	-0.6791382	27.53949	
28	-51.52939	-0.4688721	0	122.888	43.80587	-1.203613	23.94802	
29	-50.82611	-1.067208E-07	0	123.8258	45.77327	-1.414063	25.07417	
30	-50.59167	0.4688643	0	126.8734	47.70649	-1.070679	29.03955	
31	-50.59167	0.2344359	0	138.8294	49.33469	0.2861291	33.18586	
32	-50.59167	-1.334019E-07	0	139.7672	49.07832	2.588603	38.51653	
33	-50.59167	-2.813171	0	139.7672	49.46018	3.142514	42.28113	
34	-50.82611	-5.157501	0	140.0016	49.16221	-0.03302002	47.41603	
35	-52.46713	-7.970703	0	140.0016	49.48872	-1.906586	59.13109	
36	-67.00192	-13.59705	0	140.9393	50.89618	-1.656738	72.57178	
37	-78.95795	-17.34796	0	141.4082	51.47537	0.7842174	90.12005	
38	-91.61728	-21.56775	0	140.9393	49.46144	0.989813	105.3959	
39	-97.24365	-27.19412	0	140.9393	48.08511	-0.5872192	112.0729	
40	-97.71252	-37.04025	0	141.1737	48.86983	-3.360168	117.4182	
41	-97.94696	-49.23071	0	141.1737	52.27274	-7.157013	123.7704	
42	-98.1814	-61.65561	0	141.1737	56.70404	-11.1619	130.2686	
43	-98.1814	-65.40652	0	141.6426	60.87323	-12.96994	135.8823	
44	-98.1814	-65.64096	0	141.1737	63.58579	-15.17404	132.5435	
45	-97.71252	-66.10983	0	141.4082	63.93553	-16.31107	131.4371	
46	-97.94696	-66.81311	0	141.6426	64.45636	-15.5488	134.2728	
47	-97.94696	-66.81311	0	141.877	65.82218	-15.19986	138.56	
48	-97.94696	-66.81311	0	141.6426	69.06165	-6.45932	153.0481	
49	-97.94696	-67.04755	0	141.1737	71.39549	7.285171	172.1082	
50	-97.94696	-66.81311	0	141.4082	71.86527	14.48619	-178.3291	
51	-99.35355	-66.81311	0	141.6426	70.33975	22.36386	-167.2519	
52	-99.58795	-66.81311	0	141.877	70.76791	36.66897	-152.6191	
53	-99.58795	-66.81311	0	141.877	71.99034	46.02991	-144.2282	
54	-99.58795	-66.81311	0	141.6426	73.14026	54.57617	-136.1655	
55	-99.58795	-66.81311	0	141.1737	74.26498	65.96908	-124.1175	
56	-99.11911	-66.81311	0	141.6426	75.65852	71.83669	-118.5406	
57	-99.35355	-66.81311	0	141.6426	76.7618	78.11918	-112.8272	
58	-99.35355	-68.68857	0	141.6426	76.94196	93.02645	-98.73212	
59	-99.58798	-72.20508	0	141.6426	75.93425	101.357	-90.20486	
60	-99.58798	-73.14279	0	141.1737	72.95703	104.6766	-86.82379	
61	-99.35355	-73.14279	0	141.4082	72.05777	104.3997	-87.4581	
62	-99.35355	-73.37723	0	141.6426	72.8334	103.7578	-88.4957	
63	-99.58798	-73.37723	0	141.6426	73.29796	103.6419	-88.59537	
64	-99.58798	-73.37723	0	141.6426	73.36755	104.9065	-87.35034	
65	-99.82242	-73.37723	0	141.6426	73.26625	105.9216	-86.19855	
66	-99.58798	-73.14279	0	140.9393	73.26987	107.7218	-84.55719	
67	-99.11914	-73.37723	0	141.6426	72.91467	109.0169	-83.30814	
68	-99.58798	-73.14279	0	141.6426	72.95574	109.8054	-82.58661	
69	-99.58798	-73.37723	0	141.6426	72.97053	110.0029	-82.36798	
70	-99.82242	-73.37723	0	141.6426	73.04073	109.629	-82.77344	
71	-99.82242	-73.37723	0	141.6426	73.0723	108.8357	-83.5726	
72	-99.82242	-73.37723	0	141.4082	73.0535	107.7298	-84.51889	
73	-99.35355	-73.14279	0	141.877	73.03198	106.6708	-85.59631	
74	-99.58801	-73.37723	0	141.6426	73.02373	106.0709	-86.24585	
75	-99.58801	-73.37723	0	141.6426	73.23288	105.0109	-87.38101	
76	-99.58801	-73.37723	0	141.6426	73.26258	104.4117	-87.99292	
77	-99.58801	-73.14279	0	140.9393	73.4197	103.6528	-88.73425	
78	-98.8847	-73.37723	0	141.4082	73.50573	103.0218	-89.3916	
79	-99.58801	-73.37723	0	141.6426	73.6358	102.6648	-89.77106	
80	-99.58801	-73.37723	0	141.6426	73.75727	102.0834	-90.42734	
81	-99.58801	-73.37723	0	141.6426	73.79633	101.5767	-91.22235	
82	-99.58801	-73.37723	0	141.877	73.8744	100.317	-92.87213	
83	-99.58801	-73.37723	0	141.1737	74.03718	98.99658	-94.35156	
84	-99.11914	-73.37723	0	141.877	74.20367	97.22183	-96.25946	


Angle MV instances
Rotate	2.196756	7.267395	5.626343	2.813171	3.750916	7.267395	7.501831	7.032959	2.578735	4.219788	3.750916	3.282043	7.267395	14.53479	11.95602	12.65933	5.626373	
ChildRotate	3.516474	3.516474	2.813171	2.34433	2.813202	5.626343	3.750916	4.219788	5.626373	9.84613	12.19046	12.4249	3.750916	3.51651	
RotateInverse	
ChildRotateInverse	5.070648	4.881866	11.25275	4.454211	8.205116	11.48717	21.09888	38.68128	81.3479	12.65933	2.813187	6.095238	13.59705	9.846138	3.047623	11.95603	
Docking x	2.455688	2.21637	2.628242	3.350445	4.820101	6.716576	4.933084	4.005198	4.763769	2.664356	2.079845	2.32452	2.128628	2.013931	3.402905	4.431301	4.169189	2.712559	3.239464	2.333847	2.977219	
Docking y	2.838013	3.93866	2.302474	3.175534	2.772949	3.796844	4.004883	2.204102	8.74054	7.201017	7.877669	14.30511	9.360935	8.546261	11.39291	5.867615	6.282486	14.90727	8.330544	3.319633	
Docking z	2.554957	3.604799	3.21375	2.428162	2.507932	4.074928	3.258862	3.304611	4.171207	2.410873	3.407856	4.235241	2.994295	3.591469	3.96538	4.146311	5.330666	3.764599	5.134907	11.71506	13.44069	17.54827	15.2758	6.677002	5.345314	6.352211	6.498207	5.613678	3.33873	2.835739	4.287216	14.48807	19.06017	350.4373	11.07721	14.63278	8.390915	8.062653	12.04805	5.576843	5.71344	14.09506	8.527252	3.381073	
Total MV Amount	1275.835


Angle TRE instances
Rotate	
ChildRotate	
RotateInverse	1	
ChildRotateInverse	
Docking x	
Docking y	
Docking z	1	7	
Total TRE Count	1


Correct Angles	Rotate	ChildRotate	RotateInverse	ChildRotateInverse	Docking x	Docking y	Docking z
	-90	-90	0	150	90	-150	0

Angle Error	Rotate	ChildRotate	RotateInverse	ChildRotateInverse	Docking x	Docking y	Docking z
	9.588013	16.85721	0	8.357391	15.72646	-113.2834	96.75745

Time Taken	Hours	Minutes	Seconds	Milliseconds	Seconds float	Completion time
	0	0	5	10	5.009548	00h:00m:05s:010ms

Final Results	Tester Name	Time of Test	Dock Shape Style	Virtual Device Visible	Time Taken	Shape Precision %	Orientation Precision %	Overall Precision %	Efficiency %	Difficulty	Total MV	Total TRE	
	1	2018-11-13_13:16:56	Ltd Random	True	00h:00m:05s:010ms	95.16631	61.10355	79.31985	88.747	0.6333333	1275.835	1	
