
Angles Over Time
Frames	Rotate	ChildRotate	RotateInverse	ChildRotateInverse	Docking x	Docking y	Docking z	
0	-80.26495	-91.66293	0	37.65432	65.96294	-50.61774	-105.2106	
1	-80.49939	-91.4285	0	37.18546	65.99554	-50.66617	-105.2826	
2	-80.49939	-91.4285	0	36.95103	66.08405	-50.43576	-105.0537	
3	-80.26495	-91.66293	0	36.71659	66.15897	-50.36642	-104.9502	
4	-80.26495	-91.4285	0	36.95103	66.23753	-50.38751	-104.8941	
5	-80.26495	-91.4285	0	36.71659	66.37842	-50.18628	-104.496	
6	-80.26495	-91.66293	0	38.82649	66.60966	-49.21082	-103.0657	
7	-80.73383	-91.4285	0	36.95103	67.22929	-45.87543	-98.34875	
8	-78.38953	-91.4285	0	28.98034	68.02858	-35.54532	-84.28772	
9	-72.76312	-91.19406	0	11.63238	65.73581	-24.81964	-61.8848	
10	-68.30893	-91.19406	0	4.833845	56.79546	-15.23923	-39.40759	
11	-55.41516	-91.19406	0	-1.730255	48.08016	-3.5289	-21.04633	
12	-46.0379	-91.4285	0	-0.792511	41.15258	4.862833	-7.672363	
13	-33.84741	-86.73987	0	-2.199127	36.27385	6.895997	-11.91968	
14	-13.45184	-56.2637	0	-2.199127	33.18814	9.048922	-16.00415	
15	-3.371246	-22.73993	0	-2.199127	28.62369	12.31844	-19.28009	
16	-2.433533	-2.109924	0	-1.964691	22.31199	15.47546	-21.24493	
17	-2.667969	-0.9377441	0	1.082937	19.74074	15.23317	-21.99197	
18	-2.667969	0.2344073	0	-0.0892334	17.28922	14.59634	-20.03116	
19	-1.495789	1.172136	0	-1.495819	12.96283	13.40923	-16.45346	
20	-0.792511	1.406565	0	-1.964691	12.03544	11.82539	-14.35678	
21	0.3796472	1.172136	0	-1.730255	11.26072	10.60345	-12.39871	
22	0.1452187	1.875429	0	-1.964691	8.259376	10.94333	-10.21063	
23	0.6140831	-0.2344666	0	-0.792511	6.235055	11.15267	-8.149689	
24	-1.261383	0.9377003	0	-1.495819	4.181141	10.27992	-5.919067	
25	-0.558075	0.9377003	0	-2.199127	1.784815	9.631723	-3.041962	
26	-0.3236389	1.172136	0	-1.261383	-2.298676	8.528871	1.182233	
27	-0.792511	0.7032722	0	-1.964691	-6.082794	7.403917	4.780268	
28	-0.08920288	0.2344077	0	-1.964691	-6.765778	6.329693	5.908987	
29	-0.558075	-0.4688721	0	-0.792511	-6.063263	5.587945	6.170697	
30	-1.495789	0.7032722	0	-2.199127	-5.131805	4.860781	6.42041	
31	-0.3236389	1.172137	0	-1.730255	-4.013916	4.223776	6.597251	
32	-0.3236389	0.9377005	0	-1.964691	-3.452972	3.89993	6.338609	
33	-0.792511	0.9377005	0	-1.964691	-3.519745	3.723594	5.239264	
34	-0.3236389	-1.17218	0	1.78623	-5.240234	2.282888	3.57599	
35	-2.902405	0.2344078	0	-0.3236694	-5.276398	0.4747851	1.934722	
36	-0.08920288	1.406565	0	-1.730255	-2.761627	-1.140961	-0.23172	
37	0.1452188	2.109865	0	-1.964691	-0.1379089	-1.899536	-2.385071	
38	1.082948	2.109865	0	-1.261383	2.861031	-2.96048	-4.354736	
39	0.8485116	2.109865	0	-1.495819	4.450175	-3.457489	-5.441864	
40	1.317376	0.4688362	0	-0.5581055	3.26351	-3.282837	-4.257324	
41	-0.3236389	0.7032722	0	-1.964691	3.11836	-3.486938	-3.677643	
42	0.6140833	1.172137	0	-1.964691	3.854023	-3.883148	-3.62735	
43	0.8485117	1.406565	0	-1.964691	3.194911	-3.746643	-2.795044	
44	0.8485117	1.406565	0	-1.964691	2.4385	-3.148987	-1.694672	
45	0.6140833	-0.4688721	0	0.3796369	2.478987	-2.406708	-1.238098	
46	-1.261383	0.468836	0	-0.792511	2.711016	-2.258331	-0.6479187	
47	0.1452189	1.641001	0	-1.964691	2.779107	-2.540619	-0.3471375	
48	0.8485118	2.109865	0	-1.964691	2.840475	-2.904541	-0.01239014	
49	1.317376	2.109865	0	-1.964691	2.838497	-3.039276	0.0426771	
50	1.317376	1.172136	0	-1.964691	2.514914	-2.916443	0.1469552	
51	0.848512	-0.4688721	0	0.6140727	2.433449	-3.099609	0.2526818	
52	-0.3236389	1.406565	0	-2.199127	2.302217	-3.264984	0.3527192	
53	0.6140836	1.406565	0	-1.964691	2.147699	-3.264679	0.4144104	


Angle MV instances
Rotate	80.26495	2.344299	5.626404	4.454193	12.89377	9.377258	12.19049	20.39557	10.0806	2.578766	2.813202	
ChildRotate	91.66293	4.688629	30.47617	33.52377	20.63	
RotateInverse	
ChildRotateInverse	37.65432	2.109898	7.970692	17.34797	6.798531	6.5641	
Docking x	65.96294	2.29277	8.940353	8.715294	6.927582	4.878731	3.085712	4.564447	6.311697	2.571251	2.451521	4.326394	3.001345	2.02432	2.053915	2.396326	3.784119	2.514771	2.623718	2.99894	
Docking y	50.61774	3.335388	10.33011	10.72568	9.580414	11.71033	2.033164	2.152925	3.26952	3.157014	
Docking z	105.2106	4.716919	14.06104	22.40292	22.4772	18.36127	13.37396	4.247314	4.084473	3.27594	3.577698	2.09668	2.18808	2.060944	2.230621	2.877106	3.598035	2.153351	
Total MV Amount	904.7791


Angle TRE instances
Rotate	16	
ChildRotate	17	
RotateInverse	1	
ChildRotateInverse	11	
Docking x	25	27	31	34	36	
Docking y	12	13	30	
Docking z	26	28	34	39	40	
Total TRE Count	16


Correct Angles	Rotate	ChildRotate	RotateInverse	ChildRotateInverse	Docking x	Docking y	Docking z
	-1.471309E-14	-2.539465E-29	0	4.340753E-14	0	0	0

Angle Error	Rotate	ChildRotate	RotateInverse	ChildRotateInverse	Docking x	Docking y	Docking z
	0.3796475	1.87543	0	1.964691	2.061751	3.347015	0.3973314

Time Taken	Hours	Minutes	Seconds	Milliseconds	Seconds float	Completion time
	0	0	3	180	3.179786	00h:00m:03s:180ms

Final Results	Tester Name	Time of Test	Dock Shape Style	Virtual Device Visible	Time Taken	Shape Precision %	Orientation Precision %	Overall Precision %	Efficiency %	Difficulty	Total MV	Total TRE	
	1	2018-11-13_13:11:06	ZEROING DATA	True	00h:00m:03s:180ms	99.41392	99.3066	99.2043	100	6.457847E-17	904.7791	16	
