
Angles Over Time
Frames	Rotate	ChildRotate	RotateInverse	ChildRotateInverse	Docking x	Docking y	Docking z	
0	3.793853	4.219791	0	-7.458893	-0.1670227	0.1483234	-0.5300598	
1	0.06075351	-3.985352	0	6.155992	0.2073788	0.1111083	-0.2349854	
2	-4.627899	-0.4688721	0	2.405077	0.4328724	0.2923396	-0.4663696	
3	-0.4081116	-0.234436	0	1.232919	0.5406466	0.6722353	-1.491547	
4	-0.4081116	-0.234436	0	0.2951902	0.5783653	0.7864991	-1.893341	
5	0.2951816	-0.234436	0	0.2951902	0.5974669	0.8544945	-2.112457	
6	0.2951816	0.2344283	0	1.232919	0.5897399	0.8346382	-1.890625	
7	-0.4081116	-3.985352	0	4.749399	0.6083414	0.6703991	-1.311462	
8	-3.455719	-0.234436	0	0.5296186	-0.6488342	-0.08093262	0.222376	
9	0.06075309	-0.234436	0	0.2951902	-4.731995	-0.8441467	1.905659	
10	0.2951815	1.172157	0	0.2951902	-10.52426	1.410786	4.44033	
11	1.701775	0.9377211	0	1.232919	-13.77417	5.299284	3.449749	
12	0.764046	0.9377211	0	0.5296186	-14.28171	10.78581	2.861782	
13	1.467347	-1.875458	0	2.405077	-14.25201	14.65579	3.446969	
14	-1.580261	0.2344283	0	0.2951902	-16.24332	14.8748	7.749536	
15	-0.1736755	-1.17218	0	0.2951902	-18.15457	13.1372	25.31372	
16	-21.50699	-0.7033081	0	0.7640545	-16.17728	14.31774	48.89188	
17	-47.29449	-7.501831	0	14.82997	-14.50397	16.9698	54.49308	
18	-47.06009	-27.8974	0	28.42702	-11.02829	21.59851	47.36514	
19	-36.97949	-25.78754	0	28.89589	-8.567505	30.84653	43.14417	
20	-28.77438	-22.50549	0	28.42702	-10.61978	39.37126	34.44332	
21	-17.52164	-18.75458	0	27.72373	-10.33835	40.08213	30.90857	
22	-8.847656	-17.81683	0	27.72373	-7.072174	41.9544	27.824	
23	-2.986847	0.2344277	0	27.72373	-4.845734	44.3288	25.75783	
24	-2.283569	-2.109894	0	35.92884	-3.234161	46.72564	24.58457	
25	-4.627899	-0.4688721	0	43.89953	-4.751648	53.19009	18.86102	
26	-2.752441	-1.406586	0	41.32079	-7.580505	62.11287	9.455165	
27	-2.752441	-0.7033081	0	40.38305	-7.129272	64.60733	9.510413	
28	-2.752441	-0.9377441	0	40.38305	-7.45929	68.44068	6.582231	
29	-2.752441	-4.923065	0	43.19624	-5.566864	76.67898	2.104507	
30	-5.800049	-1.875458	0	42.02408	-5.316071	85.08764	0.4014405	
31	-3.455719	-0.7033081	0	40.38305	-6.762909	92.26183	-0.5364075	
32	-2.518005	0.7032918	0	40.85192	-7.551392	96.1244	0.1319563	
33	-1.814697	0.7032918	0	40.61749	-6.607697	97.34431	-0.5543518	
34	-1.814697	0.4688558	0	40.61749	-3.620758	99.33643	-1.816742	
35	-1.345825	-2.34433	0	41.78964	-4.752991	98.80186	-2.705841	
36	-4.159027	-1.17218	0	30.30247	-4.436798	99.37652	-1.765442	
37	-2.283569	-0.7033081	0	23.50394	-2.598633	100.2086	-2.839996	
38	-2.518005	-0.9377441	0	19.98746	-0.6327515	99.07718	-3.635284	
39	-2.283569	-0.7033081	0	23.73838	0.4700738	96.99847	-5.199646	
40	-3.221283	-4.923065	0	43.19624	3.754571	93.89564	-13.74121	
41	-6.737762	-1.875458	0	44.36839	7.399596	92.82513	-25.25592	
42	-2.986847	-0.9377441	0	42.49294	7.461926	97.33105	-25.83093	
43	-2.049133	-0.234436	0	42.49294	9.967855	102.5471	-23.22781	
44	-0.4081116	0.2344271	0	42.02408	14.16769	107.5913	-20.27643	
45	-0.6425476	1.172156	0	39.91418	16.2037	111.7401	-18.70676	
46	-0.4081116	-1.641022	0	34.52225	17.13214	117.0817	-15.72067	
47	-3.924591	-0.234436	0	17.40871	17.65834	118.4161	-6.650909	
48	-1.814697	-0.4688721	0	5.218254	19.08998	117.8332	-2.725403	
49	-1.814697	-0.234436	0	0.2951802	17.18837	119.4766	6.897141	
50	-1.580261	-0.4688721	0	1.232909	18.04013	122.9176	16.67849	
51	-2.518005	-11.48718	0	5.452681	18.13388	128.3587	29.80986	
52	-5.565613	-20.86444	0	2.170638	13.69254	129.2821	41.65091	
53	-1.814697	-30.24173	0	0.7640446	9.393296	126.8449	50.90512	
54	-2.049133	-37.27469	0	0.2951803	7.686808	125.7067	58.58378	
55	-0.1736755	-43.1355	0	0.2951803	7.610644	125.5058	65.96887	
56	0.06075393	-45.24539	0	0.06074421	9.74713	127.9992	70.02233	
57	-0.1736755	-46.88641	0	2.873931	13.16678	132.3234	68.23919	
58	-3.455719	-45.94867	0	0.06074423	16.78687	136.4855	63.11473	
59	-1.11142	-44.77652	0	1.232909	21.21657	140.0929	59.80709	
60	-2.049133	-44.77652	0	0.06074422	25.07686	142.0305	59.61376	
61	-1.345825	-43.60437	0	0.06074422	28.00317	142.8781	60.80463	
62	-1.345825	-40.3223	0	4.749389	29.75302	143.1496	59.40899	
63	-5.800049	-30.7106	0	2.639495	30.34173	144.1068	55.4691	
64	-2.986847	-23.91208	0	0.2951805	31.13957	146.3433	51.58015	
65	-1.11142	-22.27106	0	0.7640448	31.18048	147.3355	49.83076	
66	-0.6425476	-16.17581	0	0.9984731	32.22128	149.3121	50.05896	
67	-0.6425476	-1.406586	0	0.2951804	34.87311	151.603	48.23887	
68	-0.1736755	-1.875458	0	2.170638	35.41558	151.3171	43.69992	
69	-2.986847	0.9377168	0	0.7640448	35.01391	150.8051	42.51952	
70	-1.580261	0.7032884	0	0.9984732	34.47081	149.5622	43.22163	
71	-1.580261	0.234424	0	0.2951805	34.94992	150.3298	44.7942	
72	-1.345825	0.7032884	0	0.7640448	36.92506	151.5208	46.44241	
73	-1.580261	-2.578766	0	4.749389	38.68307	151.0446	49.05522	
74	-4.627899	-0.9377441	0	2.873931	39.67092	152.2258	54.44599	
75	-2.752441	0.7032883	0	1.232909	37.09743	150.4026	57.85258	
76	-2.283569	1.875445	0	1.467338	32.39668	149.1664	58.12642	
77	-0.8769836	0.7032882	0	0.9984733	25.89081	151.3096	55.673	
78	-0.8769836	1.875445	0	0.2951806	15.53461	154.7494	54.7128	
79	-0.1736755	-0.9377441	0	2.170638	5.532731	159.7896	56.66994	
80	-3.221283	0.7032881	0	0.06074457	-0.8969421	163.0786	58.97625	
81	-1.345825	0.4688522	0	0.06074457	-3.402863	165.0237	57.86598	
82	-1.345825	-4.642356E-06	0	0.2951806	-3.683777	164.772	58.53654	
83	-1.580261	-4.642356E-06	0	0.2951806	-2.706696	163.6073	61.32032	
84	-1.580261	-3.047638	0	4.514953	-1.99823	162.1598	67.12622	
85	-4.627899	-0.4688721	0	2.170639	-1.555389	160.8986	73.83514	
86	-7.206635	0.468852	0	0.2951809	-0.453064	160.9596	77.34946	
87	-6.972198	1.875445	0	0.2951809	-0.4606934	160.2091	76.82068	
88	-6.034485	2.109882	0	5.218254	-1.58197	159.2685	76.06863	
89	-5.800049	0.2344238	0	31.9435	-2.500397	158.9712	74.25342	
90	-5.565613	-0.7033081	0	58.43431	-1.884796	159.7868	70.30514	
91	-9.082092	0.9377165	0	75.31342	0.1656033	161.6057	67.16016	
92	-6.972198	0.9377165	0	76.25114	1.79462	161.9744	62.31516	
93	-4.627899	0.7032881	0	59.84091	2.724394	161.4833	59.68325	
94	-3.455719	-4.684226E-06	0	72.03137	2.862278	160.9222	59.47367	
95	-3.690155	-3.047638	0	78.8299	2.955095	161.0614	59.56088	
96	-8.144379	-0.7033081	0	77.65775	3.040332	161.0494	59.84411	
97	-3.690155	0.2344237	0	74.37569	3.198301	161.0448	59.89614	
98	-3.455719	1.875445	0	77.89217	3.118616	160.8099	60.37779	
99	-2.518005	0.703288	0	76.25115	3.387124	160.5789	60.4785	
100	-2.283569	0.703288	0	78.36103	3.730216	160.3784	59.88339	
101	-4.159027	-0.9377441	0	79.76762	3.821603	160.3847	59.9349	
102	-5.096741	-0.234436	0	75.31342	3.769308	160.4443	60.00529	
103	-3.455719	0.4688522	0	78.36103	3.802503	160.4707	60.00681	
104	-4.159027	0.7032881	0	77.42331	3.988319	160.4131	60.01612	
105	-4.159027	0.7032881	0	77.65774	4.059208	160.3997	60.27626	
106	-4.159027	-2.578766	0	78.12661	3.984768	160.342	60.49486	
107	-6.972198	0.2344237	0	78.36103	3.996292	160.3142	60.53727	
108	-3.455719	0.7032881	0	78.59547	3.998103	160.2921	60.64923	
109	-4.393463	1.875445	0	78.12662	4.017036	160.3119	61.03125	
110	-2.283569	1.875445	0	77.89218	4.051204	160.2637	60.98899	
111	-3.690155	0.7032882	0	78.36105	4.060211	160.2465	60.98993	
112	-4.159027	-0.7033081	0	79.06435	3.980586	160.2778	61.03209	
113	-5.096741	0.7032882	0	71.79695	3.968649	160.2164	60.77907	
114	-4.159027	0.4688522	0	78.12662	3.981958	160.2429	60.80059	
115	-3.690155	0.2344237	0	78.12662	3.851368	160.2838	60.77337	
116	-3.455719	-4.656357E-06	0	77.89219	3.757939	160.3288	60.71698	
117	-3.455719	-3.282043	0	78.36105	3.758469	160.2906	60.72809	
118	-7.909943	-0.234436	0	76.01673	3.86939	160.3109	60.73394	
119	-3.455719	0.7032881	0	77.89218	3.836835	160.3454	60.76994	
120	-4.159027	0.2344238	0	76.01673	3.814855	160.3293	60.79973	


Angle MV instances
Rotate	3.793853	3.733099	4.688653	4.219788	3.047607	3.516472	21.33331	25.78751	10.0806	8.205109	11.25275	8.673981	5.860809	2.34433	3.047607	2.34433	2.813202	3.516479	3.750916	3.516479	2.109894	3.047607	3.750916	3.282043	2.344299	4.454224	2.813202	2.813171	3.047638	3.047607	3.047638	2.578735	3.516479	2.109894	2.344299	4.454224	4.454224	2.813171	3.516479	2.109894	4.454224	4.454224	
ChildRotate	4.219791	3.516479	4.21978	3.750916	6.798523	20.39557	2.109863	3.282043	3.750916	18.05126	3.985321	3.047607	4.219757	3.047607	11.01831	9.377258	9.377289	7.032959	5.860809	2.109894	3.282074	9.611694	6.798523	6.095245	14.76923	3.047633	2.578766	3.047633	2.34433	2.81319	3.282039	3.047607	
RotateInverse	
ChildRotateInverse	7.458893	3.750915	3.51648	4.21978	2.109886	14.06592	13.59705	8.205116	7.970688	2.578747	2.81319	11.48717	6.798529	3.516481	3.750914	19.45786	2.109894	5.39193	17.11354	12.19046	4.923073	4.219772	3.282043	2.813187	2.813187	4.688645	2.109894	2.344315	3.985344	2.109894	4.219772	2.344315	4.923073	26.72524	26.49081	16.8791	16.41023	12.19046	6.798523	3.282051	3.516479	2.109879	4.454208	3.047615	7.267395	6.329666	2.344315	
Docking x	4.08316	5.792267	3.249908	3.475677	2.460785	2.052277	3.266174	2.22644	2.828857	2.986938	3.284497	3.645025	2.50593	4.199833	2.036013	4.441339	4.299247	2.136486	3.419653	3.62009	4.429697	3.860291	2.926313	2.651825	2.57349	4.700745	6.505873	10.3562	10.00188	6.429673	2.50592	
Docking y	3.888498	5.486527	3.86998	2.652054	4.628714	9.248014	8.524733	2.374397	2.396835	6.464455	8.922775	2.494465	3.833351	8.238297	8.408661	7.174187	3.862579	2.078712	3.102829	4.505913	5.216019	5.04425	4.148827	5.341599	3.441025	5.441147	2.437141	2.493431	4.324257	4.162048	3.607437	2.236465	2.290848	2.143219	3.439789	5.040131	3.288986	
Docking z	2.534671	4.302567	17.56418	23.57816	5.6012	7.127937	4.220974	8.700844	3.534752	3.084566	2.066172	5.723555	9.405854	2.928182	4.477724	8.541565	11.51471	2.603119	2.951385	2.986084	9.069763	3.925507	9.622543	9.781349	13.13137	11.84104	9.254215	7.678661	7.38509	4.053459	5.124462	3.307636	3.939884	3.888947	4.538952	2.612812	5.390766	3.40659	2.453423	2.306305	2.783783	5.805901	6.708916	3.51432	3.94828	3.144974	4.845001	2.631908	
Total MV Amount	1309.456


Angle TRE instances
Rotate	1	16	23	30	31	41	42	52	53	63	64	86	93	96	97	102	103	107	108	113	114	118	119	
ChildRotate	1	17	23	51	67	
RotateInverse	1	
ChildRotateInverse	
Docking x	8	10	19	20	22	39	80	91	
Docking y	81	87	91	99	
Docking z	
Total TRE Count	38


Correct Angles	Rotate	ChildRotate	RotateInverse	ChildRotateInverse	Docking x	Docking y	Docking z
	0	0	0	90	-5.048248	165.7824	83.03983

Angle Error	Rotate	ChildRotate	RotateInverse	ChildRotateInverse	Docking x	Docking y	Docking z
	3.690155	0.7032881	0	15.15543	8.991509	5.448608	22.24428

Time Taken	Hours	Minutes	Seconds	Milliseconds	Seconds float	Completion time
	0	0	7	141	7.140685	00h:00m:07s:141ms

Final Results	Tester Name	Time of Test	Dock Shape Style	Virtual Device Visible	Time Taken	Shape Precision %	Orientation Precision %	Overall Precision %	Efficiency %	Difficulty	Total MV	Total TRE	
	1	2018-11-13_13:15:50	Presets_dockPreset_5	True	00h:00m:07s:141ms	97.28488	94.87169	95.53704	85.00906	0.3820783	1309.456	38	
