
Angles Over Time
Frames	Rotate	ChildRotate	RotateInverse	ChildRotateInverse	Docking x	Docking y	Docking z	
0	1.879852	5.157482	0	-5.621948	0.2673952	0.9227864	-0.3379517	
1	0.5766455	0.4688644	0	0.3422094	-0.1207886	0.1388981	-0.1830444	
2	1.514374	1.172157	0	1.045502	-0.015625	0.2895453	-0.2191772	
3	1.04551	-6.98648E-08	0	0.5766379	0.03192349	0.4761044	-0.3874512	
4	0.5766456	-1.875458	0	2.92096	-0.004012488	0.5689573	-0.4882813	
5	-1.76767	0.4688646	0	0.5766379	0.01613156	0.641592	-0.6002197	
6	0.3422094	0.4688646	0	0.3422094	0.1574571	1.080954	-0.7590027	
7	0.5766455	1.406593	0	0.3422094	0.3052014	1.240095	-0.7893677	
8	1.514374	0.9377291	0	0.3422094	0.6889678	1.428475	-0.7135315	
9	1.279938	0.7032931	0	0.3422094	1.961251	1.42387	-0.08303833	
10	0.3422094	-3.047607	0	5.265282	2.579411	1.340185	0.3769551	
11	-3.408691	0.234429	0	0.576638	2.494305	1.130985	0.2766859	
12	0.3422093	-0.4688721	0	0.3422096	2.373889	0.2269674	0.381548	
13	0.3422093	0.7032934	0	9.485053	3.134156	-0.7004089	-0.1066284	
14	1.04551	-3.047607	0	9.250626	4.049086	-2.399109	1.436995	
15	1.279938	-3.282043	0	9.250626	3.44861	-5.996368	1.867274	
16	1.514374	-5.157501	0	11.12608	3.014827	-10.37885	2.225086	
17	-0.8299561	-3.985352	0	11.36051	3.769858	-15.20029	4.667286	
18	-0.1266479	-5.626373	0	10.89165	5.447494	-20.04031	7.001347	
19	0.3422091	-9.84613	0	13.70483	7.185143	-23.93091	8.233739	
20	0.1077807	-19.45786	0	13.4704	8.10288	-25.33124	10.20669	
21	0.1077807	-33.28934	0	16.51801	10.31762	-24.72913	12.47245	
22	-2.705414	-36.33698	0	14.64256	12.02829	-23.34857	15.33291	
23	-0.361084	-35.63367	0	13.4704	9.818851	-23.66248	17.55724	
24	0.5766455	-34.69595	0	13.70483	7.914306	-25.65543	16.77784	
25	0.8110739	-34.46152	0	13.23597	7.137515	-25.78412	17.41748	
26	1.279938	-34.46152	0	13.70483	7.092004	-25.57373	16.73445	
27	0.811074	-36.10254	0	14.40813	5.603734	-24.98425	16.10317	
28	-0.8299561	-35.16479	0	13.00153	4.892163	-25.73505	16.42038	
29	-0.1266479	-35.39923	0	12.06381	4.587567	-25.54416	16.64771	
30	0.5766458	-35.63367	0	10.65722	5.490328	-25.5076	16.49707	
31	0.3422097	-35.39923	0	7.375168	5.732909	-25.70706	19.58232	
32	-0.1266479	-37.04025	0	7.844033	5.565874	-25.77896	21.62577	
33	-5.284149	-35.8681	0	7.37517	9.609197	-25.02988	18.9843	
34	-3.877563	-35.16479	0	5.968576	13.93583	-24.02661	15.53307	
35	-2.939819	-34.46152	0	5.734148	16.23846	-22.90897	13.57184	
36	-1.533234	-34.69595	0	7.609605	15.26331	-24.17053	9.811293	
37	-1.298798	-35.16479	0	8.078469	12.79635	-25.79965	8.868138	
38	-2.705414	-36.80582	0	10.42278	11.59039	-26.26099	9.233994	
39	-4.815277	-35.16479	0	7.844034	10.64109	-27.00571	9.136769	
40	-2.236542	-37.27469	0	7.844034	14.36521	-29.01993	10.40906	
41	-1.533234	-41.72888	0	8.312899	22.43773	-32.66388	12.20286	
42	0.1077815	-43.36993	0	0.5766405	22.21623	-35.23059	17.4852	
43	0.3422099	-43.60437	0	0.3422121	20.05597	-36.23428	17.71465	
44	0.1077815	-45.01096	0	1.748806	18.93781	-35.98224	16.77924	
45	-1.533234	-43.60437	0	0.3422121	17.1873	-35.89667	16.13639	
46	-0.59552	-43.60437	0	6.203014	15.70971	-37.0101	13.93878	
47	-0.8299561	-43.83878	0	15.34586	14.59549	-37.87003	9.956512	
48	-0.361084	-43.1355	0	15.81473	13.84984	-38.63004	8.370038	
49	-0.361084	-44.07321	0	18.39348	13.72437	-39.09344	7.140877	
50	-2.705414	-42.66663	0	16.98688	13.50682	-39.3858	6.496072	
51	-1.533234	-41.96332	0	16.04916	13.41275	-40.54901	8.223692	
52	-0.59552	-41.26004	0	15.5803	13.29573	-41.21786	9.674666	
53	0.1077812	-41.0256	0	15.34586	11.99084	-41.85477	12.0296	
54	0.8110741	-41.72888	0	12.53267	11.30784	-41.26157	18.10499	
55	-0.1266479	-43.60434	0	11.12609	7.975833	-40.23798	22.25893	
56	-3.877563	-41.72888	0	6.437443	7.050669	-39.05902	22.27963	
57	-0.361084	-41.96332	0	6.671879	6.549697	-38.32202	20.26931	
58	-0.1266479	-41.49445	0	10.65722	5.746213	-38.12521	17.87718	
59	0.3422093	-41.0256	0	10.89165	6.329892	-38.19037	17.79569	
60	0.8110737	-41.26004	0	10.65722	7.106273	-38.97324	18.67038	
61	0.5766454	-42.66663	0	12.06382	8.184335	-40.29987	18.69528	
62	-1.298798	-41.49448	0	8.312901	8.917773	-41.05984	17.67933	
63	-0.59552	-41.49448	0	3.389828	9.380647	-40.94473	15.74832	
64	-0.1266479	-43.1355	0	3.389828	9.928251	-41.61371	14.7505	
65	0.1077808	-43.1355	0	3.389828	10.14864	-42.0213	13.19075	
66	-0.361084	-46.18311	0	6.437443	11.88597	-42.13687	10.02286	
67	-2.236542	-46.41754	0	5.03085	16.26692	-43.72955	7.291337	
68	-1.298798	-45.4798	0	18.15905	20.99553	-46.89484	1.97324	
69	-0.59552	-45.01096	0	20.7378	24.44934	-52.56931	-1.653778	
70	-1.76767	-45.24536	0	29.88064	27.55636	-59.29184	-3.721497	
71	-16.77133	-44.77652	0	30.58394	27.36056	-65.77466	-2.925354	
72	-36.22919	-46.41754	0	31.7561	24.76615	-70.66785	0.0665314	
73	-51.23282	-45.4798	0	30.81837	22.46261	-74.73218	2.572918	
74	-64.36102	-45.4798	0	30.81837	20.70576	-79.5564	4.72438	
75	-74.91046	-45.4798	0	11.36052	17.39139	-81.50574	8.259285	
76	-86.86649	-45.4798	0	0.3422149	14.71142	-85.23938	15.30511	
77	-90.38297	-43.83878	0	3.155402	15.68426	-89.54105	12.80778	
78	-91.08627	-42.43219	0	1.983236	16.37375	-92.03574	12.23086	
79	-90.38297	-41.72888	0	0.5766432	15.21235	-94.90228	15.24422	
80	-90.38297	-40.79117	0	25.19201	14.73834	-98.75458	12.98487	
81	-90.38297	-30.47617	0	49.80737	13.61775	-103.3907	3.889944	
82	-90.85184	-28.13184	0	56.60589	12.38825	-106.2283	-1.578247	
83	-93.4306	-29.30402	0	60.82567	11.33571	-107.6222	-3.334015	
84	-93.66501	-28.13184	0	66.68647	9.758868	-109.4055	-3.231995	
85	-93.4306	-28.13184	0	79.81465	8.352198	-110.4199	0.9427975	
86	-93.19617	-28.60071	0	95.52161	9.428617	-111.4415	4.616558	
87	-93.19617	-28.13184	0	101.148	11.23926	-113.326	2.563276	
88	-93.43057	-29.53845	0	105.3677	11.85825	-115.4977	0.6789179	
89	-98.35364	-28.36627	0	107.9465	11.99336	-115.112	1.504878	
90	-102.339	-28.13184	0	107.4776	11.8699	-115.4519	3.678854	
91	-102.339	-26.72525	0	107.4776	12.06978	-115.2159	5.540891	
92	-102.339	-26.95969	0	107.4776	12.86328	-114.0747	5.958979	
93	-102.1046	-26.95969	0	107.4776	13.8487	-112.4332	6.937729	
94	-102.1046	-30.94504	0	107.9465	13.76188	-111.0289	8.816332	
95	-102.5734	-33.75821	0	107.7121	15.2152	-110.1212	10.84613	
96	-102.5734	-34.22708	0	107.4776	16.77062	-110.24	9.908844	
97	-102.5734	-35.63367	0	107.7121	17.01395	-109.9606	9.464595	
98	-102.5734	-38.44684	0	107.7121	16.61541	-110.7761	8.409567	
99	-102.5734	-42.43219	0	108.6498	16.17534	-111.6638	8.180174	
100	-102.8079	-43.1355	0	107.9465	15.75713	-112.5073	7.53838	
101	-102.5734	-43.36993	0	107.4776	15.35509	-111.6315	6.751553	
102	-102.5734	-43.1355	0	107.4776	16.40838	-111.3795	5.507517	
103	-102.339	-42.90106	0	107.4776	16.64645	-111.7865	2.084667	
104	-102.5734	-42.90106	0	107.7121	15.85049	-111.1029	1.059935	
105	-102.5734	-43.83881	0	109.3531	15.11118	-111.2214	0.7907229	
106	-102.8079	-44.54208	0	111.6974	15.03625	-112.644	1.328103	
107	-102.5734	-44.54208	0	115.9172	15.53738	-113.7165	3.032163	
108	-102.5734	-44.77652	0	116.6205	15.37569	-113.7792	4.604978	
109	-103.5112	-49.69958	0	116.8549	13.88761	-114.0882	6.427763	
110	-106.3244	-58.37357	0	118.2615	10.64184	-113.9203	8.577054	
111	-106.5588	-63.7655	0	119.4337	9.158654	-112.7283	10.31171	
112	-106.3244	-68.45416	0	120.137	8.827818	-113.4243	10.37925	
113	-106.3244	-72.43951	0	121.5435	7.686311	-114.1164	10.62549	
114	-106.0899	-72.20508	0	121.778	7.793468	-114.2989	10.84469	
115	-106.0899	-72.20508	0	128.3421	10.04559	-113.9984	10.58384	
116	-106.0899	-72.67392	0	136.0783	14.27188	-112.9128	10.01811	
117	-106.3244	-72.43951	0	136.0783	15.83341	-111.1988	9.316133	
118	-106.3244	-72.67395	0	135.8439	16.61066	-111.7047	8.028234	
119	-106.3244	-79.94135	0	136.0783	16.27578	-112.6758	7.740523	
120	-106.0899	-84.86438	0	136.0783	13.96512	-113.5523	8.525525	
121	-106.0899	-88.38089	0	136.3127	12.51601	-115.921	8.608853	
122	-106.3244	-92.60065	0	136.0783	10.26736	-118.3773	10.58552	
123	-106.3244	-92.36624	0	136.0783	10.4653	-120.0602	10.84551	
124	-106.3244	-92.36624	0	135.8439	11.98186	-121.015	8.403216	
125	-106.0899	-92.36624	0	136.0783	12.59488	-121.4991	7.225895	
126	-106.0899	-92.13181	0	136.0783	8.100532	-120.5592	7.276148	
127	-106.0899	-92.60065	0	136.0783	5.9553	-120.6964	5.795412	
128	-106.3244	-92.36624	0	136.0783	8.405993	-121.2659	3.35137	
129	-106.3244	-92.36624	0	136.0783	13.69739	-119.1909	-1.221649	
130	-106.3244	-92.36624	0	136.0783	15.6362	-118.5316	-1.880402	
131	-106.3244	-93.77283	0	135.8439	14.1909	-119.3849	-2.764465	
132	-106.0899	-99.3992	0	136.3127	11.61956	-119.4711	-4.423553	
133	-106.3244	-103.8534	0	136.3127	7.045443	-120.6089	-7.818085	
134	-106.3244	-103.8534	0	136.0783	3.516802	-119.0998	-12.17538	
135	-106.3244	-103.8534	0	136.0783	2.172726	-118.9918	-13.27737	
136	-106.0899	-103.619	0	136.0783	1.113168	-120.9074	-16.34235	
137	-106.0899	-103.619	0	136.0783	-0.1781616	-123.3336	-19.48166	
138	-106.0899	-103.8534	0	136.3127	-2.428223	-125.5717	-20.27191	
139	-106.3244	-103.8534	0	136.0783	-4.404144	-128.2594	-20.26672	
140	-106.0899	-106.1977	0	138.4226	-6.809296	-130.5578	-19.01874	
141	-108.4342	-105.4944	0	138.1882	-10.62378	-132.8215	-18.45853	
142	-108.1998	-105.4944	0	137.9538	-12.89688	-133.8582	-18.15533	
143	-107.9654	-107.3699	0	138.6571	-13.52872	-133.6567	-18.39606	
144	-109.372	-105.4944	0	137.7193	-15.50473	-133.4388	-19.34943	
145	-107.731	-105.0256	0	137.4849	-17.58798	-133.5827	-21.1012	
146	-107.4965	-104.3223	0	136.7816	-18.83499	-132.9172	-22.1843	
147	-106.3244	-103.8534	0	136.5472	-19.47839	-132.5473	-22.55457	
148	-106.3244	-104.0878	0	136.5472	-19.66226	-132.771	-21.67194	
149	-106.5588	-105.0256	0	137.016	-20.24506	-133.1232	-20.87268	
150	-106.7932	-104.3223	0	136.3127	-20.9679	-133.2558	-20.59854	
151	-106.5588	-104.3223	0	136.5472	-21.48666	-133.38	-20.68301	
152	-106.5588	-104.3223	0	136.5472	-21.49664	-133.6	-20.54846	
153	-106.5588	-104.0878	0	136.5472	-21.06494	-133.6235	-19.70795	
154	-106.5588	-104.7911	0	137.016	-20.14725	-134.7054	-18.79681	
155	-107.2621	-104.5567	0	136.5472	-19.4657	-134.765	-17.9675	
156	-106.7932	-104.3223	0	136.5472	-18.82611	-134.7095	-17.43674	
157	-106.5588	-104.0878	0	136.5472	-18.03928	-134.528	-16.76712	
158	-106.5588	-104.3223	0	136.5472	-17.4324	-134.3403	-16.26434	
159	-106.5588	-104.0878	0	136.5472	-17.10065	-134.3959	-15.87299	
160	-106.5588	-104.7911	0	137.016	-17.31445	-134.7024	-15.77097	
161	-107.0276	-104.3223	0	136.5472	-17.8237	-135.2096	-15.69592	
162	-106.5588	-104.0878	0	136.3127	-17.95996	-135.6707	-15.37042	
163	-106.5588	-104.0878	0	136.5472	-18.07413	-135.8915	-15.37973	
164	-106.3244	-104.0878	0	136.5472	-18.03079	-136.0306	-15.12491	
165	-106.3244	-104.0878	0	136.5472	-17.88388	-135.9544	-15.03177	
166	-106.3244	-104.3223	0	136.7816	-17.75	-135.7004	-14.91101	
167	-106.7932	-104.3223	0	136.5472	-17.61429	-135.4403	-14.76431	
168	-106.5588	-104.0878	0	136.5472	-17.73401	-135.5886	-14.64523	
169	-106.5588	-104.0878	0	136.5472	-17.95786	-135.6834	-14.67477	
170	-106.5588	-104.3223	0	136.3127	-18.24857	-135.4179	-14.87537	
171	-106.5588	-104.7911	0	136.7816	-18.03833	-134.8359	-14.91183	
172	-107.0276	-104.5567	0	136.7816	-17.3132	-134.7775	-14.38547	
173	-106.7932	-104.0878	0	136.5472	-16.84305	-135.0894	-13.82434	
174	-106.5588	-104.0878	0	136.5472	-17.46283	-135.3783	-13.85605	
175	-106.5588	-104.0878	0	136.5472	-17.95132	-135.6665	-14.01151	
176	-106.5588	-104.0878	0	136.3127	-17.59491	-136.0277	-13.81833	
177	-106.5588	-104.7911	0	137.016	-17.16827	-136.2142	-13.71463	
178	-107.0276	-104.3223	0	136.3127	-16.95514	-136.2462	-13.72772	
179	-106.5588	-104.0878	0	136.5472	-16.85013	-136.498	-13.50922	
180	-106.5588	-103.8534	0	136.3127	-16.89304	-136.8937	-13.45282	
181	-106.3244	-103.8534	0	136.5472	-17.17981	-137.2085	-13.45633	
182	-106.3244	-103.8534	0	136.5472	-17.35165	-137.1286	-13.53934	
183	-106.3244	-104.3223	0	136.5472	-17.76596	-136.7734	-13.67728	
184	-106.7932	-104.0878	0	136.5472	-17.83783	-136.2923	-13.6774	
185	-106.5588	-104.0878	0	136.5472	-17.63214	-136.1343	-13.36914	
186	-106.5588	-104.3223	0	136.3127	-17.72986	-135.8243	-13.28546	
187	-106.3244	-104.0878	0	136.5472	-17.9762	-135.5462	-13.25363	
188	-106.5588	-104.7911	0	137.2505	-17.90277	-135.4722	-12.81418	
189	-107.0276	-104.5567	0	136.5472	-17.95828	-135.312	-12.62857	
190	-106.5588	-104.0878	0	136.5472	-17.89499	-135.0595	-12.40906	
191	-106.5588	-104.0878	0	136.3127	-17.76526	-135.1036	-12.03879	
192	-106.3244	-104.0878	0	136.5472	-17.66541	-135.2775	-11.66257	
193	-106.5588	-104.3222	0	136.3127	-17.86505	-135.2918	-11.65924	
194	-106.3244	-104.7911	0	136.7816	-17.94809	-135.4326	-11.57635	
195	-107.0276	-104.0878	0	136.5472	-17.64523	-135.5975	-11.42123	
196	-106.5588	-104.3222	0	136.5472	-17.63519	-135.781	-11.42191	
197	-106.5588	-104.0878	0	136.3127	-17.87833	-135.7143	-11.63318	
198	-106.0899	-103.8534	0	136.5472	-17.86099	-135.5023	-11.79147	
199	-106.3244	-103.8534	0	136.3127	-17.63086	-135.3249	-11.74411	
200	-106.3244	-104.3222	0	136.7816	-17.685	-135.2586	-11.79718	
201	-106.7932	-104.0878	0	136.5472	-17.85693	-135.3937	-11.81204	
202	-106.5588	-104.0878	0	136.5472	-18.01028	-135.3899	-11.82172	
203	-106.7932	-104.3222	0	136.5472	-18.01572	-135.4431	-11.74545	
204	-106.5588	-104.0878	0	136.3127	-18.05322	-135.5192	-11.63071	
205	-106.5588	-104.7911	0	137.016	-18.34012	-135.5135	-11.68832	
206	-107.2621	-104.3222	0	136.5472	-18.57758	-135.3658	-11.7933	
207	-106.5588	-104.0878	0	136.5472	-18.43805	-135.0424	-11.75592	
208	-106.5588	-104.0878	0	136.5472	-18.18637	-134.8584	-11.48993	
209	-106.3244	-104.3222	0	136.5472	-18.23834	-134.848	-11.40112	
210	-106.5588	-104.0878	0	136.5472	-18.47583	-134.8098	-11.34332	
211	-106.5588	-104.5567	0	136.7816	-18.46799	-134.6922	-11.30231	
212	-106.7932	-104.0878	0	136.5472	-18.28793	-134.1978	-11.48108	
213	-106.5588	-104.0878	0	136.3127	-17.76028	-133.7623	-11.5126	
214	-106.3244	-103.8534	0	136.5472	-17.7121	-133.7415	-11.48819	
215	-106.3244	-103.8534	0	136.5472	-17.92706	-133.7564	-11.29202	
216	-106.3244	-104.0878	0	136.5472	-18.37952	-133.7822	-11.41373	
217	-106.3244	-104.5567	0	136.5472	-18.47537	-133.7655	-11.41562	
218	-106.5588	-104.0878	0	136.5472	-18.298	-133.9262	-11.36594	
219	-106.5588	-104.3222	0	136.5472	-18.21317	-134.1226	-11.29138	
220	-106.5588	-104.0878	0	136.3127	-18.21326	-134.4629	-11.17142	
221	-106.5588	-104.0878	0	136.5472	-18.30658	-134.5457	-11.23886	
222	-106.3244	-104.7911	0	137.016	-18.36804	-134.5063	-11.22986	
223	-107.0276	-104.3222	0	136.7816	-18.36804	-134.5122	-11.20657	
224	-106.5588	-104.0878	0	136.3127	-18.54831	-134.5105	-11.26715	
225	-106.3244	-103.8534	0	136.5472	-18.72867	-134.5743	-11.19849	
226	-106.5588	-104.0878	0	136.3127	-18.83282	-134.4409	-11.20972	
227	-106.5588	-104.0878	0	136.5472	-18.6095	-134.0325	-11.01819	
228	-106.5588	-104.7911	0	137.016	-18.47144	-133.7478	-10.76688	
229	-107.0276	-104.0878	0	136.5472	-18.41724	-133.9322	-10.55945	
230	-106.5588	-104.0878	0	136.7816	-18.42252	-134.5025	-10.44421	
231	-106.5588	-104.0878	0	136.3127	-18.67291	-134.5266	-10.71304	
232	-106.3244	-103.8534	0	136.5472	-18.67819	-134.3341	-10.60339	
233	-106.3244	-103.8534	0	136.5472	-18.38828	-134.1689	-10.23721	
234	-106.3244	-104.3222	0	136.5472	-18.44315	-134.3803	-9.951965	
235	-106.7932	-104.0878	0	136.3127	-18.6911	-134.5603	-9.914581	
236	-106.5588	-104.3222	0	136.3127	-18.74756	-134.644	-9.969391	
237	-106.5588	-104.3222	0	136.5472	-18.7995	-134.57	-10.2421	
238	-106.5588	-104.0878	0	136.5472	-18.60092	-134.5476	-10.22266	
239	-106.5588	-104.7911	0	137.016	-18.47784	-134.4274	-10.4874	
240	-107.0276	-104.3222	0	136.5472	-18.36176	-134.5649	-10.45435	
241	-106.5588	-104.0878	0	136.5472	-18.31131	-134.634	-10.48608	
242	-106.3243	-104.0878	0	136.5472	-18.3941	-134.702	-10.56665	
243	-106.3243	-104.3222	0	136.3127	-18.27484	-134.6983	-10.54321	
244	-106.3243	-103.8534	0	136.5472	-18.36417	-134.8616	-10.42023	
245	-106.3243	-104.5567	0	136.5472	-18.54047	-134.9504	-10.25455	
246	-106.7932	-103.8534	0	136.5472	-18.63004	-134.8375	-10.27258	
247	-106.5588	-104.3222	0	136.5472	-18.54691	-134.9254	-10.12152	
248	-106.5588	-104.0878	0	136.5472	-18.6109	-134.9709	-10.28802	
249	-106.5588	-104.0878	0	136.3127	-18.55017	-134.9384	-10.44983	
250	-106.5588	-104.7911	0	137.016	-18.30548	-134.9852	-10.55991	
251	-107.0276	-104.5567	0	136.7816	-18.25818	-134.7023	-10.71289	
252	-106.5587	-104.0878	0	136.5472	-18.16196	-134.5978	-10.78232	
253	-106.3243	-103.8534	0	136.5472	-18.1727	-134.5782	-10.72318	
254	-106.0899	-104.3222	0	136.3127	-18.60214	-134.483	-11.1571	
255	-106.5588	-104.0878	0	136.5472	-18.76077	-134.7973	-11.14517	
256	-106.5588	-104.7911	0	137.016	-18.80237	-134.8501	-11.51093	
257	-107.0276	-104.0878	0	136.5472	-18.37271	-134.7591	-11.8129	
258	-106.3243	-104.0878	0	136.5472	-17.90369	-134.8263	-11.98007	
259	-106.3243	-103.8534	0	136.5472	-18.21512	-135.3758	-12.42554	
260	-106.3243	-103.8534	0	136.5472	-18.51721	-136.2044	-12.84845	
261	-106.3243	-103.8534	0	136.5472	-18.70932	-136.9445	-13.0806	
262	-106.3243	-104.3222	0	136.5472	-18.866	-137.3571	-13.27362	
263	-106.7932	-104.0878	0	136.5472	-18.82355	-137.6244	-12.97519	
264	-106.5587	-104.0878	0	136.5472	-19.08499	-137.7106	-12.8757	
265	-106.3243	-104.0878	0	136.5472	-19.13565	-137.7527	-12.62589	
266	-106.3243	-104.3222	0	136.5472	-19.08496	-137.7305	-12.465	
267	-106.5587	-104.7911	0	137.016	-18.98596	-137.3808	-12.40417	
268	-107.0276	-104.3222	0	136.5472	-18.88986	-137.2883	-12.19049	
269	-106.5587	-104.3222	0	136.5472	-19.05878	-137.2623	-12.2016	
270	-106.5587	-104.0878	0	136.3127	-18.75681	-137.2265	-12.12384	
271	-106.3243	-104.0878	0	136.5472	-18.71985	-137.2824	-12.12225	
272	-106.3243	-104.0878	0	136.3127	-18.89935	-137.2353	-12.26932	
273	-106.5587	-104.7911	0	137.016	-18.89572	-137.2443	-12.23141	
274	-107.0276	-104.3222	0	136.5472	-18.99866	-137.2122	-12.34036	


Angle MV instances
Rotate	3.750901	3.750901	2.813195	2.34433	5.157501	2.109863	2.578735	2.34433	3.750916	3.516479	15.00366	19.45786	15.00363	13.1282	10.54944	11.95602	3.516479	2.578766	4.923065	3.985352	2.813187	2.344315	
ChildRotate	5.157482	4.688617	3.750901	3.282036	3.750901	4.219757	9.611725	13.83148	3.047638	2.109894	4.454193	3.047607	10.315	2.34433	3.985352	2.813171	2.813171	3.985352	4.923065	8.673981	5.391937	4.68866	3.985352	7.267395	4.923035	3.51651	4.219757	5.626373	4.454193	2.34433	
RotateInverse	
ChildRotateInverse	5.621948	5.964158	2.344322	2.344323	4.923073	4.688644	9.142843	2.813186	3.047615	3.282051	2.344315	2.57875	7.736258	5.860802	9.142847	2.578751	2.813188	4.688645	3.985344	3.750916	4.923073	3.047616	13.1282	2.578751	9.142847	19.45786	11.0183	2.813187	24.61536	24.61536	6.798527	4.219776	5.860802	13.12818	15.70695	5.626358	4.21978	2.578743	2.344315	4.219788	6.564087	7.736267	2.34433	
Docking x	2.214744	2.209439	4.043323	4.326637	2.302625	2.466962	3.724123	8.072521	2.160263	3.332004	4.380952	4.728605	3.453815	3.107016	2.59441	2.303543	3.314365	2.679974	3.245764	2.252126	4.226285	2.310663	2.248658	4.494352	2.145231	2.450693	5.2914	2.571343	4.574117	3.528641	2.250061	2.405151	3.814484	2.273102	2.083252	
Docking y	3.59726	4.382477	4.821442	4.840027	3.890594	2.014221	3.643951	2.566711	3.165283	5.674469	6.722534	6.482819	4.893188	4.064331	4.824219	3.733643	4.301666	2.49469	2.866547	3.852295	4.636139	2.837616	2.171692	2.368729	2.456299	2.075012	2.426193	2.238083	2.687714	2.298462	2.263718	
Docking z	2.4422	2.33406	2.265757	2.860463	2.224325	3.085245	2.043459	2.64147	3.451239	3.760545	5.282338	2.197604	3.982272	2.354936	6.075384	4.153942	2.010324	2.392126	3.167889	2.731525	5.318097	2.067719	2.991885	2.506387	2.151462	3.534904	7.045822	2.497325	3.013361	2.259347	9.094928	5.468191	4.174792	3.673761	2.053282	2.173976	2.0298	3.42285	2.149291	2.442293	2.444042	4.573019	3.394531	4.3573	3.064972	3.139313	
Total MV Amount	948.3131


Angle TRE instances
Rotate	111	
ChildRotate	
RotateInverse	1	
ChildRotateInverse	117	
Docking x	145	
Docking y	82	87	93	107	111	112	116	120	
Docking z	
Total TRE Count	11


Correct Angles	Rotate	ChildRotate	RotateInverse	ChildRotateInverse	Docking x	Docking y	Docking z
	-110	-113.246	0	135	-18.75281	-108.1709	-46.43854

Angle Error	Rotate	ChildRotate	RotateInverse	ChildRotateInverse	Docking x	Docking y	Docking z
	3.67569	9.158173	0	1.547165	0.3471069	29.03314	34.03671

Time Taken	Hours	Minutes	Seconds	Milliseconds	Seconds float	Completion time
	0	0	16	197	16.19657	00h:00m:16s:197ms

Final Results	Tester Name	Time of Test	Dock Shape Style	Virtual Device Visible	Time Taken	Shape Precision %	Orientation Precision %	Overall Precision %	Efficiency %	Difficulty	Total MV	Total TRE	
	1	2018-11-13_13:13:15	Presets_dockPreset_3	False	00h:00m:16s:197ms	98.00263	88.3204	93.82555	81.87824	0.5906757	948.3131	11	
