
Angles Over Time
Frames	Rotate	ChildRotate	RotateInverse	ChildRotateInverse	Docking x	Docking y	Docking z	
0	-3.849823	-0.4689026	0	0.3700578	-0.8285828	0.02048627	0.03495171	
1	4.887814	-1.016149E-09	0	-0.2696838	-0.1020203	-0.03787231	0.01664556	
2	4.887814	1.172157	0	-0.0352478	-0.1495056	0.03822029	0.08200335	
3	6.059978	1.172157	0	0.4336128	0.1394227	0.111066	0.2356533	
4	5.591114	0.7032929	0	-0.2696838	0.4812593	0.16876	0.3401867	
5	6.059978	-1.875458	0	1.840206	0.7789057	0.4919008	0.9532352	
6	3.481227	-7.970703	0	0.6680488	2.332495	0.9848378	5.103098	
7	4.418949	-40.55673	0	-0.0352478	7.032267	-0.1616516	18.60383	
8	4.887813	-48.52744	0	-0.5041199	13.0144	-6.703278	31.45341	
9	-17.1488	-49.46515	0	14.49953	15.30231	-6.706604	35.80735	
10	-21.83743	-44.07321	0	58.57275	19.26201	-6.725067	15.55984	
11	-25.11948	-9.84613	0	78.26505	20.13724	-8.989471	-5.903351	
12	-22.77515	-1.641022	0	123.0415	17.52782	-10.59787	-35.36014	
13	-2.84845	0.7032946	0	135.4664	15.75014	-8.922089	-50.63486	
14	-0.7385559	0.7032946	0	136.4042	18.07656	-6.583435	-48.21472	
15	-5.427185	0.4688661	0	136.4042	20.93243	-4.780212	-44.88065	
16	-17.38321	-2.109894	0	136.6386	24.55225	-4.279358	-41.41739	
17	-28.63596	-0.234436	0	136.4042	27.37925	-3.229828	-37.96417	
18	-36.37222	-0.9377136	0	136.4042	29.84673	-2.637085	-35.6778	
19	-41.76416	-6.798523	0	136.4042	33.03027	-1.636871	-33.47287	
20	-42.93631	-26.02194	0	136.1697	34.57944	0.5004657	-29.40167	
21	-42.46747	-56.49811	0	137.1075	36.0221	3.92509	-23.15988	
22	-44.81177	-90.49075	0	136.6386	39.02243	7.66319	-15.24109	
23	-43.17075	-97.05484	0	136.1697	43.0323	11.69099	-9.083282	
24	-42.7019	-103.8534	0	136.1697	45.53886	9.516604	-11.17395	
25	-41.29529	-104.5567	0	136.1697	45.89243	9.193426	-12.09979	
26	-41.52972	-105.4944	0	136.1697	41.01566	9.024874	-12.76373	
27	-41.29529	-108.542	0	136.6386	30.87682	8.124813	-11.36807	
28	-43.40518	-112.5274	0	136.1697	20.61452	6.340034	-10.26035	
29	-41.29529	-113.6995	0	136.1697	14.34309	3.210291	-10.45422	
30	-40.59201	-114.8717	0	136.1697	11.30301	0.6654299	-11.8027	
31	-40.35757	-116.7471	0	136.1697	10.42615	-1.312347	-13.18057	
32	-39.41986	-117.4504	0	137.1075	11.89555	-1.855377	-13.95279	
33	-42.23303	-117.216	0	136.6386	17.17785	-2.779053	-15.25623	
34	-40.12314	-117.216	0	136.1697	27.94567	-3.84024	-17.67377	
35	-37.07553	-116.7471	0	136.4042	42.18035	-4.781006	-21.19296	
36	-34.7312	-116.7471	0	136.4042	54.06347	-4.468292	-24.25009	
37	-34.96564	-116.9816	0	136.4042	62.08917	0.6655303	-22.5791	
38	-34.96564	-117.4504	0	136.6386	68.90358	6.737741	-18.60358	
39	-36.84109	-117.6849	0	136.4042	74.4151	9.77384	-16.35773	
40	-35.66895	-120.7325	0	136.1697	79.21957	15.58051	-9.598419	
41	-35.43451	-120.9669	0	136.1697	84.09312	23.38584	-0.7588501	
42	-35.20007	-120.9669	0	136.4042	86.35368	24.00164	0.3998387	
43	-35.66895	-121.4358	0	137.3419	87.04369	15.68343	-7.34433	
44	-39.18542	-121.2013	0	136.6386	87.88428	-5.933319	-27.69925	
45	-35.43451	-120.9669	0	136.4042	88.53059	-63.66595	-84.43506	
46	-35.43451	-120.9669	0	136.4042	87.83301	-117.618	-138.2402	
47	-34.49677	-120.9669	0	136.4042	88.2654	-114.1994	-134.8977	
48	-34.96564	-120.7325	0	136.4042	89.28072	-130.2997	-151.4707	
49	-34.7312	-121.4358	0	136.6386	89.47474	-142.2426	-162.9351	
50	-36.60666	-121.2014	0	136.6386	89.41483	-33.98584	-53.84653	
51	-35.43451	-120.9669	0	137.3419	88.22182	12.27173	-6.79306	
52	-35.66895	-121.2014	0	137.3419	88.45845	25.97447	7.203427	
53	-35.43451	-120.9669	0	137.1075	89.03126	20.34373	1.56459	
54	-35.43451	-121.4358	0	138.2796	87.681	5.780769	-13.18909	
55	-38.71655	-121.2014	0	137.5763	86.0088	4.133793	-14.82693	
56	-35.43451	-120.9669	0	137.3419	85.31722	2.575364	-16.40164	
57	-35.66895	-120.9669	0	137.1075	84.63959	1.639577	-17.25354	
58	-34.7312	-120.9669	0	137.3419	84.2059	2.724998	-16.17102	
59	-34.49677	-120.9669	0	137.3419	84.15068	2.873459	-16.03986	
60	-34.96564	-121.4358	0	137.5763	83.95623	2.776906	-16.0994	
61	-36.60666	-121.2014	0	137.1075	83.79041	2.568447	-16.28201	
62	-35.43451	-120.9669	0	137.5763	83.84866	1.648368	-17.22311	


Angle MV instances
Rotate	3.849823	2.578751	22.03662	4.688629	3.282043	2.34433	19.9267	2.109894	4.688629	11.95602	11.25275	7.736267	5.391937	2.344299	2.109894	2.109894	2.813171	2.109894	3.047607	2.34433	3.516479	3.750916	3.282043	3.282043	
ChildRotate	6.095245	32.58603	7.970703	5.391937	34.22708	8.205109	5.860809	19.22342	30.47617	33.99265	6.564087	6.798523	3.047623	3.985336	3.047623	
RotateInverse	
ChildRotateInverse	15.00365	44.07323	19.69229	44.7765	12.4249	
Docking x	4.699772	5.982129	2.28791	3.959707	2.609415	2.326428	2.855862	3.619822	2.826998	2.467485	3.183535	3.000324	4.009869	2.506569	4.876774	10.13884	10.2623	6.271431	3.040076	5.282295	10.76782	14.23468	11.88312	8.025703	6.814407	5.51152	4.804466	4.873558	2.260559	
Docking y	6.541626	2.264404	2.338654	3.424624	3.7381	4.027799	2.174384	3.129743	2.544861	5.133822	6.072211	3.036098	5.806674	7.805322	8.318206	21.61675	57.73264	53.95209	3.418671	16.10033	11.94292	108.2568	46.25757	13.70273	5.630732	14.56297	
Docking z	4.149863	13.50073	12.84958	4.353939	20.24751	21.46319	29.45679	15.27472	2.420135	3.334076	3.463257	3.453217	2.286377	2.204926	4.071198	6.241791	7.918793	6.157806	2.090668	2.417542	3.519196	3.057129	3.975525	2.24585	6.759308	8.839569	7.744168	20.35492	56.73581	53.80511	3.342438	16.57295	11.4644	109.0886	47.05347	5.638836	14.75368	
Total MV Amount	1593.217


Angle TRE instances
Rotate	
ChildRotate	
RotateInverse	1	
ChildRotateInverse	
Docking x	43	57	
Docking y	1	8	15	22	29	38	55	
Docking z	1	6	41	43	53	54	
Total TRE Count	13


Correct Angles	Rotate	ChildRotate	RotateInverse	ChildRotateInverse	Docking x	Docking y	Docking z
	-90	-90	0	150	90	0	0

Angle Error	Rotate	ChildRotate	RotateInverse	ChildRotateInverse	Docking x	Docking y	Docking z
	54.09662	30.96692	0	12.6581	6.05806	1.816566	17.17404

Time Taken	Hours	Minutes	Seconds	Milliseconds	Seconds float	Completion time
	0	0	3	715	3.714935	00h:00m:03s:715ms

Final Results	Tester Name	Time of Test	Dock Shape Style	Virtual Device Visible	Time Taken	Shape Precision %	Orientation Precision %	Overall Precision %	Efficiency %	Difficulty	Total MV	Total TRE	
	1	2018-11-13_13:16:26	Ltd Random	True	00h:00m:03s:715ms	86.42755	96.48322	90.25632	88.03135	0.4666667	1593.217	13	
