
Angles Over Time
Frames	Rotate	ChildRotate	RotateInverse	ChildRotateInverse	Docking x	Docking y	Docking z	
0	0.576682	-0.2344055	0	0.1077452	-0.7218323	0.6507053	-0.9004822	
1	2.064458	0.4688644	0	1.595602	-0.1970215	0.195349	-0.3781128	
2	1.83003	0.234436	0	0.6578725	-0.2662964	0.1971117	-0.4485474	
3	2.064458	0.234436	0	0.8923009	-0.3918762	0.4160168	-0.5782471	
4	2.064458	-1.641022	0	3.705488	-0.4237976	0.5050647	-0.6346436	
5	-0.2798462	-1.17215	0	2.064466	-0.08700562	0.7853653	-0.7614746	
6	1.126729	0.234436	0	0.6578723	1.973493	0.2326295	-0.3119507	
7	2.298894	0.9377288	0	0.6578723	11.20348	-3.609711	5.789176	
8	-18.33112	1.172165	0	0.6578723	24.77668	-12.23035	7.883258	
9	-26.30182	0.4688644	0	1.361165	31.22886	-26.31259	-6.045837	
10	-27.23953	-2.813171	0	16.36482	27.89803	-36.90503	-16.41678	
11	-46.69739	0.2344361	0	12.84834	25.19858	-37.80923	-10.09335	
12	-71.31274	0.4688646	0	10.97288	25.61254	-41.04102	-1.726013	
13	-84.20651	1.406593	0	10.50402	28.561	-44.77911	-2.856934	
14	-90.53619	1.406593	0	10.97288	30.36062	-47.67877	-5.004211	
15	-92.41162	1.172165	0	10.73844	30.91464	-49.48962	-9.930145	
16	-93.34937	-0.7032776	0	12.14504	30.68985	-50.57718	-11.83694	
17	-93.81824	-23.44321	0	10.50402	29.33184	-51.07623	-12.06641	
18	-92.64606	-43.1355	0	26.91426	28.44701	-50.56192	-11.0867	
19	-84.67535	-60.95233	0	35.35381	24.94312	-49.33218	0.7347116	
20	-83.97208	-68.6886	0	34.88494	20.92861	-48.7872	19.23407	
21	-83.73764	-69.62631	0	37.4637	18.89814	-51.02945	34.16729	
22	-80.69003	-69.15744	0	42.85563	17.69841	-51.9498	36.99316	
23	-63.81094	-68.92303	0	43.09006	16.54132	-51.81985	35.86724	
24	-44.82196	-68.45416	0	45.19995	13.65829	-54.21716	29.31691	
25	-26.06738	-68.45416	0	44.73109	9.700183	-56.91733	28.6561	
26	-7.547241	-68.21973	0	37.69812	4.754273	-61.15503	33.54583	
27	-0.04544067	-59.31131	0	37.22927	3.912383	-65.88922	35.74914	
28	-2.155304	-50.40289	0	46.37212	5.652147	-68.67557	36.89497	
29	-0.5142822	-32.11719	0	48.482	5.699389	-76.16357	46.6316	
30	-17.15897	-26.25641	0	20.58459	5.497894	-82.74338	71.17136	
31	-66.85855	-67.75085	0	0.8922996	6.052605	-91.67053	109.3607	
32	-70.60947	-77.12814	0	3.471058	4.664943	-97.14026	117.3942	
33	-60.06003	-76.89371	0	2.064464	4.807491	-96.63098	115.4546	
34	-57.01242	-76.42487	0	0.8922995	3.393022	-99.367	119.8811	
35	-47.4007	-46.18314	0	0.8922995	1.29107	-101.5909	121.7525	
36	-30.28717	-44.54211	0	1.361164	-0.8284607	-104.6013	124.9325	
37	-27.47397	-39.15015	0	1.5956	-2.74826	-107.233	126.6808	
38	-27.23956	-39.15015	0	4.643215	-4.065399	-110.534	128.3345	
39	-29.11502	-22.97437	0	0.8922996	-5.729462	-113.7322	130.3021	
40	-26.77069	-4.219788	0	1.126736	-7.506378	-117.0484	133.5457	
41	-26.77069	-3.750916	0	0.8922996	-8.612762	-119.4964	137.4294	
42	-24.19193	-3.51651	0	0.8922995	-11.41818	-118.522	141.0753	
43	-24.42636	-3.51651	0	1.126736	-11.65335	-115.7903	142.5024	
44	-24.6608	-5.157532	0	2.064464	-7.577515	-112.7732	140.7504	
45	-26.06738	-4.219788	0	1.361164	-2.65094	-112.4525	138.567	
46	-25.12967	-4.454224	0	11.20731	-3.857025	-112.4459	138.3649	
47	-22.78534	-4.454224	0	15.89595	-6.867157	-112.7897	139.7683	
48	-22.31647	-4.68866	0	21.75675	-8.994629	-112.7253	141.4798	
49	-22.31647	-7.03299	0	30.43074	-9.376282	-112.7652	141.3914	
50	-23.95749	-5.860809	0	37.93256	-9.944305	-112.676	139.2111	
51	-21.37875	-4.454224	0	44.49665	-11.93741	-112.2269	136.1338	
52	-20.20657	-3.51651	0	55.74939	-14.4873	-112.23	134.4779	
53	-16.45569	-4.219788	0	64.65781	-16.39044	-112.2287	130.6908	
54	-14.34579	-3.750916	0	70.28418	-18.03232	-112.7882	129.2071	
55	-12.93921	-5.860809	0	77.55157	-19.06949	-113.892	129.0659	
56	-13.40805	-5.157532	0	87.16328	-18.97195	-115.1859	129.8258	
57	-11.53259	-7.03299	0	93.96181	-19.01349	-117.8443	131.9185	
58	-11.53259	-7.501831	0	98.65044	-19.7117	-119.7791	133.1291	
59	-11.53259	-10.54947	0	104.2768	-21.88611	-121.6637	135.1237	
60	-11.53259	-14.76923	0	99.58817	-24.63916	-123.3445	137.1894	
61	-13.64249	-17.81683	0	114.123	-28.29663	-125.987	140.8773	
62	-12.70477	-18.52014	0	113.6541	-29.18906	-131.4904	152.0983	
63	-12.00146	-17.58243	0	113.6541	-30.86176	-132.4844	150.7848	
64	-11.06375	-17.81683	0	113.6541	-34.40497	-131.2647	144.5976	
65	-10.82932	-18.28571	0	114.3574	-34.71338	-131.3183	143.4561	
66	-10.82932	-20.86447	0	117.405	-29.92368	-132.3502	143.9564	
67	-12.70477	-18.52014	0	116.9361	-25.25098	-130.8728	142.6535	
68	-11.53259	-18.28571	0	117.1706	-19.86301	-128.1656	142.072	
69	-11.06375	-17.81686	0	118.1083	-14.66052	-126.5722	143.6459	
70	-11.53259	-17.81686	0	119.2805	-10.38519	-124.5751	143.1139	
71	-10.82932	-17.81686	0	119.7493	-7.371368	-122.2608	142.6234	
72	-11.29819	-19.22345	0	120.2182	-5.278809	-120.4082	141.6563	
73	-12.70477	-18.75458	0	119.9837	-4.469116	-119.9671	142.1242	
74	-11.53259	-18.28571	0	120.2182	-4.53595	-119.9967	143.2439	
75	-11.53259	-18.28571	0	120.2182	-4.958923	-121.4478	144.8667	
76	-11.76703	-18.52014	0	119.9837	-5.011902	-122.5754	147.3847	
77	-11.53259	-21.56778	0	120.4526	-5.454315	-124.2873	151.066	
78	-13.40805	-22.73993	0	120.2182	-6.400604	-124.7796	154.6568	
79	-12.2359	-23.67764	0	119.9837	-8.24527	-124.0893	156.4044	
80	-11.53259	-23.44324	0	119.9837	-10.63483	-122.9109	156.1258	
81	-11.06375	-23.2088	0	119.9837	-10.43152	-123.0163	155.6329	
82	-10.82932	-23.44324	0	119.9837	-9.225739	-123.1451	150.9993	
83	-10.82932	-24.14651	0	120.2182	-8.361237	-123.9428	144.6528	
84	-12.47034	-23.2088	0	120.2182	-9.239227	-122.8078	133.0055	
85	-12.00146	-23.2088	0	123.5002	-11.9921	-120.9382	122.7463	
86	-10.82932	-23.44324	0	124.9068	-15.66321	-117.2335	118.3712	
87	-9.657135	-23.44324	0	125.6101	-20.94986	-109.9775	114.6685	
88	-9.422729	-25.31866	0	127.0167	-24.96555	-103.8855	114.3354	
89	-11.06375	-24.38095	0	127.2511	-27.07681	-99.93942	115.4262	
90	-9.657135	-23.44324	0	127.2511	-28.76859	-96.70703	118.3355	
91	-8.953857	-22.50549	0	127.2511	-30.32745	-94.41754	119.526	
92	-8.484985	-22.50549	0	127.2511	-29.59531	-95.673	122.3588	
93	-8.250549	-22.97437	0	127.4856	-28.24429	-98.72406	126.2166	
94	-8.484985	-25.78754	0	127.72	-27.93942	-99.58765	127.3996	
95	-9.891571	-23.2088	0	127.4856	-27.9613	-100.0493	128.0193	
96	-9.422729	-22.97437	0	127.4856	-27.14362	-101.1516	129.0975	
97	-9.188293	-22.73993	0	127.2511	-26.72504	-101.7973	130.0696	
98	-8.953857	-22.50549	0	127.2511	-27.1814	-101.6413	129.6086	
99	-8.250549	-23.2088	0	127.2511	-27.43317	-102.1633	129.8156	
100	-8.484985	-23.91208	0	127.4856	-28.27933	-103.5124	130.3217	
101	-9.891571	-22.97437	0	127.4856	-30.26205	-105.343	130.428	
102	-8.953857	-23.44324	0	127.4856	-33.36371	-108.0651	130.7659	
103	-8.953857	-22.97437	0	127.4856	-36.0372	-110.807	131.4964	
104	-8.953857	-23.44324	0	127.4856	-37.94318	-112.4753	131.967	
105	-9.422729	-25.08426	0	127.4856	-39.5477	-113.4123	132.078	
106	-11.06375	-24.14651	0	127.4856	-39.70071	-113.5619	132.519	
107	-9.657135	-23.67764	0	127.2511	-39.04184	-114.4608	133.6212	
108	-8.953857	-22.50549	0	127.2511	-38.72104	-115.127	134.3484	
109	-8.250549	-22.50549	0	127.4856	-38.85156	-114.8123	134.3237	
110	-8.719421	-22.73993	0	127.2511	-38.93542	-114.3255	134.1509	
111	-8.250549	-23.91208	0	127.72	-38.51849	-114.6045	134.5768	
112	-10.12601	-23.2088	0	127.4856	-37.88943	-115.2854	135.3561	
113	-9.422729	-23.44324	0	127.2511	-37.6048	-115.5478	135.5681	
114	-8.953857	-23.2088	0	127.2511	-37.76749	-115.3116	135.2374	
115	-8.953857	-23.44324	0	127.4856	-37.68277	-115.2965	135.263	


Angle MV instances
Rotate	20.63001	7.970703	19.45786	24.61536	12.89377	6.329681	7.970703	3.047607	16.87909	18.98898	18.75458	18.52014	7.501801	2.109863	16.64468	49.69958	3.750916	10.54944	3.047607	9.611725	17.11353	2.813202	2.34433	2.578766	2.34433	2.578735	3.750885	2.109894	2.109894	
ChildRotate	3.282036	3.047607	22.73993	19.69229	17.81683	7.736267	8.908417	8.908417	18.28571	5.860779	41.49445	9.377289	30.24173	5.391968	16.17578	18.75458	2.34433	2.109894	3.047638	4.219757	3.047607	2.578766	2.34433	3.047638	2.813171	2.578735	
RotateInverse	
ChildRotateInverse	2.813187	15.00365	3.51648	16.41024	8.439552	2.578758	5.391933	2.109894	7.032967	9.142849	2.109879	27.89741	19.69229	2.578758	3.047615	3.750916	9.846145	4.688645	5.860794	8.673988	7.501827	6.564091	11.25274	8.908413	5.626373	7.267387	9.611717	6.798523	4.688637	5.626366	4.688637	14.53478	3.047615	3.282051	
Docking x	9.229992	13.5732	6.452177	3.330832	2.699444	2.948452	3.503889	4.014509	2.03047	2.883028	3.958106	4.94591	2.101952	2.80542	4.075836	4.926575	3.010132	2.127472	2.549896	2.174408	2.753052	3.657471	3.543213	4.789703	4.672699	5.38797	5.202484	4.27533	3.013824	2.09256	2.389557	2.752869	3.671112	5.286652	4.015686	2.111267	3.101654	2.673492	
Docking y	3.84234	8.620636	14.08224	10.59244	3.231781	3.738098	2.899658	2.242249	2.397308	2.700165	4.237701	4.734192	2.786346	7.488007	6.579803	8.927155	5.469727	2.736023	2.223877	3.010468	2.631699	3.300919	3.198212	3.316193	2.448074	2.731659	3.01709	2.658371	2.642441	5.503494	2.707214	2.314285	3.704651	7.255966	6.092072	3.946045	3.232391	2.28949	3.051056	2.722092	2.741913	
Docking z	6.101127	2.094082	10.37094	6.323425	8.36734	2.147278	4.925934	11.82141	18.49936	14.93322	2.825871	6.550335	4.889732	2.203312	9.736626	24.53976	38.18935	8.033493	4.426498	3.179993	3.243607	3.883698	3.645859	2.183441	2.180389	3.077255	3.787018	2.092789	2.06575	3.687897	11.22093	6.187225	2.518021	3.68129	3.59079	4.633606	6.346542	11.64723	10.25919	4.375191	3.702644	2.909332	2.832794	3.857712	
Total MV Amount	1463.096


Angle TRE instances
Rotate	1	8	27	30	
ChildRotate	1	17	40	44	45	49	51	55	
RotateInverse	1	
ChildRotateInverse	57	58	
Docking x	
Docking y	
Docking z	
Total TRE Count	12


Correct Angles	Rotate	ChildRotate	RotateInverse	ChildRotateInverse	Docking x	Docking y	Docking z
	0	0	0	90	-47.89484	-89.20331	102.8877

Angle Error	Rotate	ChildRotate	RotateInverse	ChildRotateInverse	Docking x	Docking y	Docking z
	9.422729	25.5531	0	37.48557	10.51431	26.16634	32.54258

Time Taken	Hours	Minutes	Seconds	Milliseconds	Seconds float	Completion time
	0	0	6	830	6.830433	00h:00m:06s:830ms

Final Results	Tester Name	Time of Test	Dock Shape Style	Virtual Device Visible	Time Taken	Shape Precision %	Orientation Precision %	Overall Precision %	Efficiency %	Difficulty	Total MV	Total TRE	
	1	2018-11-13_13:13:29	Presets_dockPreset_5	True	00h:00m:06s:830ms	89.93592	89.12798	88.75519	89.93125	0.366651	1463.096	12	
