
Angles Over Time
Frames	Rotate	ChildRotate	RotateInverse	ChildRotateInverse	Docking x	Docking y	Docking z	
0	-92.99008	-96.82043	0	135.1123	24.50998	-173.8398	38.52672	
1	-92.52124	-93.06952	0	130.6581	25.08193	-172.9924	38.57364	
2	-88.77032	-97.52371	0	134.409	25.58113	-172.0863	38.77099	
3	-91.81793	-97.52371	0	135.1123	26.27782	-170.4498	38.75882	
4	-92.2868	-96.82043	0	135.3467	26.77923	-169.8468	38.64236	
5	-92.2868	-97.05487	0	135.1123	27.81924	-169.5775	37.64931	
6	-92.2868	-94.24167	0	132.768	29.85955	-169.8573	36.03978	
7	-88.77032	-95.41382	0	133.2368	32.7252	-172.0595	36.39156	
8	-91.11462	-97.05487	0	135.3467	36.03085	-176.1992	37.85431	
9	-92.2868	-98.69589	0	135.3467	35.66673	177.2554	38.58946	
10	-93.69339	-97.28931	0	135.3467	35.11168	171.0026	39.74087	
11	-93.69339	-98.93033	0	135.1123	39.53544	166.4104	42.88889	
12	-80.56522	-95.41382	0	133.2368	47.37416	161.3411	38.8543	
13	-69.07803	-97.52374	0	134.8779	56.95273	155.3386	32.84384	
14	-58.52859	-97.52374	0	135.3467	68.51061	148.89	20.18699	
15	-40.24292	-97.52374	0	135.3467	77.30555	141.1058	13.8424	
16	-39.77405	-94.00726	0	135.8156	88.90015	103.1483	-22.91891	
17	-40.00848	-90.49078	0	131.5958	86.96869	-26.44006	-147.5718	
18	-36.02313	-92.36621	0	133.4713	83.21474	-2.094543	-127.6428	
19	-22.66052	-73.8461	0	135.1123	71.14176	6.374823	-128.0434	
20	-12.81436	-55.32596	0	135.1123	61.0103	9.01176	-132.2035	
21	-12.81436	-48.293	0	134.8779	57.63469	5.760407	-136.2375	
22	-13.0488	-47.82416	0	135.1123	53.17792	-1.248627	-146.5923	
23	-13.0488	-46.41754	0	133.4713	48.24321	-5.548187	-151.5138	
24	-12.81436	-47.35529	0	135.3467	42.69522	-8.942535	-156.6837	
25	-5.781403	-47.35529	0	134.8779	37.07079	-11.54468	-163.8667	
26	-0.6239014	-47.58972	0	135.1123	33.9384	-12.47842	-164.9014	
27	-0.1550293	-48.52744	0	133.4713	31.57401	-13.21036	-164.0501	
28	0.07939383	-49.93405	0	120.8119	28.78357	-14.71747	-164.9742	
29	-0.8583374	-54.62268	0	97.36874	26.20183	-16.35358	-163.5988	
30	-0.1550293	-63.06223	0	42.27723	26.88056	-17.25635	-157.1948	
31	-0.1550293	-71.97064	0	-3.437012	27.80316	-17.76038	-141.8772	
32	0.7826867	-74.54941	0	-3.202576	25.22398	-19.24026	-140.4787	
33	0.7826867	-74.54941	0	-3.437012	22.96954	-20.26614	-146.4296	
34	0.7826867	-68.45416	0	-2.264862	19.71078	-20.5809	-155.0991	
35	-0.1550293	-62.82779	0	-3.671448	18.37261	-20.2532	-163.0293	
36	0.5482582	-54.38824	0	-3.671448	16.20525	-19.71686	-166.352	
37	0.5482582	-27.89743	0	-3.671448	13.5297	-20.08124	-171.1355	
38	0.5482582	-4.68866	0	-3.437012	10.84311	-19.74054	-175.2587	
39	0.5482582	2.578733	0	-2.030426	6.561929	-20.56573	-178.5573	
40	-0.6239014	3.047597	0	-2.499298	8.369089	-22.66467	179.2402	
41	0.07939377	3.750897	0	-3.437012	10.03404	-23.97952	176.8864	
42	0.3138222	4.45419	0	-3.202576	7.705049	-25.62274	178.0634	
43	0.7826865	4.219762	0	-3.671448	3.269195	-26.84619	-178.4552	
44	1.017123	3.750897	0	-3.437012	0.1985585	-27.60645	-177.4791	
45	0.3138222	2.344304	0	-0.6238403	0.3108789	-28.79404	-178.7669	
46	-0.8583374	3.985326	0	-3.202576	2.571254	-28.65552	-179.5777	
47	0.5482584	3.985326	0	-3.671448	6.639202	-26.37698	-178.8148	
48	0.5482584	4.219761	0	-3.671448	9.241199	-21.01193	-176.076	
49	1.251551	4.219761	0	-3.437012	9.519159	-14.24988	-172.9672	
50	1.017123	4.219761	0	-3.671448	7.834732	-8.769592	-173.4302	
51	0.7826867	3.516461	0	-2.264862	4.891765	-5.940796	-175.5355	
52	0.07939389	3.750897	0	-3.905884	3.898253	-6.267761	-176.6772	
53	0.7826867	3.985325	0	-3.905884	4.464536	-7.233032	-176.4763	
54	0.7826867	3.985325	0	-3.671448	3.445668	-7.235413	-176.0763	
55	0.5482583	3.750897	0	-3.671448	3.086049	-7.072571	-176.1126	
56	0.7826867	2.344303	0	-0.8582764	2.694927	-6.762146	-175.4345	
57	-0.8583374	3.282032	0	-2.030426	2.403563	-5.744537	-174.9353	
58	0.07939389	3.985325	0	-3.437012	1.966882	-4.573212	-174.6614	
59	0.5482583	3.750897	0	-3.671448	1.619841	-3.876099	-174.6708	
60	0.5482583	3.985325	0	-3.671448	1.642601	-3.401062	-174.7763	
61	0.7826867	3.750897	0	-3.671448	1.960447	-3.076782	-175.0152	
62	0.7826867	2.578732	0	-0.3894043	2.604001	-2.990967	-175.1284	
63	-0.8583374	3.516461	0	-2.733734	3.453164	-3.100952	-175.3618	
64	0.5482584	3.985325	0	-3.437012	5.108171	-3.107361	-175.9351	
65	0.7826868	4.219761	0	-3.905884	6.857739	-3.319122	-176.4388	
66	1.017123	4.219761	0	-3.671448	7.833957	-3.388123	-176.5241	
67	1.251551	4.219761	0	-3.671448	8.404521	-3.386597	-176.7107	
68	1.251551	3.282032	0	-2.733734	9.073096	-3.550323	-177.3372	
69	0.3138224	3.985325	0	-3.202576	10.05968	-3.969727	-178.1984	
70	0.5482584	3.985325	0	-3.671448	10.18409	-4.394684	-178.5846	
71	0.7826868	3.750897	0	-3.437012	10.17199	-4.702179	-179.0733	
72	0.7826868	3.985325	0	-3.671448	10.10092	-5.019745	-179.2787	
73	0.7826868	2.578732	0	-2.499298	10.09484	-5.389435	-179.4328	
74	-0.6239014	3.516461	0	-2.030426	9.815095	-5.925354	-179.5913	
75	0.07939392	3.985325	0	-3.671448	9.442725	-6.473114	-179.6575	
76	0.5482583	3.985325	0	-3.671448	9.075144	-6.708954	-179.4726	
77	0.7826867	3.985325	0	-3.671448	8.944052	-6.775604	-179.3591	
78	0.5482582	3.750897	0	-3.905884	8.755544	-6.843811	-179.2391	
79	0.7826866	2.344304	0	-1.092682	8.58225	-6.908936	-179.1844	
80	-0.3894653	3.516461	0	-2.733734	8.482918	-6.930206	-178.9706	
81	0.5482582	3.985325	0	-3.671448	8.259006	-6.955292	-178.8019	
82	0.7826866	3.985325	0	-3.671448	7.810261	-7.051086	-178.7795	
83	1.485987	3.985325	0	-3.437012	7.639188	-6.801727	-178.8201	
84	0.5482582	3.750897	0	-3.671448	7.686363	-6.638947	-178.6523	
85	0.7826865	2.344304	0	-1.327118	7.822562	-6.57663	-178.6346	
86	-0.3894653	3.985325	0	-3.671448	7.961433	-6.624878	-178.8489	
87	0.7826866	3.985325	0	-3.671448	7.946662	-6.700378	-178.8691	
88	0.7826866	4.219761	0	-3.202576	7.847636	-6.750946	-178.5832	
89	1.251551	4.219761	0	-3.437012	7.755189	-6.697266	-178.3351	
90	1.017123	3.985325	0	-3.671448	7.687978	-6.751282	-178.399	
91	0.7826865	2.109867	0	-0.6238403	7.538431	-6.760162	-178.642	
92	-0.8583374	3.750897	0	-3.671448	7.747731	-6.794067	-178.6364	
93	0.7826865	3.750897	0	-3.671448	7.742256	-6.913483	-178.2229	
94	0.7826865	4.454189	0	-3.437012	7.623843	-6.832092	-178.1606	
95	1.251551	4.219761	0	-3.437012	7.609064	-6.703064	-178.2643	
96	1.251551	4.219761	0	-3.671448	7.616275	-6.584747	-178.3751	
97	1.251551	3.282032	0	-2.264862	7.552682	-6.552368	-178.4155	
98	0.07939364	3.985325	0	-3.671448	7.664175	-6.602325	-178.4512	
99	0.7826865	3.985325	0	-3.905884	7.619298	-6.72937	-178.4981	
100	0.7826865	3.985325	0	-3.671448	7.442656	-6.77356	-178.5631	
101	0.7826865	3.985325	0	-3.671448	7.389434	-6.792999	-178.6188	
102	0.7826865	2.344303	0	-0.6238403	7.372919	-6.849854	-178.6017	
103	-0.6239014	3.516461	0	-2.499298	7.332715	-6.922668	-178.5889	
104	0.313822	3.985325	0	-3.671448	6.961514	-7.055115	-178.591	


Angle MV instances
Rotate	92.99008	3.750916	3.047607	3.516479	2.344299	13.12817	11.48718	10.54944	18.28568	3.985352	13.36261	9.846161	7.032959	5.157501	
ChildRotate	96.82043	3.750916	4.454193	2.813202	3.51651	2.109924	3.516479	3.516479	18.52011	18.52014	7.032959	4.688629	8.439545	8.908417	2.578766	6.095245	5.626373	8.439545	26.49081	23.20877	7.267392	
RotateInverse	
ChildRotateInverse	135.1123	4.454208	3.750916	2.344315	2.109879	4.219772	12.65933	23.4432	55.09151	45.71424	2.813171	2.578735	2.813171	3.282043	2.34433	2.813202	2.34433	2.34433	3.047607	3.047607	3.047607	
Docking x	24.50998	2.04031	2.865648	3.305653	4.423767	7.838715	9.578575	11.55788	8.794937	11.5946	3.753952	12.07298	10.13146	3.375618	4.456764	4.934715	5.547985	5.624435	3.132389	2.364391	2.790434	2.581739	2.579174	2.254442	3.258759	2.167358	2.675549	2.686598	4.281176	2.328991	4.435853	3.070637	2.260375	4.067948	2.601996	2.942966	
Docking y	173.8398	2.202133	4.13974	6.252792	4.592224	5.069244	6.002518	6.448608	7.784164	37.95748	129.5884	24.34552	8.469366	2.636937	3.251353	7.009034	4.299561	3.394348	2.602142	2.098938	2.278534	5.365051	6.762054	5.480286	2.828796	
Docking z	38.52672	3.148014	4.034584	6.01046	12.65685	6.344585	36.76132	124.6529	19.929	4.160049	4.034012	10.35481	4.921448	5.169952	7.182968	6.403992	15.31763	5.950912	8.66954	7.930222	3.322693	4.783524	4.123108	3.29866	2.353729	2.738831	3.108734	2.10527	
Total MV Amount	1795.758


Angle TRE instances
Rotate	27	
ChildRotate	39	
RotateInverse	1	
ChildRotateInverse	32	
Docking x	44	47	51	64	
Docking y	22	23	58	72	
Docking z	
Total TRE Count	11


Correct Angles	Rotate	ChildRotate	RotateInverse	ChildRotateInverse	Docking x	Docking y	Docking z
	-2.002277E-28	-1.611493E-43	0	2.966118E-28	0	0	0

Angle Error	Rotate	ChildRotate	RotateInverse	ChildRotateInverse	Docking x	Docking y	Docking z
	0.548258	3.985325	0	3.905884	6.382236	7.194641	178.6821

Time Taken	Hours	Minutes	Seconds	Milliseconds	Seconds float	Completion time
	0	0	6	173	6.173393	00h:00m:06s:173ms

Final Results	Tester Name	Time of Test	Dock Shape Style	Virtual Device Visible	Time Taken	Shape Precision %	Orientation Precision %	Overall Precision %	Efficiency %	Difficulty	Total MV	Total TRE	
	0	2018-11-13_15:05:44	ZEROING DATA	True	00h:00m:06s:173ms	98.82785	65.57838	84.07156	100	5.52044E-31	1795.758	11	
