
Angles Over Time
Frames	Rotate	ChildRotate	RotateInverse	ChildRotateInverse	Docking x	Docking y	Docking z	
0	-0.7572937	-0.4689331	0	0.649341	-0.7336731	-0.1826172	-0.05044556	
1	0.05278394	0.7032928	0	0.05278394	-0.1775208	-0.01205444	-0.2696228	
2	0.5216483	0.4688645	0	0.05278394	0.09292918	-0.0002470906	-0.4482422	
3	0.7560767	0.4688645	0	0.05278395	0.6189359	0.2642598	-0.2434998	
4	0.7560767	-0.7033081	0	1.693805	1.443713	0.2214538	0.5821182	
5	-0.6505127	0.2344283	0	0.2872122	1.91672	0.4863458	1.467112	
6	-0.1816406	0.2344283	0	0.0527838	2.155187	0.2529754	1.833776	
7	0.2872121	-5.336074E-08	0	0.0527838	2.657166	0.07977183	1.322831	
8	0.2872121	-0.234436	0	-0.1816406	2.793417	-0.1573181	0.7554082	
9	0.2872121	-1.406586	0	0.9905127	2.657895	-0.1798401	0.6654667	
10	-1.353821	-0.4688721	0	1.224941	2.65099	-0.1155396	0.8439832	
11	-0.4160767	-5.336041E-08	0	-0.1816406	2.816281	0.1238452	1.019539	
12	0.2872123	0.2344283	0	0.05278363	2.836358	0.3778721	1.153695	
13	0.05278382	-5.336074E-08	0	-0.1816406	2.793482	0.4367625	1.258837	
14	0.2872122	-5.336074E-08	0	0.05278363	2.762918	0.3358462	0.9858359	
15	0.05278378	-1.641022	0	3.334835	2.858959	0.3439665	0.9446785	
16	-1.588226	-0.4688721	0	1.224941	2.874918	0.3084294	0.8339128	
17	-0.1816406	0	0	-0.4160767	3.004005	0.6070015	0.8130796	
18	0.5216482	0	0	-0.1816406	3.199154	0.926014	0.8564754	
19	0.5216482	0.2344284	0	0.05278382	3.395315	1.170397	0.7728798	
20	0.05278385	0	0	-0.1816406	3.283752	1.217716	0.6824251	
21	0.2872122	-1.875458	0	2.86597	3.333319	1.357117	0.7439455	
22	-1.353821	-0.4688721	0	1.459377	3.290792	1.385212	0.6825642	
23	-0.1816406	0.2344284	0	-0.1816406	3.373412	1.410665	0.6812647	
24	0.05278391	0.4688645	0	-0.1816406	3.302913	1.444586	0.6875901	
25	0.7560767	5.336041E-08	0	-0.1816406	3.306967	1.578459	0.7145792	
26	0.7560767	5.336041E-08	0	-0.4160767	3.246374	1.600495	0.9225428	
27	0.0527839	-1.875458	0	3.334836	2.996329	1.734439	1.405289	
28	-1.822662	0	0	0.05278405	2.541427	2.261772	2.444474	
29	0.05278395	-2.578735	0	-0.1816406	1.382513	3.961917	5.500923	
30	0.05278395	-3.047607	0	-0.1816406	0.2601239	7.346715	8.390421	
31	0.7560768	-3.282043	0	-0.1816406	-0.800415	10.80431	10.56103	
32	0.7560768	-2.813171	0	-0.1816406	-0.1322021	14.5674	12.78778	
33	0.5216485	-3.985352	0	1.224941	2.269075	17.73727	13.23135	
34	-0.4160767	-3.516479	0	4.038128	4.595045	18.91479	17.19184	
35	-7.2146	-3.516479	0	5.913585	7.000124	20.29206	24.31155	
36	-19.87393	-3.516479	0	5.67915	7.698761	21.85421	25.98378	
37	-20.10837	-3.516479	0	5.444721	8.813347	23.44472	27.23171	
38	-21.51495	-6.329651	0	8.023473	10.527	26.03487	33.1063	
39	-27.37576	-5.391937	0	6.616879	11.77977	30.26347	40.09139	
40	-27.84464	-4.923065	0	4.038128	12.9842	35.63235	48.07104	
41	-31.82996	-4.454224	0	3.100399	15.00245	42.18443	62.47567	
42	-44.25485	-4.454224	0	-0.1816406	17.30647	50.60785	77.13615	
43	-51.05341	-4.219788	0	0.05278442	18.703	57.80333	82.39797	
44	-51.05341	-5.391937	0	0.9905133	19.39053	61.66246	83.1812	
45	-50.11566	-4.688629	0	0.05278442	17.73072	59.08427	79.93369	
46	-50.3501	-4.454193	0	-0.1816406	16.57576	56.14957	74.22388	
47	-50.3501	-4.688629	0	4.038128	14.48576	50.57823	59.61522	
48	-37.9252	-4.688629	0	10.13336	12.80507	41.21871	39.52564	
49	-16.82632	-5.860809	0	11.77439	12.6295	31.1403	27.24996	
50	-16.35745	-3.985352	0	37.5619	9.989578	20.64584	13.50559	
51	-0.4160767	-0.234436	0	38.9685	8.826677	13.78762	3.751894	
52	0.2872124	1.334019E-07	0	38.73407	9.973483	11.66429	2.875687	
53	0.7560768	-0.234436	0	32.63884	7.714554	9.606069	1.552302	
54	0.7560768	1.334019E-07	0	29.59122	5.466202	7.626233	0.1396737	
55	0.9905128	-0.9377136	0	21.3861	4.887434	5.188138	-1.015106	
56	-0.4160767	-0.234436	0	11.53996	4.134181	1.761725	-1.787964	
57	0.2872123	-0.4688721	0	-0.4160767	3.896749	-3.023102	-0.9941406	
58	0.5216483	-0.7033081	0	-0.4160767	2.759757	-7.133179	-1.436646	
59	0.5216483	-0.4688721	0	-0.1816406	1.831697	-10.70502	-2.218414	
60	0.5216483	-1.875458	0	1.224948	1.220051	-12.14502	-2.531219	
61	-1.119385	-0.9377136	0	0.9905197	0.2261307	-12.57806	-2.376892	
62	-0.4160767	-0.234436	0	-0.1816406	0.1338482	-12.78912	-1.395508	
63	0.5216483	-0.4688721	0	-0.4160767	0.05495705	-13.03165	-0.6529846	
64	0.5216483	-0.234436	0	0.2872192	0.1937624	-13.0303	0.0755934	
65	0.2872123	-0.4688721	0	0.05279074	0.09155685	-12.94022	0.2246695	
66	0.2872123	-1.875458	0	2.865977	-0.1242676	-12.07587	0.06569769	


Angle MV instances
Rotate	6.798523	12.65933	5.860809	3.985321	12.4249	6.798553	12.4249	21.09888	15.94138	
ChildRotate	2.578735	2.813171	3.750916	
RotateInverse	
ChildRotateInverse	3.282051	2.109894	3.047611	3.750912	3.282052	2.813187	2.578752	2.578751	3.28204	4.219769	6.09523	25.78751	6.095234	3.047615	8.205116	9.846147	11.95603	2.813186	
Docking x	2.401277	2.325969	2.40508	2.018257	2.304012	2.090008	2.639926	2.258929	2.248352	
Docking y	3.384798	3.457599	3.763084	3.169869	2.590149	4.228594	5.368881	6.552082	8.423416	7.195488	3.859131	2.578194	2.9347	5.571342	9.359516	10.07841	10.49446	6.858227	2.123328	2.05822	2.438095	3.426413	4.110077	3.571838	
Docking z	3.056448	2.889498	2.170607	2.226755	3.96049	7.119709	5.874592	6.985092	7.979649	14.40463	14.66048	5.261818	3.247505	5.709808	14.60866	20.08958	12.27568	13.74437	9.753695	
Total MV Amount	506.2333


Angle TRE instances
Rotate	40	42	
ChildRotate	
RotateInverse	1	
ChildRotateInverse	
Docking x	
Docking y	
Docking z	
Total TRE Count	2


Correct Angles	Rotate	ChildRotate	RotateInverse	ChildRotateInverse	Docking x	Docking y	Docking z
	-30	-68.92917	0	90.00001	30	180	90

Angle Error	Rotate	ChildRotate	RotateInverse	ChildRotateInverse	Docking x	Docking y	Docking z
	28.88062	67.99142	0	88.77506	30.76648	-168.6488	89.96942

Time Taken	Hours	Minutes	Seconds	Milliseconds	Seconds float	Completion time
	0	0	3	938	3.937819	00h:00m:03s:938ms

Final Results	Tester Name	Time of Test	Dock Shape Style	Virtual Device Visible	Time Taken	Shape Precision %	Orientation Precision %	Overall Precision %	Efficiency %	Difficulty	Total MV	Total TRE	
	0	2018-11-13_15:05:15	Ltd Random	False	00h:00m:03s:938ms	74.21568	52.10773	62.29906	94.56738	0.5432546	506.2333	2	
