
Angles Over Time
Frames	Rotate	ChildRotate	RotateInverse	ChildRotateInverse	Docking x	Docking y	Docking z	
0	2.179264	0.7033484	0	-0.8683472	-0.1911011	-0.4204407	-0.1408386	
1	0.1422232	-1.641022	0	3.658703	-0.03396606	0.06857633	-0.03292847	
2	-1.967651	-0.9377136	0	1.783245	0.2803819	0.178643	-0.3337097	
3	-0.7955017	5.589237E-08	0	-0.09222412	0.5928958	0.4327372	-0.7278137	
4	0.3766515	0.4688645	0	0.1422236	1.243713	0.3780084	-1.026306	
5	0.6110876	5.336041E-08	0	0.1422236	1.500596	0.3620105	-1.432861	
6	0.1422231	-0.234436	0	0.1422236	1.422119	0.2966352	-1.610382	
7	0.1422231	-1.875458	0	3.189839	1.335249	0.2045991	-1.582184	
8	-1.733246	-0.234436	0	1.079953	1.185146	0.08486399	-1.334503	
9	-0.09222412	-0.234436	0	0.376652	1.272232	-0.04022217	-0.9435425	
10	0.142223	1.067215E-07	0	-0.09222412	1.543225	-0.26828	-0.5440063	
11	-0.09222412	0.2344285	0	0.1422237	2.115254	-1.082886	0.7581809	
12	0.6110875	-2.578735	0	0.6110881	3.994611	-2.663605	3.30827	
13	-0.09222412	-16.64468	0	4.127568	8.333849	-4.952209	7.590527	
14	-2.202087	-22.27106	0	1.314381	13.46119	-7.252563	11.19318	
15	-0.09222412	-22.27106	0	0.142224	14.27877	-8.398102	10.16467	
16	-0.09222412	-25.5531	0	0.3766524	15.86212	-8.941193	11.47896	
17	0.3766515	-35.8681	0	0.6110885	19.1627	-9.84082	17.48034	
18	-2.905396	-44.54208	0	0.1422241	22.87086	-10.96985	23.02975	
19	-4.780853	-59.54575	0	2.017682	26.64657	-11.97284	28.00468	
20	-5.953003	-76.42484	0	0.1422241	32.2289	-13.92786	34.43651	
21	-5.015289	-82.98892	0	0.3766525	38.34318	-15.76984	39.26659	
22	-5.249725	-82.98892	0	0.1422241	42.286	-17.13251	40.376	
23	-5.249725	-82.75449	0	0.1422241	45.84885	-16.86008	36.8665	
24	-5.249725	-80.87903	0	2.955411	46.239	-15.36252	36.776	
25	-6.187439	-81.58234	0	1.783246	42.85316	-13.49063	34.30045	
26	-1.264374	-54.38821	0	0.142224	34.01233	-13.57828	31.56116	
27	-0.09222412	-16.17581	0	0.142224	21.12014	-13.51819	20.81978	
28	0.6110876	-7.970673	0	0.6110884	10.13266	-11.97662	10.20038	
29	0.3766516	-7.501831	0	0.142224	6.91588	-10.16083	6.865503	
30	0.1422231	-3.750916	0	4.127568	4.519015	-8.856354	5.190217	
31	-1.029938	-0.234436	0	0.6110883	0.6886112	-7.989838	2.867277	
32	-0.09222412	-0.234436	0	0.6110883	-3.414825	-7.06131	-0.1789551	
33	0.1422232	0.4688649	0	0.1422239	-3.718842	-5.946625	-1.391357	
34	0.6110876	0.7032933	0	0.6110883	-3.30899	-4.80722	-1.474182	
35	0.6110876	0.4688649	0	0.1422239	-2.873779	-4.229309	-1.065796	
36	0.845516	-1.17215	0	1.548817	-3.573547	-3.693939	0.02864926	
37	-0.3266296	4.967297E-07	0	0.1422239	-4.826477	-4.000793	1.601866	
38	0.6110876	0.2344289	0	0.6110883	-6.445587	-4.395508	4.193782	
39	0.3766516	0.2344289	0	0.1422239	-5.026855	-5.070404	5.675138	
40	0.3766516	0.2344289	0	0.8455167	-4.042084	-5.245758	4.753456	
41	0.3766516	-1.875458	0	2.95541	-1.344147	-4.712494	1.484112	
42	-1.029938	-0.9377136	0	1.548817	2.812519	-3.903381	-1.75058	
43	-0.3266296	3.760468E-07	0	0.1422237	1.993759	-3.760376	-2.386322	
44	0.3766516	0.4688648	0	0.1422237	3.774302	-2.528381	-0.6711121	
45	0.845516	3.735229E-07	0	0.1422237	5.828613	-1.826721	1.396799	
46	0.845516	0.2344288	0	0.6110881	6.410072	-1.561157	2.01082	
47	0.6110876	-1.875458	0	4.127567	6.450154	-1.508026	1.950504	
48	-1.733246	-0.4688721	0	1.548817	6.982257	-1.513519	2.145848	
49	0.142223	3.735229E-07	0	0.3766522	7.322969	-1.848175	1.909285	
50	0.142223	0.4688648	0	0.1422238	9.066885	-1.924469	3.259547	
51	1.079952	0.4688648	0	0.3766522	11.45399	-1.931213	7.479267	
52	1.079952	0.4688648	0	0.6110883	13.14615	-1.644836	11.52335	
53	0.845516	-0.9377136	0	1.783246	14.56891	-1.2164	14.18943	
54	-3.139832	2.693286E-07	0	-0.09222412	15.71569	-1.011993	15.4008	
55	-2.905396	0.2344287	0	0.1422237	16.29176	-1.152771	15.63216	
56	-2.905396	2.668037E-07	0	0.1422237	16.68116	-1.279938	15.78301	
57	-2.905396	2.668037E-07	0	0.1422237	16.11891	-1.719421	14.92327	
58	-2.905396	-1.875458	0	1.783245	15.56953	-1.80719	14.09801	
59	-4.780853	-0.9377136	0	1.783245	15.13539	-1.831635	13.24803	
60	-3.608704	0.2344285	0	0.376652	13.93545	-2.07254	9.957505	
61	-3.139832	0.4688646	0	0.611088	12.40102	-2.130157	6.638635	
62	-2.436523	0.4688646	0	0.376652	11.15121	-2.382172	4.235674	
63	-2.436523	0.2344285	0	0.1422236	10.35891	-2.343597	2.638586	
64	-2.202087	-0.9377136	0	2.017681	9.684978	-1.847931	1.228817	
65	-2.202087	5.589237E-08	0	0.3766521	9.014721	-1.244965	-0.2544861	
66	-0.09222412	-0.234436	0	0.1422237	7.76269	-0.3414612	-0.5024719	
67	-0.09222412	5.336074E-08	0	0.3766521	6.078087	0.8669769	-2.064789	
68	-0.09222412	-0.234436	0	0.1422237	4.617531	1.413569	-3.178253	
69	-0.09222412	5.336074E-08	0	0.3766521	2.560641	-0.7364807	-4.582977	
70	-0.09222412	-0.7033081	0	2.25211	1.761689	-4.913513	-6.358917	
71	-1.029938	0.2344285	0	0.6110883	1.228377	-9.78717	-7.329071	
72	-0.09222412	0.7032928	0	0.3766523	0.9349326	-13.76724	-7.079773	
73	0.6110877	1.144059E-08	0	0.6110883	0.02814945	-18.10715	-6.971588	
74	-0.3266296	1.144059E-08	0	0.1422239	-0.6773071	-22.70612	-7.206055	
75	-0.09222412	-2.109894	0	3.658704	-1.402588	-28.66577	-7.278107	
76	-1.967651	-0.9377441	0	1.548817	-1.750397	-33.73444	-7.438263	
77	-0.3266296	-0.234436	0	0.142224	-1.774414	-35.08878	-7.259094	
78	0.1422228	0.7032927	0	0.142224	-1.171265	-33.20724	-7.011047	
79	0.3766512	0.7032927	0	0.3766524	-0.9312744	-31.80457	-6.247833	
80	0.6110872	-1.486389E-07	0	0.142224	-0.5208435	-31.577	-5.2229	
81	-0.09222412	-2.34433	0	3.893131	-0.00692749	-31.48489	-4.687134	
82	-1.967651	-2.133987E-07	0	0.611088	0.5016931	-31.15308	-4.26886	
83	-0.09222412	-2.133987E-07	0	0.1422237	0.8981184	-31.08151	-3.796875	
84	0.1422227	0.2344282	0	0.1422237	1.291567	-30.75064	-3.245605	
85	0.611087	-0.234436	0	0.1422237	1.2957	-30.5152	-2.917847	
86	0.611087	-1.867626E-07	0	0.1422237	1.26285	-30.65027	-2.560883	
87	-0.09222412	-2.109894	0	3.893131	1.110183	-30.88943	-2.565002	
88	-2.202087	-3.010626E-07	0	1.548817	0.4513929	-31.03491	-3.134705	
89	-0.3266296	0.2344281	0	0.6110879	-0.1383362	-31.55505	-3.451233	
90	-0.09222412	0.2344281	0	0.3766518	-0.5129089	-32.38388	-3.441071	
91	-0.09222412	-2.934841E-07	0	-0.09222412	-0.8473206	-32.70386	-3.341553	
92	0.1422227	-0.234436	0	0.1422234	-0.9083557	-32.77399	-3.220215	
93	0.1422227	-2.109894	0	3.658703	-0.5284729	-32.66479	-2.998444	
94	-2.202087	-0.7033081	0	1.314381	-0.3419495	-32.60876	-2.858978	
95	-0.09222412	-4.916787E-07	0	0.1422235	-0.303894	-32.49084	-2.809204	
96	0.1422227	0.7032924	0	0.3766519	-0.2453003	-32.41968	-2.889069	
97	0.3766511	0.7032924	0	0.3766519	-0.02163696	-32.32269	-3.026947	
98	0.6110871	-4.802386E-07	0	0.1422235	-0.06124878	-32.31073	-3.07074	
99	0.1422228	-1.641022	0	2.720974	-0.1801758	-32.26855	-3.043884	
100	-1.967651	-4.268431E-07	0	1.548817	-0.06170654	-32.2095	-2.997559	
101	-0.09222412	0.234428	0	0.3766517	0.07332157	-32.09302	-2.96405	
102	-0.09222412	0.4688641	0	0.1422233	0.1504053	-32.30246	-2.888733	
103	0.6110875	0.7032924	0	-0.09222412	0.1336464	-32.65732	-2.773315	
104	0.6110875	0.468864	0	0.1422233	0.2368338	-32.75681	-2.694092	
105	0.6110875	-0.9377441	0	1.548817	0.4429757	-33.11737	-2.591095	
106	-0.7955017	-5.335907E-07	0	0.6110877	0.6689553	-33.41183	-2.450653	
107	-0.09222412	0.2344279	0	0.3766517	0.9448168	-33.5256	-2.353119	
108	-0.09222412	-0.234436	0	0.3766517	1.132997	-33.68066	-2.361969	
109	0.142223	-5.069271E-07	0	0.3766517	1.259613	-33.89566	-2.276947	
110	-0.09222412	0.2344279	0	0.3766517	1.316616	-34.0209	-2.169617	
111	0.142223	-0.7033081	0	2.252109	1.271761	-34.16547	-2.052094	
112	-0.7955017	-5.335984E-07	0	0.6110879	1.230838	-34.58234	-1.906433	
113	-0.09222412	0.2344279	0	0.1422235	1.268524	-34.7821	-1.72818	
114	-0.09222412	-5.336074E-07	0	0.1422235	1.316743	-35.06055	-1.604279	
115	-0.09222412	-0.234436	0	-0.09222412	1.235526	-35.18903	-1.50528	
116	-0.09222412	-2.109894	0	3.189839	1.090825	-35.30746	-1.353088	
117	-1.967651	-0.9377441	0	1.548817	0.9216254	-35.41019	-1.241089	
118	-0.5610657	-7.978527E-07	0	0.1422236	0.6598967	-35.58768	-1.242432	


Angle MV instances
Rotate	2.179264	2.037041	2.109863	2.109863	3.282047	4.923065	3.985348	2.109863	2.109863	2.34431	2.109863	
ChildRotate	2.813164	14.06595	5.626373	3.282043	10.315	8.673981	15.00366	16.87909	6.564087	27.19412	38.2124	8.205139	3.750916	3.516479	2.109894	2.34433	2.34433	2.109894	2.109894	
RotateInverse	
ChildRotateInverse	4.52705	3.047615	2.109886	3.51648	2.813186	2.813187	3.985344	3.516479	2.109894	3.516479	2.57875	3.51648	2.109886	3.750907	3.282043	3.750907	2.344314	3.51648	2.344322	2.57875	3.282063	
Docking x	4.339238	5.127344	3.300574	3.708166	3.775707	5.582327	6.114285	3.942814	3.562855	3.385841	8.840832	12.89219	10.98748	3.216775	2.396865	3.830404	4.103436	2.697937	2.054312	2.387105	2.05689	
Docking y	2.288605	2.300354	4.177032	4.873657	3.980072	4.339905	4.598969	5.959656	5.068665	
Docking z	2.550089	4.282257	3.60265	6.001381	5.549406	4.974928	6.431835	4.830078	3.509495	2.475559	2.739285	10.74138	10.61939	3.334881	2.32294	3.046232	2.591916	3.269344	4.21972	4.044085	2.666079	3.290528	3.31887	2.402961	
Total MV Amount	508.1372


Angle TRE instances
Rotate	
ChildRotate	
RotateInverse	1	
ChildRotateInverse	
Docking x	
Docking y	
Docking z	1	13	31	39	40	51	62	70	81	
Total TRE Count	8


Correct Angles	Rotate	ChildRotate	RotateInverse	ChildRotateInverse	Docking x	Docking y	Docking z
	-90	-90	0	150	90	-90	0

Angle Error	Rotate	ChildRotate	RotateInverse	ChildRotateInverse	Docking x	Docking y	Docking z
	90.14222	90	0	149.8578	89.48805	54.24301	1.23291

Time Taken	Hours	Minutes	Seconds	Milliseconds	Seconds float	Completion time
	0	0	6	982	6.98169	00h:00m:06s:982ms

Final Results	Tester Name	Time of Test	Dock Shape Style	Virtual Device Visible	Time Taken	Shape Precision %	Orientation Precision %	Overall Precision %	Efficiency %	Difficulty	Total MV	Total TRE	
	0	2018-11-13_15:03:15	Ltd Random	False	00h:00m:06s:982ms	54.16667	89.72668	62.30445	90.8976	0.5666667	508.1372	8	
