
Angles Over Time
Frames	Rotate	ChildRotate	RotateInverse	ChildRotateInverse	Docking x	Docking y	Docking z	
0	0.8402654	-75.72153	0	71.16985	-3.38031	-70.09937	17.94761	
1	0.605837	-73.84607	0	69.76327	-2.676117	-66.3974	15.64093	
2	-1.035187	-75.95596	0	64.13689	-1.796448	-61.22723	13.03996	
3	0.605837	-70.56403	0	67.65338	-0.4725647	-53.94003	9.302077	
4	0.8402654	-55.32596	0	61.08928	0.2630026	-44.31604	5.082268	
5	0.8402654	-45.4798	0	21.23584	0.8276666	-33.48285	5.15486	
6	1.074701	-40.3223	0	-3.379517	-0.1339722	-21.67209	10.69862	
7	1.30913	-30.7106	0	-2.441803	-0.6219482	-11.40182	9.268935	
8	0.3714009	-22.27106	0	-3.379517	0.5580728	-3.727936	4.563843	
9	0.8402653	-10.54944	0	-3.613953	1.06665	2.090698	-1.625702	
10	0.8402653	-1.641022	0	-3.379517	-0.6408386	6.174139	-6.023071	
11	0.8402653	1.641023	0	-3.379517	-2.603699	8.230051	-6.708893	
12	1.074701	0.9377224	0	-0.8007507	-2.878967	8.462179	-6.623169	
13	-0.09747314	1.641023	0	-2.207367	-3.552917	8.87265	-6.937683	
14	0.6058369	2.109887	0	-3.379517	-4.036194	9.591111	-7.235657	
15	0.8402653	2.344316	0	-3.145081	-5.020447	10.22377	-7.05304	
16	1.30913	2.109887	0	-3.379517	-5.77948	10.22816	-6.197662	
17	1.30913	1.875451	0	-3.613953	-5.581207	9.817615	-5.539368	
18	0.8402653	0.9377223	0	-0.8007507	-4.96521	8.954504	-4.319427	
19	-0.09747314	1.875451	0	-3.613953	-4.496613	7.436795	-2.763214	
20	1.074701	1.875451	0	-3.613953	-3.313538	5.043785	-0.8249207	
21	1.074701	2.344316	0	-3.379517	-2.168182	3.17975	-0.01513672	
22	1.30913	2.344316	0	-3.379517	-1.427094	2.603194	-0.4434204	
23	1.30913	2.344316	0	-3.848389	-0.9842224	2.473292	-1.037964	
24	1.30913	1.406587	0	-2.441803	-0.4122314	1.763238	-1.031372	
25	0.6058369	2.109887	0	-3.613953	0.3247688	0.9372103	-0.6630554	
26	1.30913	2.109887	0	-3.379517	1.03623	0.001327836	-0.005468767	
27	1.074701	1.875451	0	-3.613953	1.650886	-0.8284302	0.3955496	
28	1.074701	1.875451	0	-3.613953	1.414937	-1.212402	0.506733	
29	1.074701	0.703294	0	-1.035187	1.063528	-1.437714	0.2659352	
30	-0.3318787	1.406587	0	-2.441803	0.5174008	-1.639008	0.1751592	
31	0.6058368	2.109887	0	-3.848389	0.497798	-1.890381	0.0806643	
32	1.074701	1.875451	0	-3.613953	0.7051315	-1.82074	-0.1524353	
33	1.543566	1.875451	0	-3.145081	0.3496631	-1.733978	-0.5476685	
34	1.074701	1.875451	0	-3.145081	-0.161499	-1.217773	-1.385193	
35	1.074701	0.4688579	0	-0.8007507	-0.4606934	-0.9446106	-1.859955	
36	-0.3318787	1.875451	0	-2.676208	-0.5290222	-0.9130859	-2.156952	
37	1.074701	1.875451	0	-3.613953	-0.3624878	-0.8000183	-2.133667	
38	1.30913	1.875451	0	-3.379517	-0.4003296	-0.3777771	-1.944275	
39	0.8402652	2.344316	0	-3.379517	-0.7913513	0.0120637	-1.817963	
40	1.543566	1.875452	0	-3.613953	-0.7600098	0.2921838	-1.78952	
41	1.074701	0.4688581	0	-0.8007507	-0.5290527	0.5010212	-1.673523	
42	-0.3318787	1.875452	0	-3.613953	-0.2836609	0.5980956	-1.542725	
43	1.074701	2.109888	0	-3.613953	-0.0954895	0.7535179	-1.564697	
44	1.074701	1.875452	0	-3.613953	-0.06509399	1.085056	-1.703186	
45	1.30913	1.875452	0	-3.613953	-0.1005249	1.372336	-1.660858	
46	1.30913	2.109888	0	-3.613953	0.2891971	1.521481	-1.688385	
47	1.074701	0.7032943	0	-0.3319092	0.3579824	1.659886	-1.720123	
48	-0.5663147	1.875452	0	-3.613953	0.3853666	1.877141	-1.843109	
49	1.074701	1.875452	0	-3.613953	0.3194565	2.15258	-1.941162	
50	1.074701	2.344316	0	-3.145081	0.3674984	2.254433	-2.024139	
51	1.30913	2.344316	0	-3.379517	0.3707058	2.450862	-2.119476	
52	1.543566	2.344316	0	-3.613953	0.4052674	2.754439	-2.266785	
53	1.543566	1.406587	0	-2.207367	0.467268	3.008762	-2.378876	
54	0.6058368	2.109888	0	-3.613953	0.6108833	3.312015	-2.511414	
55	0.8402652	1.875452	0	-3.613953	0.6618044	3.327852	-2.528351	
56	1.074701	1.875452	0	-3.379517	0.6914808	3.348304	-2.637726	
57	1.074701	2.109888	0	-3.379517	0.6302226	3.351695	-2.692566	
58	1.074701	0.9377226	0	-1.269623	0.5261695	3.566118	-2.756683	
59	-0.09747314	1.406587	0	-2.676208	0.4131897	3.745152	-2.914246	
60	0.6058367	1.875452	0	-3.379517	0.6937693	4.225952	-3.138763	
61	1.074701	2.109888	0	-3.613953	1.009086	4.422478	-2.837616	
62	1.074701	1.875452	0	-3.613953	0.5823467	4.190519	-2.540222	
63	1.309129	2.109888	0	-3.379517	-0.2053223	3.978003	-3.166534	
64	1.074701	0.7032942	0	-0.3319092	-0.1870422	4.135715	-4.0354	
65	-0.5663147	1.641023	0	-2.441803	0.5514002	4.682034	-4.067657	
66	0.8402652	1.875451	0	-2.910645	1.418776	5.203129	-3.229736	
67	0.8402652	2.344316	0	-3.613953	1.150608	4.988514	-2.725647	
68	1.543566	2.109887	0	-3.613953	0.1210371	4.615395	-3.619537	
69	1.543566	2.344316	0	-2.910645	-0.04953003	4.656417	-4.495697	
70	1.30913	1.406587	0	-2.441803	0.6850567	5.166303	-4.235443	
71	0.8402653	1.875451	0	-3.848389	1.335291	5.773098	-3.259491	
72	1.074701	1.875451	0	-3.613953	0.7253719	5.335576	-2.849274	
73	1.074701	1.875451	0	-3.848389	0.09130576	5.117879	-3.670624	
74	1.074701	2.109887	0	-3.379517	0.2342565	5.413527	-4.558533	
75	1.074701	0.9377223	0	-2.207367	0.5373394	6.056138	-4.153046	
76	0.1369725	1.641023	0	-2.441803	0.5636175	6.188555	-3.609436	
77	0.6058369	1.875451	0	-3.613953	0.005295157	6.655605	-3.891235	
78	0.8402653	1.875451	0	-3.613953	-0.5354614	7.130736	-4.327057	
79	1.074701	1.875451	0	-3.379517	-0.7996826	7.339608	-4.153046	
80	1.074701	2.109887	0	-3.145081	-1.019501	7.422541	-3.89978	
81	1.074701	0.468858	0	-1.035187	-1.393646	7.589414	-3.704498	
82	-0.09747314	1.406587	0	-2.676208	-1.877136	7.71477	-3.39679	
83	0.8402653	1.875451	0	-3.848389	-2.174408	7.899281	-3.765106	
84	1.074701	1.641023	0	-3.848389	-3.060455	7.792403	-4.02066	
85	1.074701	1.875451	0	-3.145081	-2.905579	7.618582	-4.331421	
86	1.074701	2.109887	0	-3.379517	-2.660248	7.834989	-4.804413	
87	1.074701	0.468858	0	-1.035187	-2.908752	7.929058	-4.816956	
88	-0.09747314	1.641023	0	-2.676208	-3.214508	7.263648	-4.521149	
89	1.074701	1.875451	0	-3.848389	-3.2323	5.819024	-4.020233	
90	0.8402653	2.109888	0	-3.379517	-2.85202	4.224821	-3.262878	
91	0.8402653	2.344316	0	-2.910645	-1.954865	3.028205	-2.507935	
92	1.074701	2.109888	0	-3.613953	-1.031921	2.658786	-2.179962	
93	1.074701	0.7032942	0	-0.8007507	-0.722168	2.454996	-1.706207	
94	-0.09747314	1.875451	0	-3.379517	-0.208374	1.962176	-1.184875	


Angle MV instances
Rotate	
ChildRotate	75.72153	2.109894	5.391937	15.23807	9.846161	5.157501	9.611694	8.439545	11.72162	8.908417	
RotateInverse	
ChildRotateInverse	71.16985	5.626373	3.516487	6.564102	39.85344	24.61536	2.578766	2.813202	2.813202	2.578766	2.34433	2.813202	2.813202	3.282043	3.282043	2.109894	3.047607	2.109894	2.109894	2.34433	2.813202	2.578766	
Docking x	3.38031	
Docking y	70.09937	3.701965	5.170166	7.287201	9.623993	10.83319	11.81076	10.27026	7.673889	4.08344	2.055912	2.39301	
Docking z	17.94761	2.306682	2.600968	3.73788	4.21981	5.543756	4.705092	6.189545	4.397369	
Total MV Amount	545.9564


Angle TRE instances
Rotate	1	
ChildRotate	11	
RotateInverse	1	
ChildRotateInverse	7	
Docking x	1	15	18	
Docking y	9	10	21	66	67	70	90	
Docking z	9	10	18	
Total TRE Count	14


Correct Angles	Rotate	ChildRotate	RotateInverse	ChildRotateInverse	Docking x	Docking y	Docking z
	-9.983528E-26	0	0	2.975899E-25	0	0	0

Angle Error	Rotate	ChildRotate	RotateInverse	ChildRotateInverse	Docking x	Docking y	Docking z
	1.30913	2.109887	0	3.613953	0.08050537	1.779182	0.7528381

Time Taken	Hours	Minutes	Seconds	Milliseconds	Seconds float	Completion time
	0	0	5	575	5.575255	00h:00m:05s:575ms

Final Results	Tester Name	Time of Test	Dock Shape Style	Virtual Device Visible	Time Taken	Shape Precision %	Orientation Precision %	Overall Precision %	Efficiency %	Difficulty	Total MV	Total TRE	
	0	2018-11-13_15:17:48	ZEROING DATA	True	00h:00m:05s:575ms	99.0232	99.53111	99.23448	100	4.415835E-28	545.9564	14	
