
Angles Over Time
Frames	Rotate	ChildRotate	RotateInverse	ChildRotateInverse	Docking x	Docking y	Docking z	
0	-30.80316	-46.65201	0	69.06487	5.544099	-107.0177	-38.30765	
1	-31.74091	-46.65201	0	69.06487	5.664277	-107.353	-37.99951	
2	-32.91306	-46.18314	0	68.83044	5.856842	-107.7468	-38.00946	
3	-33.38193	-46.41757	0	68.83044	6.199612	-108.2247	-38.44351	
4	-33.14749	-46.65201	0	69.06487	6.181377	-108.8501	-38.82431	
5	-32.91306	-46.65201	0	68.596	6.16649	-108.8755	-39.01056	
6	-33.38193	-46.65201	0	68.596	6.696855	-109.0622	-39.46518	
7	-33.38193	-46.65201	0	68.596	7.672609	-108.9076	-40.19965	
8	-33.14749	-46.18314	0	68.596	9.180569	-107.8931	-40.90286	
9	-33.38193	-46.65201	0	68.36157	13.27201	-104.5858	-42.72531	
10	-33.14749	-45.9487	0	67.65828	19.17675	-98.49307	-45.85284	
11	-19.55045	-45.24542	0	61.56304	24.70957	-88.58087	-47.12317	
12	-4.546783	-40.08789	0	45.1528	28.06579	-75.23404	-37.22986	
13	-3.843506	-38.4469	0	18.89642	27.70628	-60.47574	-20.10254	
14	-3.843506	-38.21246	0	0.8451551	25.55335	-49.07452	-4.205353	
15	-3.843506	-33.05493	0	-1.030304	22.13377	-41.12985	2.919695	
16	1.079573	-22.73993	0	-0.09255981	17.46359	-35.90912	3.942127	
17	0.8451367	-15.94141	0	-0.7958679	15.10751	-32.11383	1.703531	
18	1.079573	-13.36267	0	-0.3269958	13.18017	-29.1293	1.076017	
19	0.8451367	-4.923096	0	2.486177	9.408778	-25.77057	0.60334	
20	-0.7958984	-2.34436	0	0.8451551	7.495979	-23.24014	0.8719991	
21	0.141844	-1.641052	0	-0.5614319	7.559951	-21.14206	2.562111	
22	1.079573	-1.17218	0	-0.5614319	4.190419	-19.35175	4.443217	
23	1.782866	-0.9377747	0	-0.5614319	0.2570329	-17.961	5.631697	
24	1.782866	-0.9377747	0	-0.3269958	-1.425629	-16.13748	4.267004	
25	1.548437	-2.578796	0	1.079591	-2.499084	-15.54028	2.922092	
26	0.1418439	-1.641052	0	-0.7958679	-3.695465	-16.06461	2.714941	
27	1.314001	-1.406616	0	-0.3269958	-4.706848	-16.87283	3.170214	
28	1.079573	-1.641052	0	-0.7958679	-5.973389	-19.97751	3.87434	
29	1.079573	0.4688295	0	-0.5614319	-4.513275	-22.56073	3.922769	
30	1.079573	-1.641052	0	0.6107267	-1.693695	-23.82483	3.719304	
31	-0.7958984	-0.4689026	0	1.079591	-0.03469849	-26.29761	3.501899	
32	0.3762799	0.703258	0	-0.3269958	1.905425	-27.67258	2.826766	
33	0.6107084	0.9376938	0	-0.3269958	2.996093	-27.70743	2.106342	
34	1.548437	0.4688295	0	-0.5614319	2.288004	-25.47845	2.383082	
35	1.782866	-4.454254	0	-0.7958679	2.233011	-21.15683	4.099284	
36	1.079573	-6.329712	0	3.658342	1.062131	-16.32498	3.566288	
37	-1.499176	-4.219818	0	-0.7958679	0.119042	-11.04736	1.389887	
38	1.079573	-4.219818	0	-0.7958679	-0.4747925	-6.746918	-0.2585144	
39	1.079573	-4.219818	0	-0.7958679	-0.4951172	-3.248138	-0.9247437	
40	1.314001	-2.813232	0	-0.7958679	-1.010254	-0.8893738	-1.431854	
41	1.782866	-2.34436	0	-0.5614319	-1.025604	0.6739553	-1.65332	
42	0.8451368	-2.578796	0	1.079591	-0.9494934	1.425346	-1.593994	
43	0.141844	-1.641052	0	-0.7958679	-0.5402222	2.096183	-1.570618	
44	1.314001	-1.875488	0	-0.7958679	-0.4649048	3.113119	-1.193298	
45	1.079573	-1.406616	0	-0.5614319	-0.3486023	3.915266	-0.7465515	
46	1.314001	-1.17218	0	-0.5614319	-0.4694214	4.584505	-0.5813904	
47	1.782866	-0.9377747	0	0.1418623	-0.3416748	4.796427	-0.6281738	
48	1.548437	-2.813232	0	0.8451551	-0.09158325	4.938611	-0.8105164	
49	0.1418439	-1.875488	0	-0.7958679	0.1258084	5.325946	-1.094696	
50	1.079573	-1.641052	0	-0.09255981	0.6675327	4.895209	-1.2034	
51	0.8451367	-1.641052	0	-0.5614319	1.254352	3.87144	-1.389099	
52	1.079573	-1.875488	0	-1.030304	1.587033	2.893479	-1.610657	
53	1.079573	-3.985382	0	2.486177	1.862654	1.733304	-1.75351	
54	-1.030304	-2.813232	0	0.8451554	1.765221	1.028722	-1.723511	
55	0.37628	-1.641052	0	-0.7958679	1.736755	1.035808	-2.019928	
56	1.079573	-1.406616	0	-0.7958679	1.60215	1.294287	-2.057526	
57	1.548437	-1.641052	0	-0.3269958	1.640739	1.589535	-2.042694	
58	0.8451366	-1.641052	0	-0.7958679	1.75499	1.806181	-2.147003	
59	0.8451365	-3.750946	0	2.251749	1.972584	1.963556	-2.268768	
60	-1.26474	-1.641052	0	0.8451554	2.085538	2.136245	-2.418762	
61	1.079573	-1.406616	0	-0.7958679	2.161286	2.529777	-2.621368	
62	1.079573	-1.17218	0	-0.3269958	2.262045	2.707959	-2.802521	
63	1.548437	-1.641052	0	-0.7958679	2.182949	2.850743	-2.841522	
64	1.079573	-1.875488	0	-0.7958679	2.19	2.874463	-2.719788	
65	1.079573	-3.750946	0	2.251749	2.035589	3.106772	-2.641327	
66	-0.7958984	-1.641052	0	-0.3269958	1.959906	3.126525	-2.504944	
67	1.079573	-1.641052	0	-0.5614319	1.999933	3.657711	-2.600372	
68	0.8451367	-1.17218	0	-0.5614319	2.000037	3.639464	-2.484009	
69	1.782866	-1.406616	0	-0.3269958	1.96702	3.832773	-2.383789	
70	1.548437	-1.406616	0	-0.7958679	2.064397	4.18369	-2.424225	
71	1.782866	-2.34436	0	1.548456	1.994331	4.310693	-2.327454	
72	-0.09259033	-1.641052	0	-0.7958679	2.011682	4.79073	-2.458344	
73	1.314001	-1.641052	0	-0.3269958	2.012663	5.030822	-2.544708	
74	1.079573	-1.875488	0	-0.3269958	1.979131	5.291539	-2.541443	
75	0.8451367	-1.875488	0	-0.7958679	1.906906	5.277672	-2.391663	
76	1.079573	-3.750946	0	1.31402	1.789919	5.550259	-2.403809	
77	-1.030304	-2.578796	0	0.8451557	1.730374	5.594423	-2.406372	
78	0.1418439	-1.406616	0	-1.030304	1.59403	5.6913	-2.3927	
79	1.079573	-1.641052	0	-0.5614319	1.459256	5.854207	-2.423828	
80	1.782866	-1.875488	0	-0.7958679	1.334069	6.048832	-2.412292	
81	1.079573	-1.875488	0	-0.7958679	1.106514	5.961828	-2.415833	
82	1.079573	-3.750946	0	3.658342	0.9891889	5.896749	-2.547058	
83	-1.499176	-2.34436	0	0.6107275	0.7109379	5.985475	-2.684204	


Angle MV instances
Rotate	30.80316	13.59705	15.00366	4.923079	
ChildRotate	46.65201	5.157532	5.157532	10.315	6.798523	2.578735	8.439575	2.578735	4.923084	2.109894	2.109894	2.109894	2.109894	2.109894	
RotateInverse	
ChildRotateInverse	69.06487	6.095238	16.41024	26.25638	18.05126	2.813173	4.45421	4.45421	4.45421	3.047615	
Docking x	5.544099	4.091436	5.904741	5.532825	3.356218	2.152929	3.419579	4.670185	2.356081	3.771391	3.369533	3.933386	2.81958	
Docking y	107.0177	3.307266	6.092758	9.912201	13.34683	14.7583	11.40121	7.944672	5.220734	3.795288	2.984528	3.358734	2.530426	2.098083	3.104675	2.583221	2.472778	2.228973	4.321625	4.831848	5.277618	4.300446	3.498779	2.358765	
Docking z	38.30765	3.127533	9.893311	17.12732	15.89719	2.238596	2.1764	
Total MV Amount	691.0162


Angle TRE instances
Rotate	13	
ChildRotate	20	36	37	
RotateInverse	1	
ChildRotateInverse	15	
Docking x	23	28	29	
Docking y	40	49	50	73	
Docking z	15	23	24	
Total TRE Count	15


Correct Angles	Rotate	ChildRotate	RotateInverse	ChildRotateInverse	Docking x	Docking y	Docking z
	-1.031691E-22	-1.611493E-43	0	3.071811E-22	0	0	0

Angle Error	Rotate	ChildRotate	RotateInverse	ChildRotateInverse	Docking x	Docking y	Docking z
	0.8451369	1.406616	0	0.5614319	0.4097264	5.98981	2.474518

Time Taken	Hours	Minutes	Seconds	Milliseconds	Seconds float	Completion time
	0	0	4	933	4.932602	00h:00m:04s:933ms

Final Results	Tester Name	Time of Test	Dock Shape Style	Virtual Device Visible	Time Taken	Shape Precision %	Orientation Precision %	Overall Precision %	Efficiency %	Difficulty	Total MV	Total TRE	
	0	2018-11-13_15:08:41	ZEROING DATA	True	00h:00m:04s:933ms	99.60928	98.43253	99.07244	100	4.559446E-25	691.0162	15	
