
Angles Over Time
Frames	Rotate	ChildRotate	RotateInverse	ChildRotateInverse	Docking x	Docking y	Docking z	
0	3.277868	1.172184	0	0.230295	-0.7023315	0.3670472	-0.1808777	
1	1.582972	0.7032928	0	-0.7613525	-0.2415161	0.08433837	-0.1711426	
2	1.817408	0.9377288	0	-1.230225	0.236517	-0.08596802	-0.38974	
3	2.520701	1.172157	0	-0.7613525	0.5360813	-0.1994324	-0.4740906	
4	2.286272	1.172157	0	-0.9957886	0.5167742	-0.07034302	-0.6261597	
5	2.286272	-0.7033081	0	0.4108069	0.7724276	0.3324907	-0.8964539	
6	1.114107	0.4688645	0	-0.5269165	1.171642	1.24933	-1.097137	
7	1.582972	0.2344284	0	-1.230225	1.712572	2.334849	-0.9446411	
8	1.817408	0.4688645	0	-1.230225	2.666605	4.238342	-0.6587524	
9	1.817408	0.4688645	0	-0.9957886	5.838451	6.828851	-1.161469	
10	1.817408	-1.406586	0	1.114107	9.640362	9.979064	-2.572449	
11	-0.2924805	-0.4688721	0	0.6452431	13.11426	11.32101	-1.451416	
12	0.879679	0.4688644	0	-0.9957886	17.47237	10.90974	0.5895961	
13	1.817408	0.7032927	0	-1.230225	22.62408	9.341904	2.162842	
14	2.286272	0.9377288	0	-0.9957886	27.78101	8.55339	3.109521	
15	2.286272	-5.589237E-08	0	-1.230225	30.85696	9.329374	2.610758	
16	1.817408	-1.406586	0	2.989558	31.67709	10.68562	2.733685	
17	0.645243	-2.109894	0	-0.9957886	31.41621	10.78056	2.991137	
18	1.817408	-2.109894	0	-0.9957886	31.29413	10.17882	3.00825	
19	1.817408	-1.406586	0	-0.9957886	31.52185	9.517441	3.624657	
20	2.286273	-1.17218	0	-0.5269165	30.93992	9.399202	4.499427	
21	2.051836	-1.406586	0	-1.230225	30.69473	11.43571	6.509982	
22	2.520701	-2.578766	0	0.6452431	30.21793	18.94599	13.47469	
23	0.8796793	-2.34433	0	-1.230225	31.13877	26.27677	21.83947	
24	1.817408	-1.875458	0	-0.7613525	32.68793	31.02429	28.11217	
25	1.582972	-6.564087	0	-0.7613525	32.58432	32.04764	30.99829	
26	1.582972	-11.72162	0	-0.7613525	33.44753	34.69806	37.00724	
27	1.817408	-15.00363	0	1.8174	34.68066	42.394	46.20725	
28	-0.05804443	-14.06592	0	0.1763787	31.8988	51.54434	54.73139	
29	1.114107	-10.08057	0	-1.230225	26.61307	57.96032	61.66373	
30	2.051836	-6.798523	0	-0.9957886	23.21307	61.47992	68.33555	
31	2.286272	-6.798523	0	-0.7613525	21.43333	63.85438	76.51015	
32	2.286272	-6.564087	0	-0.7613525	20.71215	65.20301	84.70255	
33	2.286272	-7.970703	0	0.1763787	21.12396	66.70602	93.50176	
34	1.348544	-7.032959	0	-0.5269165	21.82598	68.96444	102.6037	
35	1.582972	-7.267395	0	-1.230225	21.6857	72.9247	112.3862	
36	2.051836	-18.52014	0	-0.7613525	20.10643	77.62415	125.3157	
37	1.817408	-33.75821	0	-1.230225	16.36723	81.28675	136.415	
38	2.051836	-41.26004	0	-1.230225	14.56086	81.83818	145.5377	
39	1.582972	-47.82413	0	0.4108071	16.77795	79.6795	153.6546	
40	1.348544	-49.93402	0	-0.7613525	17.66361	79.24131	160.7017	
41	1.817408	-52.51276	0	-1.230225	20.02486	77.10112	166.9122	
42	2.520701	-56.26367	0	-0.5269165	22.13426	75.24686	170.0061	
43	1.582972	-62.12448	0	-1.230225	23.90067	73.35192	173.7217	
44	-0.7613525	-63.06219	0	2.051836	23.75769	73.01408	177.4526	
45	-9.200897	-64.93765	0	-0.05804443	23.54827	74.41289	179.3413	
46	-18.81262	-65.64096	0	-1.230225	25.09952	73.01874	178.423	
47	-21.86023	-66.10983	0	-0.9957886	28.4658	70.94132	171.9194	
48	-27.4866	-66.10983	0	-1.230225	30.53433	67.90839	167.5422	
49	-31.70636	-66.34424	0	-1.230225	30.84011	68.13539	166.5918	
50	-43.66241	-60.95233	0	0.645243	34.69166	71.69709	169.8303	
51	-53.27411	-56.02924	0	-1.230225	38.66631	73.63775	169.8142	
52	-61.71368	-53.21606	0	-1.230225	39.81791	72.69994	170.7959	
53	-63.82355	-52.98163	0	-0.9957886	39.18376	73.50164	172.5213	
54	-64.52686	-51.80948	0	-0.7613525	38.54301	75.50046	175.6443	
55	-64.29242	-49.69958	0	1.8174	38.24867	76.8205	175.6836	
56	-62.88583	-47.12082	0	0.4108067	39.14443	77.72301	174.2308	
57	-63.58914	-43.83878	0	-0.7613525	40.27003	81.80248	170.6463	
58	-64.05798	-44.07321	0	-1.230225	45.02905	87.8155	156.4853	
59	-53.74298	-44.07321	0	23.38514	53.19365	94.77323	136.2357	
60	-19.5159	-44.30765	0	31.59026	61.20234	95.35313	110.2064	
61	-7.325439	-43.60434	0	36.9822	65.64198	93.68457	101.9678	
62	-1.933502	-43.83878	0	40.02982	66.18373	89.38903	93.36594	
63	1.348536	-44.07321	0	45.42175	64.90591	89.98346	90.84584	
64	1.582964	-43.83878	0	42.1397	63.3622	91.704	92.8726	
65	1.348536	-44.07321	0	45.89062	62.34223	91.07108	96.60999	
66	1.348536	-46.65198	0	39.09209	61.26445	87.39079	102.4993	
67	-0.2924805	-49.93402	0	36.04448	58.36242	88.38641	116.9689	
68	0.6452354	-52.04391	0	32.99686	52.948	88.6953	131.3838	
69	1.582964	-52.98163	0	32.99686	47.36166	87.65615	140.0546	
70	1.8174	-52.74719	0	33.93459	41.36858	86.95979	145.2849	
71	2.051829	-56.96698	0	35.10674	34.92564	85.92138	149.2012	
72	2.051829	-62.59335	0	35.34117	29.6091	84.82766	153.593	
73	0.6452354	-67.28198	0	36.2789	25.99841	85.0838	155.3413	
74	1.582964	-67.28198	0	47.53164	24.88032	85.28846	151.2168	
75	1.348536	-66.81311	0	64.41074	25.36274	84.29388	139.8797	
76	1.582964	-65.64096	0	63.94188	25.4376	85.08804	129.6982	
77	1.8174	-63.53107	0	74.96018	25.93287	85.03293	124.4802	
78	-0.5269165	-64.23438	0	79.17995	26.3573	84.58454	126.1699	
79	0.8796715	-64.70325	0	81.75871	27.84571	84.36108	129.9331	
80	1.348536	-65.40652	0	81.0554	28.84569	83.81535	132.3818	
81	2.051829	-65.64096	0	81.28984	28.45938	82.82994	135.0397	
82	2.051829	-65.64096	0	76.13233	26.73061	81.21592	139.658	
83	2.051829	-63.99994	0	68.86495	24.05397	77.49765	145.8346	
84	0.6452354	-64.93768	0	68.16166	23.58049	73.31908	150.6459	
85	1.582964	-64.70325	0	68.63052	24.42675	69.405	153.9315	
86	1.348536	-64.93768	0	67.92723	25.11867	67.7034	155.7227	
87	1.582964	-64.93768	0	65.58291	24.78742	64.5984	156.4606	
88	1.582964	-68.45416	0	39.79539	23.08212	61.82555	160.4262	
89	0.1763709	-72.43951	0	59.48768	21.38576	60.20053	165.106	
90	1.348536	-74.78381	0	52.9236	20.34277	59.0888	166.5512	
91	1.8174	-76.19043	0	46.3595	18.05395	57.73529	167.457	
92	2.051828	-77.59702	0	17.99323	15.94385	55.81476	168.6463	
93	2.286265	-78.06586	0	13.30459	15.05257	55.07221	169.0692	
94	2.051828	-75.95596	0	14.00788	15.30485	54.75322	167.8924	
95	1.1141	-77.12814	0	11.42913	14.55857	53.75815	168.7076	
96	1.8174	-77.12814	0	9.788106	14.3277	52.96965	168.642	
97	1.582964	-76.42484	0	46.3595	14.11841	52.02089	167.1744	
98	1.8174	-76.89371	0	59.72212	13.32848	50.58429	166.1644	
99	1.582964	-74.54941	0	48.70382	12.65939	49.63536	165.3041	
100	0.1763708	-75.48712	0	63.47303	11.79489	48.88307	163.4288	
101	1.348536	-76.89371	0	67.45837	11.49995	47.63162	160.2535	
102	1.8174	-77.83145	0	66.98952	10.82798	47.13125	159.6904	
103	2.051828	-77.83145	0	66.98952	10.88297	46.41208	160.7172	
104	2.286265	-78.06589	0	67.22396	11.21087	45.9978	160.2167	
105	2.051828	-75.25269	0	67.22396	11.05672	45.28928	159.6364	
106	1.348536	-76.6593	0	66.98952	10.62864	44.79902	159.7	
107	1.8174	-76.6593	0	66.98952	10.65256	44.10466	159.0404	
108	1.582964	-76.42487	0	67.22396	11.93514	43.49677	155.9156	
109	1.8174	-76.42487	0	67.45839	12.35323	42.85959	151.4251	
110	2.051828	-74.31497	0	66.7551	13.57136	41.8796	150.1484	
111	0.4108066	-75.25269	0	66.98952	14.98669	41.63834	149.5262	
112	1.582964	-76.42487	0	67.4584	14.88608	42.22802	150.8616	
113	1.8174	-77.83145	0	67.22397	14.29769	42.91492	153.7912	
114	2.286264	-77.83145	0	66.98952	13.39679	43.17896	156.2879	
115	2.286264	-76.42487	0	66.7551	12.49068	43.21631	158.1529	
116	2.051828	-75.48712	0	65.81737	11.79696	43.25634	159.3451	
117	1.1141	-76.42487	0	65.3485	11.40397	43.37322	159.8759	
118	1.8174	-76.6593	0	65.3485	11.08534	42.71355	160.4616	
119	1.8174	-76.6593	0	64.64521	10.998	42.65705	160.916	
120	2.051828	-76.6593	0	64.17635	11.15661	42.66837	161.2653	
121	2.051828	-74.54941	0	63.23862	11.26715	42.68853	161.6278	
122	0.4108067	-75.48715	0	63.00419	11.32035	42.22293	161.9709	


Angle MV instances
Rotate	3.277868	8.439545	9.611725	3.047607	5.626373	4.219757	11.95605	9.611694	8.439575	2.109863	10.315	34.22708	12.19046	5.391937	
ChildRotate	4.688629	5.157532	3.282013	3.985352	3.282043	11.25275	15.23807	7.501831	6.564087	2.109894	2.578735	3.750916	5.860809	5.391907	4.923096	2.813171	2.109894	2.578766	3.282043	2.578766	3.282043	2.109894	4.219788	5.626373	4.688629	2.109894	3.516479	3.985352	2.344299	2.109894	2.344299	2.813202	2.109894	2.109894	
RotateInverse	
ChildRotateInverse	24.61537	8.205122	5.391941	3.047619	5.39193	3.282051	3.750919	6.798531	3.047615	3.047619	11.25274	16.8791	11.01831	4.219772	2.578758	5.157509	7.26738	2.344322	25.78752	19.69229	6.564087	6.564095	28.36627	4.688643	2.578757	36.5714	13.36262	11.0183	14.76921	3.985344	
Docking x	3.171846	3.801911	3.473897	4.358115	5.151711	5.156929	3.075947	2.781857	5.285727	3.400007	3.739202	2.217084	2.36125	2.109398	3.36628	2.068535	3.851551	3.974651	4.759022	8.164597	8.00869	4.439648	2.902023	5.414425	5.586342	5.993073	6.44294	5.316547	3.610689	2.676643	2.288826	2.110093	
Docking y	2.590509	3.150213	2.036507	7.510283	7.330774	4.747524	2.650417	7.695942	9.150341	6.415974	3.519604	2.374462	2.258423	3.960258	4.699455	3.662598	2.158684	2.14019	2.077415	3.032936	3.561699	4.079468	6.013016	6.957733	4.29554	3.68029	3.718269	4.178566	3.914085	3.105003	2.77285	
Docking z	2.010555	6.964706	8.364781	6.272701	2.886114	6.008959	9.200008	8.524139	6.932343	6.671814	8.174606	8.19239	8.799217	9.101921	9.782562	12.92942	11.09934	9.122681	8.116898	7.047134	6.210449	3.093979	3.715515	3.730942	6.503647	4.377151	3.238525	3.123001	3.584488	14.161	20.24965	26.02924	8.23864	8.601845	2.520096	2.026756	3.737389	5.88932	14.46957	14.41494	8.670731	5.230301	3.916306	4.391876	4.124527	11.33708	10.18153	5.218025	3.763229	2.448715	2.657837	4.618286	6.176682	4.811295	3.285583	3.965576	4.679871	3.175323	3.124756	4.49054	2.929611	2.496658	
Total MV Amount	1252.321


Angle TRE instances
Rotate	49	50	
ChildRotate	46	50	73	77	79	83	84	90	110	111	
RotateInverse	1	
ChildRotateInverse	68	71	
Docking x	15	30	46	51	71	74	75	83	86	87	
Docking y	24	27	
Docking z	45	47	54	56	
Total TRE Count	30


Correct Angles	Rotate	ChildRotate	RotateInverse	ChildRotateInverse	Docking x	Docking y	Docking z
	-30	-69.41241	0	30	30	30	180

Angle Error	Rotate	ChildRotate	RotateInverse	ChildRotateInverse	Docking x	Docking y	Docking z
	31.1141	7.246887	0	32.3009	18.76093	11.52258	17.32455

Time Taken	Hours	Minutes	Seconds	Milliseconds	Seconds float	Completion time
	0	0	7	256	7.255631	00h:00m:07s:256ms

Final Results	Tester Name	Time of Test	Dock Shape Style	Virtual Device Visible	Time Taken	Shape Precision %	Orientation Precision %	Overall Precision %	Efficiency %	Difficulty	Total MV	Total TRE	
	0	2018-11-13_15:16:29	Ltd Random	False	00h:00m:07s:256ms	90.18585	94.65794	90.61349	85.72474	0.4104582	1252.321	30	
