
Angles Over Time
Frames	Rotate	ChildRotate	RotateInverse	ChildRotateInverse	Docking x	Docking y	Docking z	
0	-77.1767	-52.98163	0	31.13095	-32.40704	25.42684	-46.1698	
1	-76.94226	-52.98163	0	31.36538	-31.60147	22.88621	-43.78091	
2	-78.34888	-53.68494	0	31.36538	-29.6409	19.79876	-40.37051	
3	-78.34888	-52.98163	0	31.36538	-27.56122	17.09311	-34.65778	
4	-77.64557	-51.57504	0	33.7097	-26.07379	13.76789	-28.0874	
5	-74.59796	-52.98163	0	29.02107	-23.17389	10.67141	-19.55753	
6	-77.41113	-53.21606	0	25.50459	-19.49152	8.38853	-10.25351	
7	-64.28296	-53.68494	0	25.50459	-15.36249	7.380515	-7.031708	
8	-25.13281	-53.4505	0	3.70241	-14.84326	8.210307	-6.789948	
9	0.1858436	-40.32233	0	-0.2829285	-13.42267	8.878682	4.699543	
10	0.1858436	-16.41025	0	0.8892235	-10.34384	11.02466	1.062502	
11	-0.7518921	-7.501831	0	-0.5173645	-9.213654	12.39716	-3.512177	
12	-0.04858398	-4.219788	0	-0.04849243	-7.676971	12.9526	-5.249451	
13	-0.28302	-1.17218	0	-0.2829285	-7.024231	13.60292	-5.451782	
14	-0.04858398	-4.839077E-06	0	-0.04849243	-7.082153	13.30293	-5.78479	
15	-0.04858398	-1.17218	0	1.592524	-7.084564	11.81521	-6.444427	
16	-1.220764	-0.4688721	0	0.4203589	-7.028198	9.907497	-7.147919	
17	-0.28302	-4.909157E-06	0	-0.2829285	-6.874237	8.23974	-7.693878	
18	-0.04858398	0.2344235	0	-0.04849243	-6.950256	7.325642	-7.882996	
19	-0.04858398	-4.909188E-06	0	-0.5173645	-7.036469	6.940313	-8.036346	
20	-0.04858398	-4.909188E-06	0	-0.04849243	-6.63504	6.804885	-8.379181	
21	-0.28302	-1.17218	0	2.061388	-6.408081	6.711325	-8.493988	
22	-1.220764	-0.234436	0	0.6547948	-6.458221	6.754937	-8.580139	
23	-0.5174561	-4.989229E-06	0	-0.04849243	-6.527039	6.441348	-8.523315	
24	-0.28302	0.2344234	0	-0.04849243	-6.69101	6.298526	-8.390015	
25	0.1858435	-4.989229E-06	0	-0.2829285	-6.973633	6.405039	-8.293427	
26	-0.04858398	0.2344234	0	-0.04849243	-6.99176	6.592134	-8.376312	
27	-0.28302	-1.406586	0	1.826952	-7.108276	6.691779	-8.32785	
28	-1.220764	-0.234436	0	0.4203588	-7.096252	6.775386	-8.255249	
29	-0.04858398	-5.01591E-06	0	-0.2829285	-6.947174	6.930665	-8.351746	
30	-0.04858398	0.2344234	0	-0.5173645	-7.005737	7.049059	-8.208038	
31	0.1858435	-5.01591E-06	0	-0.2829285	-7.017761	7.243711	-8.282501	
32	-0.04858398	0.2344234	0	0.1859303	-7.026184	7.326946	-8.46283	
33	-0.04858398	-1.17218	0	2.295817	-6.853638	7.352236	-8.590118	
34	-1.45517	-5.159225E-06	0	0.8892232	-6.739075	7.454268	-8.804565	
35	-0.28302	-5.159225E-06	0	-0.04849243	-6.701294	7.594854	-9.000488	
36	-0.28302	0.4688593	0	-0.2829285	-6.591492	7.682771	-9.011108	
37	0.1858433	0.2344232	0	-0.2829285	-6.762177	7.774941	-8.895599	
38	0.1858433	-5.202672E-06	0	-0.5173645	-6.819275	7.832246	-8.85321	
39	-0.04858398	-0.9377441	0	2.295817	-6.828918	7.856035	-8.851044	
40	-0.5174561	0.2344231	0	-0.04849243	-6.905731	7.943094	-8.787231	
41	-0.04858398	-5.309394E-06	0	-0.04849243	-7.04895	7.96039	-8.732574	
42	-0.04858398	-5.309394E-06	0	-0.2829285	-7.214569	7.97719	-8.690308	
43	-0.04858398	0.4688591	0	-0.2829285	-7.373383	8.074574	-8.683624	
44	-0.04858398	-5.28268E-06	0	-0.2829285	-7.586914	8.151768	-8.649017	
45	0.1858434	-0.4688721	0	0.8892229	-7.596466	8.072906	-8.597809	
46	-0.5174561	-5.28268E-06	0	-0.2829285	-7.661285	8.086197	-8.737366	
47	-0.04858398	-5.28268E-06	0	-0.5173645	-7.806793	8.119571	-8.797119	
48	-0.04858398	-5.28268E-06	0	-0.04849243	-7.709045	8.108582	-8.876831	
49	-0.28302	-5.28268E-06	0	-0.5173645	-7.668915	8.144955	-8.828339	
50	-0.04858398	-1.17218	0	1.123659	-7.60318	8.296468	-8.822021	
51	-1.220764	-0.4688721	0	0.6547944	-7.6922	8.687651	-8.828461	
52	-0.5174561	0.2344231	0	-0.04849243	-7.950287	9.391768	-8.6474	
53	-0.04858398	-5.282714E-06	0	-0.2829285	-8.386627	10.15713	-8.502747	
54	0.1858433	-5.282714E-06	0	-0.2829285	-8.498779	10.21041	-8.522095	
55	-0.04858398	-5.282714E-06	0	-0.2829285	-8.782349	10.34508	-8.637848	
56	-0.04858398	-0.9377441	0	2.061388	-8.722321	10.386	-8.562958	
57	-1.220764	-0.234436	0	0.6547946	-8.758759	10.2661	-8.470734	
58	-0.5174561	0.2344231	0	-0.2829285	-8.930481	10.14814	-8.523193	
59	0.1858432	0.4688591	0	-0.2829285	-9.085571	10.10262	-8.215637	
60	0.1858432	0.4688591	0	-0.2829285	-9.299316	9.543045	-7.931122	
61	-0.04858398	0.2344231	0	-0.2829285	-8.641083	7.247102	-7.317932	
62	0.1858432	-0.4688721	0	0.6547946	-7.621765	4.031327	-6.225708	
63	-0.5174561	-5.361454E-06	0	-0.2829285	-5.342316	0.9875935	-4.109833	
64	-0.28302	-5.361454E-06	0	-0.2829285	-1.348083	0.02232599	-2.751465	
65	-0.28302	-0.234436	0	-0.2829285	2.260829	-0.1528015	-2.376495	
66	-0.04858398	-5.362755E-06	0	-0.2829285	3.667331	-0.7313843	-1.400787	
67	-0.04858398	-1.406586	0	2.061388	4.811908	-1.559753	-0.4815063	
68	-1.220764	-0.4688721	0	0.6547949	4.837859	-1.671021	-0.3151245	
69	-0.28302	-0.234436	0	-0.5173645	3.518344	-1.53894	-0.8123474	
70	-0.04858398	-5.469476E-06	0	-0.04849243	2.864936	-1.660278	-0.9466248	
71	0.1858431	-5.469476E-06	0	-0.2829285	2.283323	-1.692352	-1.261475	
72	-0.04858398	-5.469476E-06	0	0.1859304	1.726617	-1.571564	-1.489197	
73	-0.28302	-1.641022	0	2.530252	1.224277	-1.485901	-1.756042	
74	-1.45517	-0.4688721	0	0.420359	0.4997942	-1.339966	-1.955872	
75	-0.04858398	-5.442761E-06	0	-0.5173645	0.3003401	-1.189606	-2.214294	
76	-0.04858398	0.234423	0	-0.2829285	0.1506329	-1.24057	-2.079987	
77	0.1858432	0.234423	0	-0.2829285	0.1997675	-1.124176	-2.234985	
78	0.1858432	-5.442796E-06	0	-0.5173645	-0.07928467	-0.9464722	-2.326569	
79	-0.04858398	-1.406586	0	2.061388	-0.3394165	-0.785675	-2.312408	


Angle MV instances
Rotate	77.1767	3.047607	2.813171	13.12817	39.15015	25.31866	
ChildRotate	52.98163	13.12817	23.91208	8.908417	3.282043	3.047607	
RotateInverse	
ChildRotateInverse	31.13095	2.344315	4.688629	3.516481	21.80218	3.985338	2.10988	2.109887	2.344309	2.344322	2.109894	
Docking x	32.40704	2.079681	2.899902	3.682373	4.129028	3.078827	2.279449	3.994232	
Docking y	25.42684	2.540632	3.087448	2.705647	3.325218	3.09648	2.282883	2.145983	2.295943	3.215775	3.043733	
Docking z	46.1698	2.388885	3.4104	5.712738	6.570374	8.529877	9.304016	3.221802	11.48949	3.637041	4.574678	2.115875	
Total MV Amount	559.2228


Angle TRE instances
Rotate	10	
ChildRotate	13	
RotateInverse	1	
ChildRotateInverse	9	
Docking x	65	
Docking y	63	
Docking z	10	12	63	
Total TRE Count	8


Correct Angles	Rotate	ChildRotate	RotateInverse	ChildRotateInverse	Docking x	Docking y	Docking z
	-1.410698E-21	-1.611493E-43	0	4.206893E-21	0	0	0

Angle Error	Rotate	ChildRotate	RotateInverse	ChildRotateInverse	Docking x	Docking y	Docking z
	0.7518921	5.442397E-06	0	0.2829285	0.5583801	0.615509	2.422852

Time Taken	Hours	Minutes	Seconds	Milliseconds	Seconds float	Completion time
	0	0	4	691	4.691036	00h:00m:04s:691ms

Final Results	Tester Name	Time of Test	Dock Shape Style	Virtual Device Visible	Time Taken	Shape Precision %	Orientation Precision %	Overall Precision %	Efficiency %	Difficulty	Total MV	Total TRE	
	0	2018-11-13_15:18:14	ZEROING DATA	True	00h:00m:04s:691ms	99.85628	99.43734	99.63242	100	6.241768E-24	559.2228	8	
