
Angles Over Time
Frames	Rotate	ChildRotate	RotateInverse	ChildRotateInverse	Docking x	Docking y	Docking z	
0	-100.3111	-106.6665	0	135.0586	-22.19415	-79.51746	141.247	
1	-98.90451	-107.8387	0	135.7619	-22.11752	-79.33527	140.9354	
2	-99.60779	-108.542	0	136.4652	-22.42105	-77.91968	139.3208	
3	-100.0767	-108.542	0	136.4652	-22.51385	-74.38156	136.1922	
4	-100.5455	-108.7764	0	136.6996	-18.98511	-68.00607	131.6189	
5	-100.78	-108.7764	0	136.6996	-16.67572	-60.11298	121.4605	
6	-100.78	-107.1354	0	135.9964	-14.00427	-56.00037	107.6571	
7	-99.60779	-63.99991	0	136.6996	-10.09723	-50.89737	91.8264	
8	-100.0767	-13.59705	0	136.6996	-7.716858	-43.65497	78.23351	
9	-99.84222	0.2344573	0	136.6996	-8.565063	-42.71552	60.48068	
10	-98.67007	0.2344573	0	136.6996	-4.638184	-42.86279	46.17614	
11	-77.80563	-1.640991	0	135.0586	0.9171355	-41.26849	25.25991	
12	-57.64447	-0.7032776	0	135.9964	2.308473	-36.4783	7.156549	
13	-23.88626	0.2344573	0	136.6996	4.774748	-33.32837	-20.25348	
14	0.494665	0.7033217	0	136.6996	5.588658	-27.79092	-21.08545	
15	1.197966	0.4688933	0	136.2308	2.120525	-20.57251	-19.23746	
16	1.197966	0.7033217	0	136.4652	-0.1849976	-15.04236	-19.48093	
17	1.197966	-0.7032776	0	135.7619	-1.474396	-10.92587	-23.54111	
18	0.02580065	2.880288E-05	0	136.2308	-2.223389	-9.21228	-23.97372	
19	0.494665	2.880288E-05	0	128.7289	-2.433014	-8.588806	-23.38895	
20	0.7291011	2.880288E-05	0	91.21983	-4.900757	-6.789459	-18.86145	
21	0.2602367	2.880288E-05	0	41.05138	-9.430328	-5.531128	-8.701508	
22	0.7291011	-1.406555	0	10.57522	-10.26422	-5.351013	0.4542957	
23	-0.9119263	-0.7032776	0	0.4946508	-6.69632	-3.652832	3.958197	
24	-0.2086182	2.87076E-05	0	-0.6775208	-5.332916	-1.045135	4.91837	
25	0.7291011	0.4688931	0	-0.6775208	-5.175385	-0.2252502	4.084863	
26	1.432394	0.7033215	0	-0.4430847	-3.765961	-0.4127197	4.915543	
27	1.197966	-0.2344055	0	-0.4430847	-0.4030762	0.296898	5.167909	
28	0.7291011	-2.109863	0	2.370109	1.725039	-0.9737244	5.163452	
29	-1.146362	2.872232E-05	0	-0.6775208	4.326918	-3.416138	3.879005	
30	0.7291011	2.872232E-05	0	-0.6775208	6.056341	-6.251312	2.732937	
31	1.197966	0.7033216	0	-0.2086487	5.089555	-8.163696	1.05304	
32	0.9635295	0.4688932	0	-0.4430847	3.50621	-8.339905	0.5072847	
33	0.9635295	0.4688932	0	-0.4430847	3.297607	-8.235596	0.2115719	
34	1.197966	-0.7032776	0	0.2602148	2.892548	-7.355225	-0.1037598	
35	0.02580054	0.234457	0	-0.2086487	1.365238	-5.523315	0.09068395	
36	0.2602366	-0.2344055	0	-0.9119568	0.1012651	-3.27124	0.2860863	
37	0.729101	2.86814E-05	0	-0.6775208	0.3029691	-1.282562	0.1160582	
38	0.729101	2.86814E-05	0	-0.6775208	0.9478448	-0.2620544	-0.07818604	
39	0.729101	-1.406555	0	1.901244	1.362076	0.7506639	-0.3786316	
40	-1.146362	-0.7032776	0	0.7290792	1.66768	0.9268152	-0.3273926	
41	-0.2086182	2.860088E-05	0	-0.4430847	2.122565	0.8916325	-0.2049255	
42	0.4946649	2.860088E-05	0	-0.6775208	2.529638	0.3409012	0.07530606	
43	1.432393	2.860088E-05	0	-0.6775208	2.497926	0.181281	0.1090713	
44	0.7291006	-0.2344055	0	-0.4430847	2.591199	-0.1333618	-0.08145142	


Angle MV instances
Rotate	100.3111	20.86444	20.16116	33.75821	24.38093	
ChildRotate	106.6665	43.1355	50.40286	13.8315	2.109892	
RotateInverse	
ChildRotateInverse	135.0586	7.501831	37.50912	50.16844	30.47616	10.08057	
Docking x	22.19415	3.528748	2.309387	2.671448	3.907043	2.380371	3.92688	5.555319	2.466275	3.468133	2.467743	4.529572	3.567902	3.362885	2.601878	
Docking y	79.51746	3.538116	6.375488	7.893097	4.11261	5.102997	7.242401	4.790192	3.149933	5.537445	7.218414	5.530151	4.116486	2.607697	2.442413	2.835175	2.252075	
Docking z	141.247	3.128525	4.573303	10.15841	13.80344	15.83069	13.5929	17.75283	14.30453	20.91623	18.10336	27.41003	4.060181	4.527496	10.15994	9.155804	3.503901	
Total MV Amount	1241.845


Angle TRE instances
Rotate	15	
ChildRotate	10	
RotateInverse	1	
ChildRotateInverse	24	
Docking x	11	14	15	21	26	30	32	
Docking y	24	30	36	
Docking z	23	27	29	
Total TRE Count	16


Correct Angles	Rotate	ChildRotate	RotateInverse	ChildRotateInverse	Docking x	Docking y	Docking z
	-1.94589E-11	-3.571843E-24	0	2.367514E-11	0	0	0

Angle Error	Rotate	ChildRotate	RotateInverse	ChildRotateInverse	Docking x	Docking y	Docking z
	0.4946645	1.640991	0	2.370109	2.780184	0.2657471	0.1316223

Time Taken	Hours	Minutes	Seconds	Milliseconds	Seconds float	Completion time
	0	0	2	649	2.648551	00h:00m:02s:649ms

Final Results	Tester Name	Time of Test	Dock Shape Style	Virtual Device Visible	Time Taken	Shape Precision %	Orientation Precision %	Overall Precision %	Efficiency %	Difficulty	Total MV	Total TRE	
	0	2018-11-06_14:52:20	ZEROING DATA	True	00h:00m:02s:649ms	99.3742	99.92641	99.39021	100	4.792671E-14	1241.845	16	
