
Angles Over Time
Frames	Rotate	ChildRotate	RotateInverse	ChildRotateInverse	Docking x	Docking y	Docking z	
0	2.214784	2.344327	0	82.85946	42.95918	74.80869	-63.05737	
1	2.44922	1.641026	0	81.68729	42.78088	73.4916	-63.12994	
2	1.511491	2.109891	0	79.34297	42.49017	70.79851	-63.30237	
3	2.214783	2.109891	0	73.7166	42.21579	63.43635	-64.8699	
4	2.214783	2.109891	0	54.49318	40.6207	49.55305	-66.08942	
5	2.44922	2.109891	0	22.61042	36.06839	28.74173	-64.9989	
6	2.44922	1.875462	0	0.8082438	32.42319	7.788217	-63.32068	
7	2.44922	1.875462	0	-1.0672	29.73868	-5.638	-59.36267	
8	1.980356	2.344327	0	-1.770508	32.44746	-12.36258	-54.09079	
9	2.214784	2.109891	0	-1.536072	34.10406	-20.26868	-49.37399	
10	2.214784	1.875463	0	-1.770508	33.03441	-25.91455	-45.75436	
11	2.214784	1.875463	0	-1.770508	31.31989	-29.414	-39.2886	
12	2.214784	1.641027	0	-0.5983276	30.43378	-32.23657	-35.25629	
13	1.745928	1.875463	0	-1.0672	28.79385	-34.95425	-27.71915	
14	1.980356	2.109891	0	-1.536072	28.6429	-41.41318	-24.77136	
15	2.214784	2.109891	0	-1.536072	26.67049	-45.98007	-27.79504	
16	2.449221	1.875463	0	-1.536072	17.88594	-50.02036	-23.6488	
17	2.214784	1.875463	0	-1.770508	11.78078	-53.87891	-18.10876	
18	2.214784	1.641027	0	-0.3639221	11.4839	-57.27356	-14.48697	
19	1.745928	1.875463	0	-0.8327637	10.16938	-60.8616	-6.247314	
20	2.214784	2.109891	0	-1.536072	9.006568	-67.08527	0.1545727	
21	2.214784	2.344327	0	-1.301636	9.792892	-73.68073	7.139872	
22	2.449221	2.344327	0	-1.770508	14.63723	-76.75171	9.710636	
23	2.449221	2.109891	0	-1.536072	15.23139	-80.83359	8.412557	
24	2.214785	1.172162	0	-0.3639221	15.95138	-84.19751	8.203962	
25	1.980356	2.109891	0	-1.301636	14.30499	-85.83746	10.16208	
26	1.980356	2.109891	0	-1.536072	13.06597	-85.98376	14.32175	
27	2.449221	2.344327	0	-1.536072	12.07942	-87.23553	16.57216	
28	2.449221	2.344327	0	-1.536072	12.17478	-88.98499	16.4394	
29	2.449221	2.344327	0	-1.536072	12.11867	-90.51349	15.03675	
30	2.449221	1.875463	0	-1.0672	13.2905	-89.60602	13.61014	
31	1.745928	2.109891	0	-1.536072	13.62081	-89.38715	12.37407	
32	2.214785	1.875463	0	-1.770508	14.75821	-89.0907	11.39655	
33	2.214785	1.875463	0	-1.301636	15.03074	-88.93823	12.90862	
34	1.980356	2.109891	0	-1.536072	14.23989	-89.07721	14.59044	
35	2.214785	1.406599	0	-0.5983276	13.67671	-88.71722	15.56889	
36	1.511492	1.875463	0	-1.0672	14.71547	-86.95007	16.92595	
37	1.745928	1.875463	0	-1.536072	14.75772	-83.16327	19.41409	
38	2.214784	2.344327	0	-1.0672	14.89947	-76.19418	19.90384	
39	2.449221	2.109892	0	-1.536072	10.97435	-66.28827	19.57464	
40	2.449221	1.875463	0	-1.536072	8.018108	-63.91711	16.08975	
41	2.214785	1.406599	0	0.1049509	1.158574	-63.07184	10.93026	
42	1.042628	1.875463	0	-1.0672	-12.86133	-62.9812	4.470973	
43	2.449222	0.7032982	0	0.1049509	-17.77914	-61.35742	3.218661	
44	0.8081999	1.875463	0	-1.301636	-21.25308	-61.03125	0.3030517	
45	2.214786	1.875463	0	-1.0672	-19.98697	-60.52576	-2.625397	
46	1.980357	1.172163	0	-0.8327637	-17.35248	-58.59299	-7.115356	
47	1.511493	-2.109894	0	3.62143	-13.59213	-56.8237	-10.62076	
48	-1.770569	0.2344339	0	1.277108	-8.820801	-58.48145	-13.24249	
49	0.3393355	0.46887	0	0.1049509	-5.624359	-65.36026	-13.14795	
50	0.8081998	0.9377343	0	0.1049509	-3.644745	-71.35904	-11.61487	
51	1.511493	1.172163	0	0.1049509	-0.5099792	-76.02673	-9.3638	
52	1.277064	1.406599	0	-0.1294861	1.966769	-79.8642	-7.347229	
53	1.511493	5.35856E-06	0	1.04268	5.671727	-81.6955	-6.744019	
54	0.1048992	0.9377342	0	0.3393869	9.498525	-82.79688	-6.070099	
55	0.8081996	0.9377342	0	0.1049509	13.42793	-85.02261	-6.01413	
56	0.8081996	0.7032982	0	-0.3639221	14.28791	-85.88806	-7.304077	
57	1.042628	0.9377342	0	-0.5983276	17.02339	-83.13541	-8.148132	
58	1.277064	-0.4688721	0	0.5738154	18.77923	-78.79684	-7.595886	
59	-0.1295166	5.22932E-06	0	0.5738154	17.49297	-75.14447	-7.088867	
60	0.5737637	0.7032981	0	-0.3639221	16.2205	-67.284	-2.564148	
61	1.277064	1.172162	0	-0.3639221	11.70123	-61.75232	2.033014	
62	1.511493	2.813184	0	-2.473785	6.414118	-58.53809	7.211694	
63	2.918086	2.578755	0	-2.473785	1.18695	-56.40402	11.84376	
64	2.918086	2.578755	0	-1.301636	-3.855164	-56.9581	15.86611	
65	2.68365	2.578755	0	-1.770508	-8.62973	-58.31918	21.47605	
66	2.68365	2.578755	0	-2.23938	-9.956024	-61.30859	27.03935	
67	2.918086	2.578755	0	-2.23938	-9.258911	-65.44064	29.89764	
68	2.918086	2.578755	0	-2.473785	-9.039276	-66.72409	28.11201	
69	2.918086	2.578755	0	-2.473785	-7.793243	-68.16156	25.6875	
70	2.918086	2.344327	0	-1.301636	-2.462219	-70.34564	21.82655	
71	2.68365	2.578755	0	-2.004944	2.701975	-75.07071	18.18377	
72	2.449222	2.344327	0	-2.004944	10.10203	-80.15216	14.78141	
73	2.68365	2.578755	0	-2.004944	16.0916	-84.72418	14.19673	
74	2.68365	2.578755	0	-2.004944	18.08455	-88.70435	14.25219	
75	2.68365	2.344327	0	-2.004944	21.73714	-88.09155	13.30839	
76	2.918086	2.344327	0	-1.770508	23.46009	-85.99158	13.95985	
77	2.68365	2.344327	0	-2.23938	24.82847	-82.17563	15.45623	
78	2.68365	2.344327	0	-2.004944	23.43137	-79.70724	17.43438	
79	2.918086	2.344327	0	-2.004944	22.74726	-77.29245	19.48129	
80	2.68365	2.344327	0	-2.23938	23.68056	-72.07993	20.71907	
81	2.68365	2.344327	0	-1.536072	20.8478	-68.10712	21.99745	
82	2.449222	2.344327	0	-1.536072	19.83793	-63.13876	23.41706	
83	2.449222	2.344327	0	-2.23938	15.47095	-61.28735	23.2591	
84	2.68365	2.578755	0	-2.004944	16.73209	-57.71649	18.42476	
85	2.68365	2.344327	0	-2.004944	39.55851	-45.31055	19.44431	
86	2.68365	2.344327	0	-2.004944	64.03339	-14.15662	48.94543	
87	2.68365	1.406598	0	-0.8327637	64.27897	-16.43539	45.49811	
88	1.745929	1.172162	0	9.013368	30.12844	-52.32635	16.74467	
89	1.745929	1.172162	0	9.247796	0.1358428	-62.6463	15.87162	
90	1.277065	2.344327	0	8.07564	-0.8395386	-62.33575	15.66629	
91	2.68365	2.578755	0	7.606776	-3.316254	-62.8916	11.54579	
92	2.918087	2.578755	0	6.200182	-2.324921	-62.54181	11.07904	
93	2.918087	2.813184	0	3.152567	1.961261	-61.46146	11.0412	
94	2.918087	2.578755	0	-2.23938	1.160729	-61.07849	12.53135	
95	2.918087	2.813183	0	-2.23938	-1.210968	-61.83371	15.00465	
96	2.918087	2.813183	0	-2.23938	-3.271423	-63.91336	14.97182	
97	2.918087	2.813183	0	-2.473785	-1.78656	-65.65979	14.9278	
98	2.918087	3.04762	0	-2.23938	1.19455	-66.96591	16.57184	
99	3.152515	2.813183	0	-2.23938	4.380824	-68.16965	17.84973	
100	3.152515	2.813183	0	-2.473785	4.67065	-69.392	16.81451	
101	2.918086	2.813183	0	-2.23938	4.588315	-69.24445	16.28491	
102	2.918086	3.04762	0	-2.23938	6.14656	-68.22919	16.05854	
103	2.918086	2.578755	0	-2.473785	5.126089	-68.12506	16.73885	
104	2.918086	3.047619	0	-2.23938	2.162797	-68.43744	16.11452	
105	3.386951	2.813183	0	-2.23938	0.2173414	-68.66299	15.81211	
106	3.152515	3.047619	0	-2.708221	-1.090576	-69.28363	16.09334	
107	2.918086	2.813183	0	-2.473785	-1.250732	-69.2561	16.18074	
108	3.152515	2.813183	0	-2.473785	-1.198334	-68.95764	15.37435	
109	2.918086	2.813183	0	-2.473785	-1.325287	-68.34317	15.03896	
110	2.918086	2.813183	0	-2.23938	0.04956327	-68.64407	15.33514	
111	3.152514	2.813183	0	-2.23938	0.3845015	-68.68585	15.59155	
112	3.152514	2.813183	0	-2.473816	0.5181597	-65.16843	15.02241	
113	2.918086	2.813183	0	-2.473816	-0.7886963	-56.05563	14.57638	
114	2.918086	2.813183	0	-2.473816	-9.231354	-41.13696	10.40538	
115	3.152514	3.282048	0	-2.23938	-12.5192	-30.38208	6.594884	
116	3.152514	2.813183	0	-2.23938	-11.70291	-22.14011	3.122796	
117	3.152514	3.047619	0	-2.473816	-12.34641	-16.28427	0.8072411	
118	3.152514	2.813183	0	-2.473816	-11.91916	-12.49496	0.08631128	
119	2.918085	2.813183	0	-2.473816	-10.96594	-7.057953	0.5366949	
120	3.152514	2.813183	0	-2.473816	-9.163818	-2.107239	2.297111	
121	2.918085	3.047619	0	-1.770508	-7.457794	1.15968	4.055176	
122	3.152514	2.813183	0	-2.473816	-6.676056	2.271652	5.964113	
123	3.152514	2.813183	0	-2.473816	-7.360077	2.5415	6.35689	
124	3.152514	2.813183	0	-2.473816	-7.389404	2.050133	6.457935	
125	3.152514	2.813183	0	-2.473816	-6.913849	1.870535	6.584767	


Angle MV instances
Rotate	2.214784	
ChildRotate	2.344327	
RotateInverse	
ChildRotateInverse	82.85946	2.344322	5.626373	19.22342	31.88276	21.80218	4.454194	2.344322	2.109863	9.846131	3.047615	
Docking x	42.95918	4.552307	3.645199	2.684517	2.708786	8.78455	6.10516	4.844337	3.925117	2.956244	6.859534	14.0199	4.917816	3.473938	2.634491	3.760345	4.771332	3.196442	3.134766	3.704958	3.826798	3.92941	2.73548	4.519268	5.287117	5.227168	5.042114	4.774567	5.331024	7.400055	5.989573	3.652597	2.832758	4.36698	22.82642	24.47487	34.15054	29.99259	2.476715	2.060455	3.186274	2.963292	8.442657	3.287842	
Docking y	74.80869	2.693092	7.362156	13.8833	20.81132	20.95352	13.42622	6.724579	7.906097	5.645874	3.499451	2.822571	2.717682	6.458923	4.566895	4.040283	3.858551	3.394653	3.588043	6.223663	6.595459	3.070984	4.081879	3.363922	3.786804	6.969086	9.905914	2.371155	6.878815	5.998779	4.667694	3.837463	2.225739	2.752655	4.338562	3.652374	7.860474	5.531677	3.214233	2.134064	2.98941	4.13205	2.184082	4.725067	5.081451	4.572021	3.980164	2.099976	3.815948	2.468384	2.414795	5.212524	3.972809	4.968353	3.570862	12.40594	31.15393	2.278778	35.89096	10.31995	2.079651	3.517426	9.112793	14.91867	10.75488	8.241974	5.855835	3.789307	5.437012	4.950714	
Docking z	63.05737	3.958008	5.271881	4.716797	3.619629	6.465759	4.032318	7.53714	2.947784	3.023682	4.14624	5.540039	3.621796	8.239655	6.401887	6.9853	2.570764	4.159666	2.250413	2.488148	3.484892	5.159487	6.45929	2.915609	2.928448	4.48996	3.505402	2.621735	2.251068	2.016571	4.524719	5.17868	4.63207	4.022346	5.609941	5.563299	2.85829	2.424515	3.86095	3.642775	3.402357	2.046907	4.834347	29.50112	3.447319	28.75344	4.120492	2.473306	4.171001	3.810492	3.472088	2.315555	
Total MV Amount	1369.567


Angle TRE instances
Rotate	1	
ChildRotate	1	
RotateInverse	1	
ChildRotateInverse	7	88	93	
Docking x	50	53	63	65	70	72	89	102	104	114	
Docking y	121	
Docking z	42	46	60	62	116	122	
Total TRE Count	20


Correct Angles	Rotate	ChildRotate	RotateInverse	ChildRotateInverse	Docking x	Docking y	Docking z
	0	0	0	7.819916E-34	0	0	0

Angle Error	Rotate	ChildRotate	RotateInverse	ChildRotateInverse	Docking x	Docking y	Docking z
	2.683649	2.813183	0	2.473816	6.713898	1.456504	6.144568

Time Taken	Hours	Minutes	Seconds	Milliseconds	Seconds float	Completion time
	0	0	7	399	7.398687	00h:00m:07s:399ms

Final Results	Tester Name	Time of Test	Dock Shape Style	Virtual Device Visible	Time Taken	Shape Precision %	Orientation Precision %	Overall Precision %	Efficiency %	Difficulty	Total MV	Total TRE	
	0	2018-11-06_14:52:53	ZEROING DATA	True	00h:00m:07s:399ms	98.89297	98.59239	98.2313	100	8.688795E-37	1369.567	20	
