
Angles Over Time
Frames	Rotate	ChildRotate	RotateInverse	ChildRotateInverse	Docking x	Docking y	Docking z	
0	-1.329742	-1.406586	0	1.717853	0.06535338	-0.5323181	0.1097765	
1	-1.048096	0.9377288	0	-1.516968	0.3694652	-1.059174	-0.2027893	
2	-0.3448181	0.9377288	0	-1.516968	1.075342	-1.539978	-1.172241	
3	-0.5792542	0.7032929	0	-1.282532	2.519554	-1.814972	-1.146973	
4	-0.3448181	0.4688645	0	-1.516968	4.416108	-0.9867859	0.4466442	
5	-0.3448181	-0.4688721	0	0.3584855	6.825305	1.735167	2.887739	
6	-1.98584	0.2344284	0	-0.3448181	20.38444	3.359291	3.49276	
7	-1.048096	0.7032928	0	-1.516968	41.05399	7.136554	5.130503	
8	-0.3448181	1.406593	0	-1.048096	59.79075	13.11474	8.609559	
9	-0.1103821	1.406593	0	-1.282532	78.45364	35.05986	24.85321	
10	0.1240497	1.406593	0	1.53065	81.22296	117.7323	103.7022	
11	-0.1103821	-0.234436	0	3.874964	75.07751	120.6323	104.0141	
12	-1.048096	0.7032928	0	9.501338	73.40856	110.2126	93.87814	
13	-0.3448181	-0.234436	0	22.86396	70.09602	81.18621	64.85755	
14	-0.3448181	0	0	27.08374	58.6565	63.72444	42.64993	
15	-0.3448181	0	0	30.83465	43.34416	57.43835	29.20859	
16	-0.3448181	-1.406586	0	36.69545	26.57592	53.06242	23.1806	
17	-1.751404	-0.9377441	0	42.32183	18.9569	53.94204	19.59159	
18	-1.048096	-1.575439E-07	0	41.85296	20.01853	56.36291	21.63929	
19	-0.8136902	0.4688643	0	25.20829	19.52056	59.43046	26.00201	
20	0.3584857	0.4688643	0	-1.048096	16.9133	65.41127	31.39231	
21	0.1240497	0.7032926	0	-1.048096	9.132042	69.45238	32.5546	
22	0.3584857	-0.7033081	0	-0.3447876	4.707144	74.62954	32.08321	
23	-0.8136902	0.2344281	0	-1.516968	4.316521	82.62614	34.25355	
24	-0.1103821	-4.68866	0	-1.516968	3.414717	90.09537	38.3078	
25	-0.1103821	-45.4798	0	-1.282532	-2.492645	96.3667	48.35233	
26	-0.3448181	-59.07687	0	-1.048096	-12.67972	102.591	49.30892	
27	-0.3448181	-55.09152	0	1.061794	-24.04044	108.8154	48.86839	
28	-1.516968	-6.329681	0	11.61123	-30.38181	112.8876	48.06694	
29	-0.8136902	1.64102	0	14.65885	-36.6586	123.7922	41.95208	
30	1.061779	2.34432	0	15.12771	-40.22006	142.3328	32.36979	
31	1.530643	2.109884	0	15.831	-42.36603	154.3678	24.8923	
32	1.296215	2.109884	0	16.76873	-45.19675	162.7602	21.21737	
33	1.530643	0.4688625	0	21.22294	-48.37308	168.929	17.94848	
34	0.3584855	1.64102	0	24.505	-50.54089	172.8013	17.99113	
35	0.82735	1.406591	0	27.55261	-51.41364	175.1285	17.88747	
36	1.061778	1.172155	0	27.55261	-51.60706	176.683	16.39618	
37	0.82735	1.406591	0	27.08374	-53.26636	173.6047	18.97113	
38	1.061778	-2.111397E-06	0	25.44272	-53.4888	171.7493	25.3233	
39	-0.5792542	0.7032907	0	24.97386	-55.06653	178.0204	21.45849	
40	0.1240496	1.406591	0	25.67715	-55.02429	-171.3666	9.61838	
41	1.061779	1.641019	0	48.18263	-56.81879	-162.8448	-3.144745	
42	1.530643	2.34432	0	37.63319	-57.82605	-157.2317	-20.54153	
43	1.530643	2.109884	0	81.00311	-56.43506	-154.3564	-29.23227	
44	1.530643	0.7032905	0	87.56721	-54.81387	-157.9244	-25.85294	
45	0.3584856	-6.564087	0	98.11665	-55.76999	-161.7575	-18.00189	
46	0.82735	-25.31866	0	108.4317	-53.79691	-163.9311	-12.39136	
47	1.061779	-41.72888	0	111.7137	-52.73621	-163.833	-7.363373	
48	1.061779	-63.29663	0	111.7137	-52.22159	-163.8702	-4.317871	
49	0.5929142	-95.88269	0	110.776	-52.46344	-164.6225	1.591936	
50	-0.5792542	-119.0915	0	113.8236	-46.68591	-160.1683	4.717513	
51	0.3584857	-119.5603	0	134.9225	-42.539	-158.3994	5.087149	
52	1.061779	-120.498	0	135.6258	-46.74698	-158.4234	5.626245	
53	1.296215	-120.498	0	135.8602	-50.85666	-157.5058	3.232369	
54	1.296215	-121.6702	0	137.0324	-57.3046	-161.6181	2.547035	
55	-0.1103821	-128.2343	0	136.7979	-64.64597	-163.1352	7.870086	
56	-3.15799	-136.4394	0	137.5012	-68.80225	-159.6144	9.474776	
57	-5.267883	-140.4248	0	137.5012	-73.77179	-149.8423	7.189729	
58	-12.53528	-142.0658	0	137.5012	-74.32385	-139.4045	-0.7120361	
59	-12.76971	-142.3002	0	137.9701	-74.57608	-145.0902	2.407952	
60	-12.76971	-143.2379	0	136.5635	-78.80597	-162.3285	14.76702	
61	-13.70743	-147.9266	0	137.9701	-83.39044	163.8074	44.02976	
62	-9.487671	-149.0987	0	139.1422	-81.96436	144.9395	58.76038	
63	-2.454712	-150.2709	0	138.9078	-83.17926	139.6954	62.58831	
64	-1.98584	-150.5053	0	138.6734	-85.07922	116.3701	84.96625	
65	-1.98584	-150.7398	0	138.9078	-86.22479	87.07591	113.5955	
66	-1.98584	-147.9266	0	138.4389	-85.16086	52.15297	149.2065	
67	-3.15799	-150.0365	0	139.1422	-85.38589	45.0782	158.5417	
68	-2.689117	-149.5676	0	139.1422	-85.57495	48.05172	157.2534	
69	-2.454712	-150.5053	0	138.9078	-87.37488	77.56367	129.8655	
70	-2.689117	-150.9742	0	138.9078	-87.6319	157.4112	52.63819	
71	-2.923553	-148.8643	0	137.2668	-84.31549	-146.6769	0.2289704	
72	-4.095734	-150.5053	0	138.2045	-80.03192	-143.4862	-0.0874939	
73	-2.923553	-151.4431	0	139.3767	-75.76471	-150.6827	7.781051	
74	-2.454712	-151.9119	0	138.9078	-70.89944	-152.1933	9.328863	
75	-1.98584	-152.6152	0	138.9078	-64.68375	-149.9693	6.220771	
76	-2.220276	-152.6152	0	138.9078	-63.88953	-147.4365	2.206885	
77	-2.220276	-150.0365	0	138.6734	-63.67651	-146.9136	-0.684845	
78	-3.15799	-151.6775	0	139.6111	-64.18851	-149.4713	-2.471283	
79	-2.454712	-151.4431	0	140.7833	-65.90448	-153.4392	-3.506836	
80	-2.220276	-151.6775	0	140.5488	-66.27808	-156.8717	-2.708527	
81	-2.689117	-151.6775	0	140.5488	-66.27948	-159.7117	-1.896088	
82	-2.689117	-148.8643	0	138.6734	-67.51794	-161.5059	-1.550537	
83	-3.861298	-150.2709	0	140.3144	-67.98035	-163.2031	-0.535675	
84	-2.923553	-151.4431	0	141.0177	-68.80469	-163.3766	0.3345796	
85	-2.220276	-151.6775	0	140.7833	-68.72479	-163.8055	1.598736	
86	-2.689117	-151.4431	0	141.0177	-69.09119	-163.7581	2.177424	
87	-2.220276	-151.6775	0	141.0177	-69.14133	-163.9375	3.217465	


Angle MV instances
Rotate	3.047607	2.109894	7.267395	4.219757	7.032959	
ChildRotate	4.923088	40.79114	13.59708	3.985352	48.76184	7.970701	7.267377	18.75458	16.41022	21.56775	32.58606	23.20877	6.564102	8.205124	3.985352	4.688644	2.813171	2.109879	2.109879	2.578751	2.813171	
RotateInverse	
ChildRotateInverse	2.344314	5.626373	13.36263	4.219774	3.750916	5.860792	5.626381	16.64468	26.25638	10.54944	3.047614	4.454212	3.282053	3.047615	22.50548	10.54945	43.36992	6.564102	10.54945	10.31501	3.282043	3.047615	21.09889	
Docking x	2.409197	13.55914	20.66955	18.73676	18.66289	2.769318	6.145447	3.312538	11.43953	15.31234	16.76825	7.619013	2.607262	7.781254	4.424898	10.18707	11.36072	6.34137	6.276794	3.561462	2.145966	2.830719	3.176331	2.167816	5.777527	4.146912	4.207977	4.10968	6.447937	7.34137	4.156281	4.969543	4.229889	4.584473	3.316406	4.283569	4.267212	4.865265	6.215698	
Docking y	3.777264	5.978183	21.94512	82.67242	2.900063	10.41972	29.02641	17.46177	6.286091	4.375931	2.420876	3.067551	5.980808	4.041115	5.177155	7.996605	7.469223	6.271332	6.224297	6.224373	4.072235	10.90463	18.5406	12.03491	8.39241	6.168839	3.872314	2.327148	3.078293	6.271072	349.387	8.521835	5.613083	2.87532	3.568054	3.833054	2.173645	4.454163	4.11232	3.520798	9.77211	10.43776	5.685669	17.23836	18.86795	5.244049	23.3253	29.29419	34.92294	7.074776	2.973526	29.51194	79.84757	304.0882	3.190735	7.196472	2.223984	2.532761	2.557693	3.967972	3.43251	2.839966	
Docking z	2.441095	3.479056	16.24365	78.84902	10.13594	29.02059	22.20762	13.44134	6.027988	3.589014	2.047701	4.36272	5.390305	2.170345	4.054245	10.04453	6.114861	9.582291	7.477497	3.674925	3.268887	2.574942	6.352177	3.864815	11.84011	12.76312	17.39679	8.690735	3.379333	7.851044	5.610535	5.027985	3.045502	5.909807	3.125577	2.393876	5.32305	2.285048	7.901765	12.35907	29.26274	14.73061	3.827934	22.37794	28.62923	35.61105	9.335129	27.38791	77.22732	52.40922	7.868545	3.108092	4.013886	
Total MV Amount	2808.684


Angle TRE instances
Rotate	1	57	63	
ChildRotate	62	
RotateInverse	1	
ChildRotateInverse	
Docking x	61	73	
Docking y	
Docking z	16	20	31	33	37	40	
Total TRE Count	11


Correct Angles	Rotate	ChildRotate	RotateInverse	ChildRotateInverse	Docking x	Docking y	Docking z
	-4.771116E-22	-150	0	150	-83.08148	-172.0128	23.16656

Angle Error	Rotate	ChildRotate	RotateInverse	ChildRotateInverse	Docking x	Docking y	Docking z
	2.454712	2.07341	0	11.09219	13.92822	8.101471	19.7245

Time Taken	Hours	Minutes	Seconds	Milliseconds	Seconds float	Completion time
	0	0	5	196	5.195931	00h:00m:05s:196ms

Final Results	Tester Name	Time of Test	Dock Shape Style	Virtual Device Visible	Time Taken	Shape Precision %	Orientation Precision %	Overall Precision %	Efficiency %	Difficulty	Total MV	Total TRE	
	0	2018-11-06_14:52:06	Presets_dockPreset_1	True	00h:00m:05s:196ms	97.83051	94.84704	95.44646	75.40286	0.642512	2808.684	11	
