
Angles Over Time
Frames	Rotate	ChildRotate	RotateInverse	ChildRotateInverse	Docking x	Docking y	Docking z	
0	-0.1661377	0.4689083	0	-0.8693542	-0.2388	-0.0796814	0.02105854	
1	0.4481302	-0.234436	0	0.2137018	-0.06939697	0.04231258	-0.06652832	
2	0.2137018	-0.234436	0	0.2137018	-0.03100586	0.05243667	-0.2185669	
3	0.2137018	-0.234436	0	-0.02072144	-0.0008591493	0.3063952	-0.3877869	
4	0.2137018	-0.4688721	0	0.4481378	0.06332149	0.9473335	-0.6543274	
5	-0.02072144	-5.336041E-08	0	0.2137018	2.278703	3.60113	-2.172913	
6	-0.02072144	-0.234436	0	-0.02072144	7.693348	9.406984	-4.595276	
7	0.2137018	-5.336074E-08	0	0.2137018	17.85456	17.31415	-5.815735	
8	-0.02072144	-5.336074E-08	0	11.23201	31.32899	27.30162	-5.464722	
9	-5.178223	-5.336074E-08	0	25.76679	44.19886	31.99932	-10.74268	
10	-18.54086	-0.234436	0	38.89499	56.25535	34.26328	-19.83801	
11	-18.54086	-5.336074E-08	0	38.42612	61.88618	35.18482	-23.95944	
12	-18.30643	-0.4688721	0	22.01589	59.8843	38.0816	-17.85855	
13	-18.30643	-1.17215	0	5.840082	60.97307	36.62396	-12.98358	
14	-16.43097	-5.860809	0	-0.02072144	70.30625	24.19329	-18.31451	
15	-15.02438	-11.72162	0	-0.02072144	76.57334	2.191777	-36.47397	
16	-7.756989	-15.70694	0	0.448144	78.21735	-5.998627	-43.67737	
17	-4.006073	-17.34796	0	0.448144	81.6417	-24.23492	-60.61734	
18	-1.427307	-19.92673	0	-0.02072144	82.68681	-73.85553	-109.6687	
19	-0.9584656	-30.24173	0	0.213708	79.61492	-101.2091	-136.4062	
20	-0.9584656	-34.46152	0	0.213708	76.28526	-110.8965	-146.8174	
21	-1.192902	-34.46152	0	0.9170086	76.2317	-105.9789	-144.5863	
22	-1.427307	-34.22708	0	0.4481442	75.93317	-98.85208	-141.7933	
23	-1.192902	-34.22708	0	4.433488	74.85852	-96.07962	-144.3409	
24	-0.7240295	-34.22708	0	9.825424	75.22104	-92.29855	-145.0818	
25	-0.4895935	-32.58606	0	11.93531	75.68866	-90.54037	-147.3561	
26	-0.2551575	-30.7106	0	12.16974	76.82893	-87.2645	-146.546	
27	-0.2551575	-30.94504	0	12.16974	77.35229	-85.92313	-146.3636	
28	-0.7240295	-30.7106	0	12.16974	77.51495	-84.55338	-145.7355	
29	-0.4895935	-30.47617	0	11.93531	77.6881	-82.95319	-144.9324	
30	-0.4895935	-30.47617	0	11.93531	77.45033	-81.51163	-144.3111	
31	-0.4895935	-30.47617	0	12.16974	77.19479	-80.36945	-144.1354	
32	-0.2551575	-29.06958	0	12.16974	76.59357	-78.97092	-145.1585	
33	-0.2551575	-29.06958	0	12.40418	76.20663	-79.60861	-147.1328	
34	-0.7240295	-29.06958	0	12.16974	76.46803	-80.79224	-148.8754	
35	-0.4895935	-33.52377	0	13.57634	77.67962	-79.74915	-146.2002	
36	-0.4895935	-42.43219	0	19.67156	79.31425	-79.42444	-143.4615	
37	-0.4895935	-49.46515	0	24.36021	80.39153	-79.06354	-141.4498	
38	-0.4895935	-51.57504	0	29.51771	81.6802	-63.41342	-124.6651	
39	-0.7240295	-51.34061	0	33.73749	81.77085	-53.03632	-115.1677	
40	-0.7240295	-51.57504	0	36.55067	81.30453	-36.50714	-99.85895	
41	-0.4895935	-51.34061	0	41.23932	80.20227	-25.72076	-90.07379	
42	-0.4895935	-52.98163	0	41.94261	78.70098	-10.82492	-75.68005	
43	-0.4895935	-53.21606	0	41.94261	77.19559	2.00902	-63.33032	
44	-0.2551575	-54.38824	0	43.11477	75.0742	8.659203	-57.94708	
45	-0.7240295	-55.56039	0	42.64592	73.19668	13.76282	-53.62604	
46	-0.4895935	-57.20142	0	43.58364	71.00649	14.02198	-54.35138	
47	-0.4895935	-57.67029	0	44.0525	69.43908	16.82849	-52.1268	
48	-0.4895935	-58.37357	0	46.86568	68.71348	18.24152	-51.42798	
49	-0.4895935	-60.48346	0	47.33455	68.23875	20.02437	-49.57501	
50	-0.7240295	-62.35892	0	51.08546	67.12173	23.46948	-45.92508	
51	-0.4895935	-67.28198	0	55.7741	64.49618	27.5426	-42.25104	
52	-0.4895935	-67.51642	0	67.4957	59.45159	30.84221	-41.45599	
53	-0.4895935	-67.75085	0	97.97186	54.57253	31.0484	-46.38226	
54	-0.2551575	-67.51642	0	125.6348	51.18917	27.42862	-54.13745	
55	-0.02072144	-69.15744	0	133.6055	49.24745	29.88774	-53.43802	
56	-0.4895935	-86.73984	0	133.84	46.83063	35.89915	-44.6098	
57	-0.2551575	-105.26	0	133.84	43.63411	43.53371	-29.57022	
58	-0.2551575	-118.1537	0	134.0744	43.20175	47.5957	-18.93195	
59	-0.2551575	-119.5603	0	140.1696	43.41642	50.93644	-12.18753	
60	-0.2551575	-120.7325	0	141.3418	43.02921	53.7755	-8.599487	
61	-0.9584656	-123.0768	0	145.0927	42.0125	53.90017	-14.09451	
62	-0.4895935	-125.89	0	145.5616	42.46071	59.64392	-10.97122	
63	-9.39801	-126.1244	0	145.5616	44.70873	69.59479	-1.637756	
64	-29.79361	-126.5933	0	145.796	45.49184	82.38528	8.282248	
65	-41.04633	-131.2819	0	146.0304	41.24374	100.2682	18.29348	
66	-44.79724	-133.6262	0	145.5616	38.62976	104.8915	18.49591	
67	-44.79724	-143.7068	0	145.796	40.11058	108.7368	18.0105	
68	-40.81189	-148.6299	0	145.796	45.27361	115.17	4.498168	
69	-21.11963	-154.9595	0	145.796	48.60897	120.6584	6.025834	
70	-19.47858	-157.0694	0	145.796	46.79518	122.6965	3.364625	
71	-19.47858	-157.0694	0	145.5616	41.70763	127.5497	1.664851	
72	-19.24414	-157.5383	0	145.5616	42.2991	136.9673	2.739386	
73	-19.24414	-157.7727	0	145.796	44.9212	141.6725	4.665566	
74	-8.694702	-158.0072	0	145.5616	46.53741	140.3649	-6.971924	
75	-2.599487	-158.0072	0	145.796	51.66513	143.1842	-16.06329	
76	-2.599487	-158.0072	0	145.796	60.84142	146.5119	-23.379	
77	-2.599487	-157.3039	0	145.5616	68.17347	152.2767	-20.06406	
78	-3.068359	-157.7727	0	145.5616	73.63023	153.0558	-23.87894	
79	-10.8046	-157.5383	0	145.796	76.85029	-169.0423	10.38155	
80	-19.00974	-157.7727	0	145.796	73.47063	-159.2594	6.652608	
81	-13.8522	-157.7727	0	145.5616	77.65322	-168.1934	-27.24765	
82	-2.833923	-157.3039	0	145.5616	75.0291	-154.9717	-16.52542	
83	-2.833923	-157.5383	0	145.3271	68.96259	-141.0875	-0.4889526	
84	-3.068359	-157.7727	0	145.796	55.02671	-131.9657	8.357984	
85	-2.599487	-157.7727	0	145.796	48.33875	-120.3665	13.01966	
86	-2.833923	-158.0072	0	145.796	51.09875	-112.1503	15.52954	
87	-2.599487	-158.0072	0	145.796	50.18874	-103.9655	20.09491	
88	-2.365051	-157.3039	0	145.796	45.64841	-97.22864	24.00775	
89	-2.599487	-157.5383	0	146.4993	42.34924	-93.23981	26.28453	
90	-2.130615	-156.3661	0	146.7337	38.43627	-88.6897	25.89306	
91	-1.896179	-150.9742	0	146.7337	32.56577	-83.15335	25.03253	
92	-1.896179	-147.9266	0	146.7337	27.76946	-76.25693	24.39032	
93	-1.896179	-147.9266	0	146.4993	21.78602	-73.36868	24.53917	
94	-1.896179	-147.9266	0	146.7337	18.8151	-74.03247	26.56104	
95	-1.896179	-148.161	0	147.437	17.45721	-74.25787	27.42187	
96	-1.896179	-148.161	0	148.1403	17.32902	-73.59564	28.62922	
97	-1.661774	-148.161	0	148.1403	15.63034	-71.32513	29.0319	
98	-1.427338	-148.161	0	147.9059	13.93191	-68.92267	29.0923	
99	-1.427338	-147.9266	0	147.9059	14.08747	-66.93747	28.66829	
100	-1.661774	-148.161	0	148.1403	15.15182	-65.51636	27.49589	
101	-1.427338	-148.161	0	148.3748	15.30553	-65.07706	26.24557	
102	-1.427338	-147.9266	0	148.3748	14.5778	-64.9487	25.38254	
103	-1.427338	-147.9266	0	148.3748	15.35316	-65.39801	24.49808	
104	-1.427338	-147.6922	0	148.1403	15.98737	-65.76865	23.52311	
105	-1.661774	-147.6922	0	148.1403	15.94008	-66.08414	22.91619	
106	-1.661774	-147.9266	0	148.1403	16.10072	-66.02103	22.67673	
107	-1.661774	-148.161	0	148.1403	16.41931	-66.05673	22.25019	
108	-1.427338	-148.161	0	148.3748	16.60534	-65.93359	22.12812	
109	-1.427338	-147.9266	0	148.1403	16.62321	-65.57547	21.86411	
110	-1.427338	-147.2233	0	147.9059	16.65141	-65.43567	21.58924	


Angle MV instances
Rotate	5.157501	13.36264	7.267395	3.750916	2.578766	8.908417	20.3956	11.25272	3.750916	3.985352	19.69226	10.54944	6.095215	7.736237	8.205139	5.157532	11.01828	
ChildRotate	4.68866	5.860809	3.985321	2.578766	10.315	4.219788	4.454193	8.908417	7.032959	2.109894	2.109894	4.923065	17.5824	18.52014	12.89377	2.344315	2.813187	4.688629	2.344315	10.08058	4.92308	6.329651	2.109894	5.391953	3.047607	
RotateInverse	
ChildRotateInverse	11.01831	14.53478	13.12819	16.41023	16.1758	5.860803	3.985344	5.391936	2.109888	6.095228	4.688646	5.157501	4.219776	2.813179	4.688648	2.813187	3.750919	4.688637	11.7216	30.47615	27.66297	7.970703	6.09523	3.750916	
Docking x	2.215382	5.414645	10.16121	13.47443	12.86987	12.05649	5.630833	2.001877	9.333179	6.26709	3.424347	3.071884	3.329659	2.121391	2.190186	2.625557	5.044586	4.879063	3.383358	2.416824	3.196522	2.248016	4.2481	2.613979	5.163036	3.335361	5.087551	2.622108	5.127724	9.176285	7.33205	5.456764	3.220055	3.379654	4.182587	2.624123	6.066505	13.93588	6.687965	2.760002	4.540329	3.299168	3.912971	5.870502	4.796309	5.98344	2.970917	
Docking y	2.653796	5.805855	7.907169	9.987467	4.697704	2.263958	2.896774	12.43067	22.00151	8.190404	18.2363	49.62061	27.35358	9.687393	4.917557	7.126862	2.772461	3.781067	3.275879	15.65012	10.37711	16.52917	10.78638	14.89584	12.83394	6.650183	5.103613	2.806504	3.445108	4.073114	3.299612	3.619772	2.459114	6.01141	7.634567	4.061989	3.34074	2.839054	5.743755	9.950863	12.79049	17.8829	4.623329	3.845253	6.433205	5.488411	2.038116	4.853188	9.417618	4.705231	2.81929	3.327621	5.764816	322.0981	9.782883	8.93399	13.22171	13.88417	9.12178	11.59918	8.216293	8.184738	6.736877	3.988831	4.55011	5.536346	6.896423	2.888245	2.270508	2.402466	
Docking z	2.422363	5.277954	9.095337	4.121429	6.100891	4.874969	5.330933	18.15945	7.2034	16.93997	49.05138	26.7375	10.41116	2.231079	2.792984	2.547607	2.274246	2.675171	2.738663	2.011719	16.78471	9.497375	15.30878	9.785156	14.39374	12.34973	5.38324	4.321045	2.224579	3.649933	3.674042	4.92627	7.755188	8.828217	15.03958	10.63828	6.744415	3.588043	5.495026	3.123291	9.333466	9.920004	10.01123	13.51233	2.66121	11.63749	9.09137	7.315704	3.314941	3.81488	34.26048	3.728938	33.90026	10.72223	16.03647	8.846936	4.66168	2.509874	4.565375	3.91284	2.276781	2.02187	
Total MV Amount	2196.665


Angle TRE instances
Rotate	1	9	17	63	75	79	82	
ChildRotate	69	70	91	
RotateInverse	1	
ChildRotateInverse	62	
Docking x	55	66	68	75	85	86	87	90	
Docking y	21	22	87	88	
Docking z	1	5	64	65	68	74	80	81	83	85	
Total TRE Count	31


Correct Angles	Rotate	ChildRotate	RotateInverse	ChildRotateInverse	Docking x	Docking y	Docking z
	-5.72489E-39	-150	0	150	45.48524	-104.9492	3.390384

Angle Error	Rotate	ChildRotate	RotateInverse	ChildRotateInverse	Docking x	Docking y	Docking z
	2.130615	1.838974	0	1.85968	28.71603	39.80453	18.12097

Time Taken	Hours	Minutes	Seconds	Milliseconds	Seconds float	Completion time
	0	0	6	542	6.542319	00h:00m:06s:542ms

Final Results	Tester Name	Time of Test	Dock Shape Style	Virtual Device Visible	Time Taken	Shape Precision %	Orientation Precision %	Overall Precision %	Efficiency %	Difficulty	Total MV	Total TRE	
	0	2018-11-06_14:45:26	Presets_dockPreset_1	False	00h:00m:06s:542ms	99.19038	89.27306	92.66105	78.06061	0.5042498	2196.665	31	
