
Angles Over Time
Frames	Rotate	ChildRotate	RotateInverse	ChildRotateInverse	Docking x	Docking y	Docking z	
0	-100.9375	-31.88275	0	-0.8350525	30.49164	112.0137	166.5362	
1	-100.9375	-31.88275	0	-1.069489	30.63987	111.7898	166.1609	
2	-100.9375	-31.88275	0	-1.069489	30.67375	111.8181	166.2397	
3	-100.9375	-31.88275	0	-0.8350525	30.48864	111.9586	166.4586	
4	-100.7031	-31.64832	0	-1.069489	30.28873	112.0749	166.5288	
5	-100.9375	-31.41388	0	-0.8350525	30.23322	112.0847	166.4523	
6	-100.9375	-31.17947	0	-1.069489	30.50249	111.9373	165.5382	
7	-100.7031	-29.77289	0	-0.8350525	32.62152	110.5038	160.2285	
8	-100.7031	-22.27106	0	-0.6006165	37.80736	105.9137	147.4192	
9	-92.49796	-18.98901	0	-0.8350525	46.6114	93.51684	119.9148	
10	-66.94489	-18.52014	0	-0.8350525	53.70523	70.34016	75.74057	
11	-30.84235	-17.34799	0	-0.8350525	51.23844	40.38357	29.58638	
12	-4.585938	-0.4688721	0	-1.069489	34.31794	20.25161	1.484404	
13	-0.6006165	-0.234436	0	-1.069489	12.70323	18.65317	-5.635498	
14	-0.6006165	-0.4688721	0	-0.6006165	3.319064	20.12728	-7.950104	
15	-0.8350525	-0.234436	0	-0.6006165	-0.9790344	19.83282	-6.280792	
16	-0.6006165	-1.379375E-05	0	-1.069489	-4.837616	17.33794	-3.863922	
17	-0.3661804	0.2344146	0	-1.069489	-8.232605	14.56496	-1.561951	
18	0.1026836	-1.379375E-05	0	-0.8350525	-9.22525	11.27984	0.0891237	
19	0.1026836	-1.379375E-05	0	-0.8350525	-7.446991	8.231183	-0.5845032	
20	0.1026836	-0.234436	0	-0.6006165	-5.874207	5.890676	-1.651459	
21	-0.1317444	-1.379375E-05	0	-0.8350525	-4.678253	4.678218	-1.413666	
22	-0.1317444	-1.379375E-05	0	-1.069489	-3.627167	4.077194	-1.106628	
23	-0.1317444	-1.379375E-05	0	-0.8350525	-2.554901	3.081827	-1.312988	
24	0.1026836	-1.379375E-05	0	-0.8350525	-2.179108	1.945173	-1.733917	
25	-0.1317444	-0.234436	0	-0.3661804	-1.424652	1.290539	-1.907349	
26	-0.3661804	-0.234436	0	-0.6006165	-1.791595	1.372	-1.769287	


Angle MV instances
Rotate	100.9375	8.205109	25.55307	36.10254	26.25641	3.985321	
ChildRotate	31.88275	7.501831	3.282043	16.87912	
RotateInverse	
ChildRotateInverse	
Docking x	30.49164	2.11903	5.185837	8.804047	7.093826	2.466793	16.9205	21.6147	9.38417	4.298099	3.858582	3.394989	
Docking y	112.0137	4.590034	12.39689	23.17667	29.9566	20.13196	2.494879	2.772985	3.285114	3.048659	2.340508	
Docking z	166.5362	5.309647	12.80936	27.50439	44.17421	46.15419	28.10198	7.119903	2.314606	2.41687	2.301971	
Total MV Amount	937.1692


Angle TRE instances
Rotate	13	
ChildRotate	13	
RotateInverse	1	
ChildRotateInverse	1	
Docking x	15	17	21	
Docking y	22	
Docking z	16	
Total TRE Count	7


Correct Angles	Rotate	ChildRotate	RotateInverse	ChildRotateInverse	Docking x	Docking y	Docking z
	-1.702991E-06	-9.700148E-15	0	0	0	0	0

Angle Error	Rotate	ChildRotate	RotateInverse	ChildRotateInverse	Docking x	Docking y	Docking z
	0.3661787	1.379375E-05	0	1.069489	1.840485	1.434368	1.603394

Time Taken	Hours	Minutes	Seconds	Milliseconds	Seconds float	Completion time
	0	0	1	584	1.584378	00h:00m:01s:584ms

Final Results	Tester Name	Time of Test	Dock Shape Style	Virtual Device Visible	Time Taken	Shape Precision %	Orientation Precision %	Overall Precision %	Efficiency %	Difficulty	Total MV	Total TRE	
	0	2018-11-06_14:43:13	ZEROING DATA	True	00h:00m:01s:584ms	99.8006	99.43745	99.49889	100	1.892212E-09	937.1692	7	
