
Angles Over Time
Frames	Rotate	ChildRotate	RotateInverse	ChildRotateInverse	Docking x	Docking y	Docking z	
0	-88.54492	-79.47247	0	62.89837	86.61829	-16.16553	-165.7792	
1	-88.77936	-79.23804	0	62.89837	86.86575	-18.99887	-168.3648	
2	-88.77936	-78.30032	0	62.89837	87.09148	-23.92975	-173.0852	
3	-87.84161	-79.0036	0	63.1328	87.20362	-27.66931	-176.664	
4	-88.54492	-78.7692	0	62.89837	86.9928	-32.65723	178.5461	
5	-88.54492	-78.53476	0	62.89837	85.86417	-43.28079	166.9543	
6	-88.31049	-77.59702	0	62.89837	83.63277	-47.76706	158.8716	
7	-80.57425	-74.78381	0	63.60167	77.38607	-52.8634	144.0625	
8	-59.0065	-74.78381	0	79.54304	68.57729	-56.41013	118.99	
9	-25.48273	-66.10986	0	80.7152	60.11346	-57.79907	94.3504	
10	-6.493713	-45.47983	0	67.11815	45.98379	-50.65311	87.02084	
11	-6.024872	-36.57141	0	2.414918	34.76139	-48.94473	79.23691	
12	-5.556	-30.71063	0	-1.101563	23.82086	-46.56021	76.12315	
13	-2.508392	-29.77289	0	-0.6326904	13.48118	-35.09183	71.9117	
14	-2.508392	-17.81686	0	-1.101563	7.464368	-22.87686	65.88635	
15	-2.508392	0.234398	0	-0.8671265	1.929935	-18.0314	54.0477	
16	-2.03952	0.234398	0	-1.101563	-2.408264	-15.00293	47.86126	
17	-2.03952	0.234398	0	-1.101563	-8.513702	-17.7597	37.15784	
18	-2.273956	0.234398	0	-0.6326904	-7.739349	-17.42593	27.97398	
19	-2.03952	0.234398	0	-0.6326904	-3.583984	-14.88049	19.53312	
20	-2.03952	0.234398	0	-1.101563	1.609804	-13.66537	14.51994	
21	-2.273956	0.234398	0	-1.101563	-1.513428	-14.4707	12.14089	
22	-2.03952	0.234398	0	-1.101563	-3.583038	-14.21899	6.456218	
23	-2.03952	0.234398	0	-1.101563	-0.6080322	-14.05231	2.034863	
24	-2.03952	0.234398	0	-0.3982544	2.768401	-14.30667	3.893451	
25	-2.03952	0.234398	0	-0.8671265	5.389079	-12.98245	6.66827	
26	-2.03952	-3.041562E-05	0	-0.8671265	6.608273	-10.44376	10.83733	
27	-2.03952	-3.041562E-05	0	-1.101563	9.250124	-10.18423	16.79936	
28	-2.273956	-3.041562E-05	0	-1.101563	8.701812	-8.847321	19.8777	
29	-2.03952	0.234398	0	-1.101563	6.215337	-8.203705	22.20781	
30	-2.03952	0.234398	0	-0.8671265	4.067023	-6.288391	27.70166	
31	-4.38385	0.234398	0	-1.101563	0.9844918	-4.879517	26.29774	
32	-4.38385	0.4688341	0	-0.8671265	-2.573334	-5.621185	26.38769	
33	-5.556	0.234398	0	-1.101563	-7.214081	-6.87677	24.28628	
34	-6.024872	0.4688341	0	15.07424	-3.074097	-8.681427	9.576882	
35	-2.508392	0.234398	0	4.75924	0.4853671	-6.30191	4.832292	
36	-2.273956	0.4688341	0	-0.6326904	0.4382686	-3.887817	4.205422	
37	-1.336212	0.4688341	0	-1.101563	0.7594128	-2.433472	1.981978	
38	-1.336212	0.4688341	0	-1.101563	-1.603455	-1.8703	0.2896528	
39	-1.570648	0.4688341	0	-1.101563	-3.878876	-3.068146	1.350222	
40	-1.336212	0.4688341	0	-1.101563	-4.93866	-3.26355	1.097044	
41	-1.336212	0.4688341	0	-0.3982544	-6.331482	-1.952881	0.336811	
42	-1.570648	0.234398	0	-1.335999	-7.102509	-0.1761475	1.152388	
43	-1.336212	0.4688341	0	-1.101563	-6.481812	0.7026493	1.054242	
44	-1.336212	0.4688341	0	-1.101563	-5.523376	1.817356	-1.005585	
45	-1.336212	0.4688341	0	-1.101563	-4.697449	3.599821	-2.62674	
46	-1.570648	0.4688341	0	-0.8671265	-3.741974	4.844834	-2.032501	
47	-1.805084	0.4688341	0	-0.6326904	-2.691406	5.624924	-0.2621765	
48	-1.570648	0.4688341	0	-1.335999	-2.642487	7.114656	1.015151	
49	-1.570648	0.7032625	0	-1.101563	-2.596802	7.534638	1.302926	
50	-1.570648	0.468834	0	-1.101563	-1.748383	8.106441	1.037418	


Angle MV instances
Rotate	88.54492	7.736237	21.56775	33.52377	18.98901	3.047607	2.34433	3.516479	
ChildRotate	79.47247	2.813202	8.67395	20.63004	8.908417	5.860779	11.95602	18.05126	
RotateInverse	
ChildRotateInverse	62.89837	15.94137	13.59705	64.70323	16.1758	10.315	5.39193	
Docking x	86.61829	2.231392	6.246704	8.808784	8.463821	14.12968	11.2224	10.94052	10.33968	6.016811	5.534432	6.105438	4.155365	2.069611	2.975006	3.376433	2.620677	2.641851	2.486475	2.148314	3.082531	4.640747	4.139984	3.559464	2.275421	
Docking y	16.16553	2.833344	4.930878	3.739563	4.987915	10.62357	4.486267	5.096344	3.546722	7.145966	2.384521	11.46838	12.21497	4.845459	3.028473	2.756775	2.545441	2.538696	2.379517	2.414093	
Docking z	165.7792	2.585663	4.720352	3.578857	11.59183	8.082642	14.80917	25.07243	24.63964	7.329552	7.783936	3.113762	4.211449	6.025345	11.83866	6.186436	10.70342	9.183859	8.440855	5.013179	2.379052	5.684674	4.421354	2.774819	4.169064	5.962029	3.078337	2.330109	5.493853	2.101406	14.7094	4.74459	2.223444	
Total MV Amount	1252.383


Angle TRE instances
Rotate	14	33	35	
ChildRotate	16	
RotateInverse	1	
ChildRotateInverse	12	34	35	
Docking x	16	17	19	25	30	33	34	41	45	
Docking y	36	47	
Docking z	24	25	35	
Total TRE Count	21


Correct Angles	Rotate	ChildRotate	RotateInverse	ChildRotateInverse	Docking x	Docking y	Docking z
	-3.274879E-13	-1.20104E-27	0	1.102637E-13	0	0	0

Angle Error	Rotate	ChildRotate	RotateInverse	ChildRotateInverse	Docking x	Docking y	Docking z
	1.570648	0.468834	0	0.8671265	1.01712	8.632635	0.1491394

Time Taken	Hours	Minutes	Seconds	Milliseconds	Seconds float	Completion time
	0	0	3	2	3.001895	00h:00m:03s:002ms

Final Results	Tester Name	Time of Test	Dock Shape Style	Virtual Device Visible	Time Taken	Shape Precision %	Orientation Precision %	Overall Precision %	Efficiency %	Difficulty	Total MV	Total TRE	
	0	2018-11-06_14:46:47	ZEROING DATA	True	00h:00m:03s:002ms	99.59631	98.37375	98.99162	100	4.863907E-16	1252.383	21	
