
Angles Over Time
Frames	Rotate	ChildRotate	RotateInverse	ChildRotateInverse	Docking x	Docking y	Docking z	
0	-2.454712	-151.6775	0	141.0177	-68.00281	-162.6521	3.857193	
1	-2.454712	-152.3808	0	141.0177	-64.58084	-162.3922	4.21268	
2	-1.751404	-152.3808	0	140.7833	-59.90338	-165.2009	6.965193	
3	-1.98584	-151.9119	0	141.0177	-57.25058	-169.9634	13.13449	
4	-1.751404	-129.6409	0	140.08	-53.24506	-172.3807	17.0769	
5	-3.15799	-101.9779	0	138.2045	-50.18152	-179.6657	19.17724	
6	-1.516968	-29.06955	0	122.9664	-43.34863	172.5395	15.56173	
7	-0.8136902	2.109897	0	69.98482	-33.66763	161.996	13.09225	
8	1.765078	2.344333	0	-1.516937	-28.75098	156.7892	22.46368	
9	1.999507	1.053021E-05	0	26.38047	-17.16675	155.1047	25.82143	
10	0.1240491	1.641032	0	10.43909	-19.89978	137.6116	33.43935	
11	1.530642	2.109896	0	-1.516937	-14.94424	120.3213	43.41859	
12	1.765079	2.578761	0	-1.048065	-7.660278	115.4273	41.97231	
13	2.233935	2.578761	0	-1.048065	-5.184143	109.1788	42.37833	
14	2.468372	2.578761	0	-1.048065	-5.046173	98.74809	43.98066	
15	2.233936	1.406604	0	-0.3447876	-3.476807	87.33701	38.69558	
16	1.296214	2.109897	0	-1.516937	-3.97937	73.23157	32.06281	
17	1.999507	2.109897	0	-1.516937	-1.748993	65.45441	27.10703	
18	1.999507	1.875468	0	-1.048065	3.644896	61.30977	21.47674	
19	1.765079	1.875468	0	-1.751373	7.907661	57.96635	15.14139	
20	2.233935	0.234439	0	0.5929455	8.160463	50.32695	4.961619	
21	0.8273497	1.641032	0	-0.3447876	6.362405	42.50124	1.468089	
22	1.296214	1.875469	0	-1.516937	2.69263	33.01167	1.567563	
23	1.999507	2.344333	0	-1.516937	1.655479	23.83676	2.492471	
24	2.7028	2.578761	0	-1.282501	2.389064	14.28754	0.8694686	
25	2.468371	2.578761	0	-1.282501	1.134912	4.51016	-4.06665	
26	2.233935	0.9377396	0	-0.5792236	-1.50412	1.557217	-6.799438	
27	1.296214	1.875469	0	-1.516937	-2.541168	0.3028893	-5.195374	
28	1.999507	1.875469	0	-1.282501	-2.29718	1.320323	-5.643982	
29	1.999507	1.875469	0	-1.282501	-4.260986	1.303915	-6.422821	
30	1.999507	2.109897	0	-1.048065	-2.125793	1.642218	-3.71814	
31	1.765078	0.4688753	0	-0.3447876	-0.6156921	2.986814	-1.265167	
32	0.358485	1.172168	0	-0.1103516	-0.2645874	4.736902	-0.05523682	
33	1.061778	2.109897	0	-1.516937	-0.9573975	3.783973	1.459225	
34	1.765078	1.875469	0	-1.516937	-0.3834839	3.256854	2.390046	
35	2.233935	2.109897	0	-1.048065	0.6247258	2.147112	3.155676	


Angle MV instances
Rotate	2.454712	
ChildRotate	151.6775	22.27104	27.66298	72.90836	31.17945	2.344322	
RotateInverse	
ChildRotateInverse	141.0177	15.23809	52.98162	71.50175	27.8974	15.94137	11.95603	
Docking x	68.00281	3.421967	4.67746	2.652802	4.005524	3.063538	6.832886	9.681	4.916656	11.58423	2.733032	4.955536	7.283966	2.476135	2.230377	4.262765	3.669775	2.135193	
Docking y	162.6521	2.808746	4.762466	2.417282	7.285034	352.2053	10.54353	5.206802	17.49316	17.29026	4.89402	6.248512	10.43069	11.41109	14.10544	7.777161	4.144634	3.343418	7.639408	7.825703	9.489578	9.174902	9.549222	9.777381	2.952943	
Docking z	3.857193	2.752513	6.169292	3.942417	2.10034	3.61551	2.46948	9.371429	3.357744	7.617928	9.97924	5.28508	6.632771	4.95577	5.630293	6.335348	10.17977	3.493531	4.936119	2.732788	2.704681	2.452972	
Total MV Amount	1607.619


Angle TRE instances
Rotate	1	
ChildRotate	8	
RotateInverse	1	
ChildRotateInverse	11	
Docking x	16	19	22	
Docking y	26	
Docking z	1	2	20	26	30	
Total TRE Count	10


Correct Angles	Rotate	ChildRotate	RotateInverse	ChildRotateInverse	Docking x	Docking y	Docking z
	-1.284197E-32	-4.084594E-19	0	7.809834E-09	0	0	0

Angle Error	Rotate	ChildRotate	RotateInverse	ChildRotateInverse	Docking x	Docking y	Docking z
	1.765079	1.875469	0	1.516937	0.8539515	0.7637069	3.285614

Time Taken	Hours	Minutes	Seconds	Milliseconds	Seconds float	Completion time
	0	0	2	122	2.12179	00h:00m:02s:122ms

Final Results	Tester Name	Time of Test	Dock Shape Style	Virtual Device Visible	Time Taken	Shape Precision %	Orientation Precision %	Overall Precision %	Efficiency %	Difficulty	Total MV	Total TRE	
	0	2018-11-06_14:52:09	ZEROING DATA	True	00h:00m:02s:122ms	99.28368	99.25012	99.20153	100	8.677593E-12	1607.619	10	
