
Angles Over Time
Frames	Rotate	ChildRotate	RotateInverse	ChildRotateInverse	Docking x	Docking y	Docking z	
0	-105.7657	-85.33325	0	82.71762	-80.97345	-175.2624	76.88808	
1	-105.5313	-85.56766	0	82.71762	-80.88907	-174.9398	76.55757	
2	-105.5313	-85.33325	0	82.71762	-80.87598	-175.2008	76.85268	
3	-105.7657	-85.33325	0	82.71762	-81.09912	-173.6888	75.25526	
4	-105.7657	-85.33325	0	82.71762	-81.64056	-173.125	74.5371	
5	-105.7657	-85.33325	0	82.95206	-82.01416	-173.5725	74.67815	
6	-105.2969	-85.56766	0	82.71762	-81.5639	-173.1081	72.74461	
7	-105.7657	-85.33322	0	82.48319	-78.18625	-172.9545	69.1247	
8	-105.7657	-85.56766	0	82.71762	-68.22116	-173.6953	67.38948	
9	-105.7657	-85.56766	0	82.95206	-57.35187	-174.1442	68.80502	
10	-102.4837	-85.33322	0	86.2341	-48.86169	-174.8967	59.10766	
11	-71.53867	-67.04755	0	88.81285	-40.7041	-176.4865	40.89578	
12	-39.42148	-19.69226	0	75.91908	-32.12537	178.371	30.95675	
13	-36.13943	-10.08054	0	68.88612	-20.10013	175.5188	26.63611	
14	-28.16873	-9.377258	0	49.6627	-17.03378	169.6746	24.71537	
15	-21.13577	-11.48715	0	14.02904	-17.10129	159.5638	34.1497	
16	-9.648621	-6.798492	0	2.073009	-22.5495	138.6471	53.20002	
17	1.369698	2.554699E-05	0	1.604144	-17.20139	108.0054	65.63509	
18	2.541855	0.46889	0	1.13528	-8.85144	88.71166	59.38182	
19	2.776284	-1.406555	0	1.13528	-3.144226	77.59646	50.66776	
20	3.01072	-1.172119	0	1.13528	0.3699734	77.08097	47.11957	
21	2.776284	0.9377543	0	8.871539	-0.4690857	78.41007	44.09023	
22	3.479584	0.4688899	0	46.14623	-5.299774	70.78384	35.87505	
23	3.245148	0.7033183	0	51.30374	-11.26093	61.22946	13.53457	
24	3.479585	0.7033183	0	51.06931	-10.58054	58.63687	-4.550354	
25	3.479585	0.4688899	0	50.83488	-1.950989	53.44934	-11.21191	
26	3.479585	0.7033183	0	35.83123	2.314613	42.50346	-11.19058	
27	3.479585	0.2344539	0	17.77997	-0.2323608	30.80411	-9.615295	
28	3.010721	0.4688899	0	4.886207	-0.4160767	23.69197	-5.567902	
29	3.010721	0.4688899	0	0.9008625	-3.725372	21.16242	-1.818329	
30	3.245149	0.9377543	0	1.135291	-6.047913	18.0138	-4.324707	
31	3.714014	0.9377543	0	1.135291	-8.465607	11.84926	-6.782715	
32	3.94845	0.9377543	0	1.369727	-6.394592	4.650447	-4.819275	
33	3.479586	0.2344538	0	1.604155	-4.207733	2.641062	-2.519775	
34	3.245149	0.7033182	0	1.369727	-4.117645	1.685783	0.3354175	
35	3.479586	0.7033182	0	1.135291	-3.363525	3.184658	2.703294	
36	3.479586	0.9377543	0	1.135291	-2.112396	2.812376	5.009449	
37	3.714015	0.7033182	0	1.135291	-1.363708	2.105252	3.858803	
38	3.714015	0.7033182	0	0.9008626	-0.5447388	1.735937	1.992055	
39	3.714015	0.4688898	0	1.369727	-0.4458008	0.5373778	-0.2638245	
40	3.24515	0.7033181	0	0.9008626	-1.410645	-1.694519	-0.8756714	
41	3.714015	0.7033181	0	1.135291	-0.7493286	-3.854126	-1.122131	
42	3.479586	0.7033181	0	1.135291	-0.5834351	-4.899658	-1.121643	
43	3.479586	0.7033181	0	1.135291	-0.5472412	-5.664764	-1.438629	
44	3.479586	0.2344537	0	1.604155	-0.7870178	-6.439331	-1.334778	
45	3.010722	0.4688898	0	1.369727	-1.159363	-6.918091	-1.166443	
46	3.24515	0.7033182	0	1.135291	-1.109131	-7.580353	-0.681366	


Angle MV instances
Rotate	105.7657	3.282059	30.94501	32.11719	3.282043	7.970703	7.032959	11.48715	11.01832	
ChildRotate	85.33325	18.28568	47.35529	9.611725	2.109894	4.68866	6.798518	
RotateInverse	
ChildRotateInverse	82.71762	3.282043	2.578751	12.89377	7.032959	19.22342	35.63367	11.95603	7.736259	37.27469	5.157513	15.00365	18.05126	12.89376	3.985344	
Docking x	80.97345	3.377655	9.965088	10.86929	8.490173	8.157593	8.578735	12.02524	3.066345	5.448212	5.348114	8.349945	5.707214	3.514199	4.830688	5.961151	8.629547	2.546974	3.309296	2.32254	2.417694	2.071014	2.186859	
Docking y	175.2624	2.852203	5.844269	10.11073	20.9167	30.64174	19.29372	11.1152	7.626236	9.554379	2.59259	5.187527	10.94588	11.69935	7.112139	2.529545	3.148621	6.164537	7.198817	2.009385	2.159607	
Docking z	76.88808	3.619911	9.697365	18.21188	9.939026	4.320639	9.43433	19.05032	12.43507	6.253277	8.714054	3.548191	3.029346	8.215176	22.34048	18.08492	6.66156	4.047394	3.749573	2.506378	2.458008	2.2995	2.855193	2.367876	2.306155	
Total MV Amount	1487.651


Angle TRE instances
Rotate	18	
ChildRotate	18	
RotateInverse	1	
ChildRotateInverse	17	21	28	
Docking x	20	22	25	30	33	
Docking y	33	43	
Docking z	29	31	32	36	37	
Total TRE Count	17


Correct Angles	Rotate	ChildRotate	RotateInverse	ChildRotateInverse	Docking x	Docking y	Docking z
	-4.022353E-12	-1.816316E-25	0	4.022353E-12	0	0	0

Angle Error	Rotate	ChildRotate	RotateInverse	ChildRotateInverse	Docking x	Docking y	Docking z
	3.714015	0.9377543	0	1.135291	1.266907	6.21994	0.6019897

Time Taken	Hours	Minutes	Seconds	Milliseconds	Seconds float	Completion time
	0	0	2	769	2.769261	00h:00m:02s:769ms

Final Results	Tester Name	Time of Test	Dock Shape Style	Virtual Device Visible	Time Taken	Shape Precision %	Orientation Precision %	Overall Precision %	Efficiency %	Difficulty	Total MV	Total TRE	
	0	2018-11-06_14:44:08	ZEROING DATA	True	00h:00m:02s:769ms	99.19624	98.73668	98.89874	100	8.938562E-15	1487.651	17	
