
Angles Over Time
Frames	Rotate	ChildRotate	RotateInverse	ChildRotateInverse	Docking x	Docking y	Docking z	
0	-103.3365	-114.1684	0	143.5204	70.65683	-1.145386	139.6616	
1	-103.3365	-113.9339	0	143.5204	70.42731	-1.148224	139.3444	
2	-103.3365	-114.1684	0	143.7549	70.3327	-0.8722839	139.4377	
3	-103.3365	-114.1684	0	143.5204	70.52222	-0.6452942	139.4491	
4	-103.3365	-113.9339	0	143.5204	69.26461	-1.935211	137.7733	
5	-103.3365	-113.9339	0	143.5204	66.72843	-6.102234	132.8705	
6	-103.1021	-75.25266	0	143.0516	62.74549	-12.48196	118.4294	
7	-100.0545	-18.75455	0	143.5204	54.61303	-18.88586	85.82816	
8	-80.12775	-8.908386	0	143.5204	48.93319	-26.05786	41.37376	
9	-41.21204	-0.9377136	0	143.286	41.31347	-30.30359	7.398178	
10	-17.06555	-0.7032776	0	143.286	28.81644	-28.914	-9.096344	
11	-0.655304	-0.7032776	0	143.286	20.75796	-25.85812	-8.573059	
12	-0.4208984	-0.9377136	0	143.286	18.53765	-24.62314	-9.91806	
13	-0.655304	-0.7032776	0	143.0516	19.35813	-25.73685	-13.60815	
14	-0.655304	-0.7032776	0	115.623	13.88046	-26.24503	-11.81332	
15	-0.655304	-0.7032776	0	69.2055	10.18633	-26.15701	-6.101959	
16	-0.655304	-0.7032776	0	22.3191	8.000897	-26.61334	1.837326	
17	-0.655304	-0.9377136	0	0.7513561	4.522065	-26.69739	10.93808	
18	-1.124176	-0.9377136	0	0.5169277	2.813993	-25.2738	13.40065	
19	-0.88974	-0.4688416	0	-0.1863708	3.706995	-23.02148	10.99334	
20	-0.4208984	-0.4688416	0	0.0480633	3.90001	-19.19168	7.067381	
21	-0.4208984	-0.4688416	0	0.0480633	1.452298	-14.10898	3.378338	
22	-0.4208984	-0.7032776	0	0.0480633	1.526065	-8.027618	2.92156	
23	-0.655304	-1.406586	0	0.985792	0.7660604	-4.81665	3.161744	
24	-1.358612	-0.7032776	0	0.2824917	-0.3805542	-4.240051	3.421384	
25	-0.88974	-0.7032776	0	0.04806327	-0.8387451	-4.035492	3.297691	
26	-0.655304	-0.4688416	0	0.2824917	-1.512207	-4.127991	3.280306	
27	-0.4208984	-0.4688416	0	0.04806328	-1.633484	-4.1091	3.439663	
28	-0.4208984	-0.9377136	0	0.04806328	-1.193298	-4.269226	3.540128	
29	-0.4208984	-0.9377136	0	0.2824917	-1.007233	-4.583832	3.354593	


Angle MV instances
Rotate	103.3365	3.047607	19.92673	38.91571	24.14648	16.41025	
ChildRotate	114.1684	38.68127	56.49811	9.846161	7.970673	
RotateInverse	
ChildRotateInverse	143.5204	27.42853	46.41753	46.8864	21.56775	
Docking x	70.65683	2.536179	3.982944	8.132462	5.67984	7.619717	12.49703	8.058479	2.220308	5.477671	3.694128	2.185435	3.478832	2.447712	
Docking y	4.167023	6.37973	6.4039	7.171997	4.245728	3.055878	2.252319	3.829803	5.082703	6.08136	3.210968	
Docking z	139.6616	4.902863	14.44107	32.60125	44.4544	33.97559	3.690094	5.711365	7.939285	9.100759	2.462568	2.40731	3.925962	3.689043	
Total MV Amount	1218.281


Angle TRE instances
Rotate	12	
ChildRotate	10	
RotateInverse	1	
ChildRotateInverse	18	
Docking x	18	
Docking y	1	5	23	
Docking z	21	
Total TRE Count	7


Correct Angles	Rotate	ChildRotate	RotateInverse	ChildRotateInverse	Docking x	Docking y	Docking z
	-2.390313E-07	-5.441101E-16	0	2.890294E-07	0	0	0

Angle Error	Rotate	ChildRotate	RotateInverse	ChildRotateInverse	Docking x	Docking y	Docking z
	0.6553037	0.4688416	0	0.1863711	0.8126221	4.765472	3.117012

Time Taken	Hours	Minutes	Seconds	Milliseconds	Seconds float	Completion time
	0	0	1	765	1.764983	00h:00m:01s:765ms

Final Results	Tester Name	Time of Test	Dock Shape Style	Virtual Device Visible	Time Taken	Shape Precision %	Orientation Precision %	Overall Precision %	Efficiency %	Difficulty	Total MV	Total TRE	
	0	2018-11-06_14:44:21	ZEROING DATA	True	00h:00m:01s:765ms	99.81799	98.54028	99.2059	100	5.867341E-10	1218.281	7	
