
Angles Over Time
Frames	Rotate	ChildRotate	RotateInverse	ChildRotateInverse	Docking x	Docking y	Docking z	
0	-21.53415	-129.172	0	149.3668	-14.27997	-4.41095	-81.09903	
1	-21.76859	-129.172	0	149.1323	-13.78293	-4.457764	-81.08841	
2	-21.53415	-128.9376	0	149.3668	-13.39032	-4.379944	-81.15411	
3	-21.53415	-127.0621	0	147.4913	-12.94556	-4.272583	-80.802	
4	-21.06528	-127.2965	0	147.9602	-12.13434	-4.047668	-79.44852	
5	-21.06528	-126.3588	0	149.3668	-10.52179	-2.67099	-80.64023	
6	-16.61108	-110.183	0	149.3668	-8.568604	-1.877533	-83.53308	
7	-0.6697083	-88.8497	0	149.3668	-5.329742	-4.869171	-76.53049	
8	-0.9041138	-87.44312	0	149.1323	-1.822113	-11.69119	-63.64664	
9	-0.4352722	-86.50537	0	148.4291	-1.737701	-13.23471	-44.94623	
10	-0.4352722	-86.97424	0	148.8979	-4.498474	-10.86783	-33.8399	
11	-0.4352722	-52.04385	0	149.1323	-0.5053101	-11.40506	-40.04904	
12	-0.2008362	-0.4688416	0	149.3668	5.964657	-11.15689	-58.02969	
13	-0.2008362	-0.9376831	0	148.8979	9.316394	-10.71671	-52.53848	
14	-0.2008362	-2.813141	0	146.5536	10.89958	-11.05704	-24.35623	
15	-3.48288	-2.813141	0	148.6635	13.77787	-12.06464	-14.82513	
16	-3.248444	-2.578705	0	149.1323	13.36304	-12.47168	-18.38608	
17	0.7368944	-7.267365	0	148.6635	11.85389	-7.618896	-16.97516	
18	0.7368944	-7.032928	0	148.8979	9.199495	-3.549011	-13.3389	
19	0.7368944	0.2344631	0	148.429	6.815835	-0.06317139	-13.93195	
20	1.440187	0.2344631	0	112.3265	1.511945	0.862332	-14.74658	
21	1.205759	0.2344631	0	55.35954	1.801599	2.107596	-11.0838	
22	1.205759	0.4688991	0	0.9713112	2.355929	4.237449	-8.004608	
23	4.018946	0.7033275	0	1.20574	5.287398	5.047166	-8.57074	
24	4.018946	0.4688991	0	0.9713111	4.678981	5.813498	-4.773468	
25	4.018946	0.4688991	0	1.674604	5.651497	6.206557	-5.271576	
26	4.018946	0.4688991	0	1.440176	5.316278	4.532972	-8.370789	
27	4.018946	0.4688991	0	1.205739	2.979903	3.848602	-3.995331	
28	4.253374	0.7033275	0	0.971311	0.9194248	2.497875	-1.559143	
29	4.253374	0.468899	0	0.971311	0.2132023	-0.6715088	-0.08010864	
30	4.018946	0.234463	0	0.971311	0.7225263	-3.402771	-0.222229	
31	4.018946	0.234463	0	1.674604	1.067327	-4.584412	-0.4307861	
32	3.78451	0.468899	0	0.971311	0.1052736	-4.782074	-0.8111877	
33	4.018946	0.468899	0	0.7368749	-0.3649292	-3.799713	-1.480042	
34	3.78451	0.468899	0	0.971311	-1.29248	-2.875366	-1.735992	
35	4.253374	0.468899	0	0.971311	-1.209412	-2.240997	-1.96933	


Angle MV instances
Rotate	21.53415	4.454193	15.94138	3.282043	3.985338	2.813187	
ChildRotate	129.172	16.17584	21.33328	34.93039	51.57501	4.68866	7.267392	
RotateInverse	
ChildRotateInverse	149.3668	2.34433	2.109894	36.10253	56.96698	54.38823	
Docking x	14.27997	3.238861	3.507629	2.760773	3.993164	6.469967	3.351737	2.878289	2.654398	2.383661	5.303889	2.931469	2.336375	2.060479	
Docking y	4.41095	2.991638	6.822021	2.366882	4.852783	4.069885	3.48584	2.129852	2.731262	
Docking z	81.09903	2.892853	7.002594	12.88385	18.70041	11.10632	6.209137	17.98065	5.491211	28.18225	9.531097	3.560944	3.636261	3.662781	3.079193	3.797272	3.099213	4.375458	2.436188	
Total MV Amount	939.1699


Angle TRE instances
Rotate	8	
ChildRotate	13	17	19	
RotateInverse	1	
ChildRotateInverse	23	
Docking x	9	12	20	23	24	25	27	
Docking y	1	8	18	23	26	
Docking z	27	
Total TRE Count	17


Correct Angles	Rotate	ChildRotate	RotateInverse	ChildRotateInverse	Docking x	Docking y	Docking z
	-1.003048E-09	-1.136163E-19	0	4.364157E-09	0	0	0

Angle Error	Rotate	ChildRotate	RotateInverse	ChildRotateInverse	Docking x	Docking y	Docking z
	4.018946	0.468899	0	1.205739	1.107147	2.191925	2.071991

Time Taken	Hours	Minutes	Seconds	Milliseconds	Seconds float	Completion time
	0	0	2	117	2.117456	00h:00m:02s:117ms

Final Results	Tester Name	Time of Test	Dock Shape Style	Virtual Device Visible	Time Taken	Shape Precision %	Orientation Precision %	Overall Precision %	Efficiency %	Difficulty	Total MV	Total TRE	
	0	2018-11-06_14:47:01	ZEROING DATA	True	00h:00m:02s:117ms	99.20922	99.21039	99.12186	100	5.963561E-12	939.1699	17	
