
Angles Over Time
Frames	Rotate	ChildRotate	RotateInverse	ChildRotateInverse	Docking x	Docking y	Docking z	
0	-16.69711	-33.28937	0	98.17458	5.410903	-163.7533	-169.3472	
1	-16.69711	-33.75824	0	98.87787	5.262153	-163.4044	-169.2387	
2	-16.93155	-33.75824	0	96.29913	5.085824	-163.3656	-168.9314	
3	-16.93155	-33.5238	0	86.21855	5.176939	-164.0533	-168.0646	
4	-16.69711	-33.5238	0	72.38706	5.540762	-166.0803	-168.7804	
5	-16.46271	-33.05493	0	47.30284	5.293327	-167.6671	-170.0989	
6	-4.037811	-33.5238	0	4.167352	6.262128	-168.5921	-162.6799	
7	-3.803375	-33.75824	0	-0.2868652	5.624413	-168.5754	-160.3832	
8	-3.803375	-25.31866	0	-0.2868652	12.38354	-169.3861	-162.6304	
9	-3.803375	-23.91208	0	-0.0524292	19.38004	-169.6509	-166.5028	
10	-3.568939	-24.14651	0	-0.2868652	19.31803	-168.9332	-165.5844	
11	-3.568939	-26.49084	0	0.182008	21.09094	-168.8286	-167.5302	
12	-3.568939	-38.6813	0	-0.0524292	21.79429	-170.453	-163.1947	
13	-3.100067	-38.6813	0	-0.0524292	32.84137	-169.968	-160.7298	
14	-3.334503	-39.61902	0	-0.0524292	35.90984	-172.8668	-160.5177	
15	-3.334503	-39.61902	0	-0.2868652	37.54043	-173.447	-159.688	
16	-3.334503	-33.05493	0	0.4164364	38.63364	-168.646	-159.2848	
17	-3.334503	-12.65936	0	0.182008	51.41146	-161.6816	-154.8762	
18	-3.334503	-7.736267	0	-0.0524292	64.43804	-151.3858	-146.6288	
19	-3.100067	-10.78391	0	-0.0524292	77.31081	-122.5573	-116.3687	
20	-3.100067	-18.98901	0	-0.0524292	70.91111	-27.64847	-20.54984	
21	-2.865631	-18.75458	0	-0.0524292	56.93751	-12.57983	-4.025452	
22	-2.865631	-14.53479	0	0.8853009	48.30354	-4.79483	-0.5353088	
23	-3.334503	-3.750946	0	0.4164365	37.34982	0.1173145	2.226794	
24	-4.272217	-3.282074	0	0.1820081	25.32311	6.037015	1.044314	
25	-5.678833	-0.9377441	0	-0.0524292	14.13007	13.51423	-0.1551514	
26	-5.678833	-0.9377441	0	0.1820081	5.189892	16.69729	0.007323331	
27	-7.554291	-1.406616	0	0.1820081	2.609379	12.5286	1.98025	
28	-7.085419	-1.406616	0	0.4164365	3.032061	5.806729	2.534896	
29	-4.741089	-1.406616	0	-0.2868652	-1.604645	1.056751	3.258349	
30	-4.037811	-1.17218	0	-0.0524292	0.1845067	-1.342773	3.156171	
31	-4.037811	-1.17218	0	-0.0524292	1.187078	-3.291809	1.263993	
32	-4.037811	-1.17218	0	-0.0524292	1.314846	-4.720154	-0.7980957	
33	-4.037811	-0.9377441	0	-0.0524292	0.8192212	-4.454102	-0.4994812	
34	-4.037811	-1.17218	0	0.4164364	0.8581141	-3.790222	0.5140768	
35	-4.037811	-0.9377441	0	-0.0524292	-0.3424988	-2.641113	0.4779765	
36	-4.037811	-0.9377441	0	-0.0524292	-1.137299	-1.083923	0.04026487	
37	-3.803375	-0.9377441	0	-0.0524292	-1.47995	0.3187391	-0.1908875	
38	-3.803375	-1.17218	0	0.182008	-1.431549	1.358545	-0.09069824	
39	-4.037811	-1.17218	0	0.8853009	-1.075043	2.723724	-0.2193604	
40	-4.272217	-1.17218	0	0.4164365	-1.443085	3.876254	-0.4971008	
41	-4.037811	-0.9377441	0	-0.0524292	-1.212494	5.556044	-0.6931763	


Angle MV instances
Rotate	16.69711	12.4249	2.34433	
ChildRotate	33.28937	8.439575	2.34433	12.19046	6.564087	20.39557	4.923096	3.047638	8.205109	4.219788	10.78384	2.34433	
RotateInverse	
ChildRotateInverse	98.17458	2.578743	10.08057	13.83149	25.08422	43.13549	4.454217	
Docking x	5.410903	6.75913	6.996492	11.04708	3.068478	12.77781	13.02658	12.87276	6.399696	13.9736	8.633965	10.95372	12.02671	11.19304	8.940174	2.580513	
Docking y	163.7533	2.027069	2.898758	4.800995	6.964417	10.29572	28.82858	94.9088	15.06863	7.785004	4.912145	5.919701	7.477211	3.183062	4.16869	6.72187	4.749978	
Docking z	169.3472	7.41893	2.296707	2.247208	3.872345	4.335434	2.464951	4.408569	8.247467	30.26007	95.81885	16.52438	3.490143	
Total MV Amount	1217.41


Angle TRE instances
Rotate	7	25	29	
ChildRotate	24	
RotateInverse	1	
ChildRotateInverse	7	
Docking x	28	
Docking y	23	24	29	41	
Docking z	22	
Total TRE Count	11


Correct Angles	Rotate	ChildRotate	RotateInverse	ChildRotateInverse	Docking x	Docking y	Docking z
	-3.937407E-11	-5.168829E-23	0	1.175763E-10	0	0	0

Angle Error	Rotate	ChildRotate	RotateInverse	ChildRotateInverse	Docking x	Docking y	Docking z
	3.803375	1.17218	0	0.0524292	1.422302	5.970256	0.4871521

Time Taken	Hours	Minutes	Seconds	Milliseconds	Seconds float	Completion time
	0	0	2	469	2.469085	00h:00m:02s:469ms

Final Results	Tester Name	Time of Test	Dock Shape Style	Virtual Device Visible	Time Taken	Shape Precision %	Orientation Precision %	Overall Precision %	Efficiency %	Difficulty	Total MV	Total TRE	
	0	2018-11-06_14:47:10	ZEROING DATA	True	00h:00m:02s:469ms	99.30167	98.80418	98.97558	100	1.743893E-13	1217.41	11	
