
Angles Over Time
Frames	Rotate	ChildRotate	RotateInverse	ChildRotateInverse	Docking x	Docking y	Docking z	
0	-87.25388	-111.8241	0	97.94745	-5.360443	-82.54681	-141.8336	
1	-87.25388	-112.0585	0	97.94745	-5.68869	-82.38535	-141.8898	
2	-87.25388	-112.0585	0	97.94745	-5.617859	-82.31082	-141.7856	
3	-87.25388	-111.8241	0	97.94745	-5.644775	-82.28717	-141.9154	
4	-87.25388	-111.8241	0	97.94745	-4.830292	-81.86136	-141.5954	
5	-87.25388	-111.8241	0	97.94745	-2.597839	-81.26111	-140.4886	
6	-87.25388	-112.0585	0	97.94745	8.838992	-78.19739	-132.7611	
7	-87.25388	-112.0585	0	97.94745	28.59465	-68.75021	-115.5639	
8	-87.25388	-112.0585	0	97.94745	47.83577	-43.59641	-85.1937	
9	-87.25388	-112.0585	0	97.94745	55.0975	-13.26932	-53.05048	
10	-86.785	-111.8241	0	97.94745	50.85143	9.742632	-27.28668	
11	-86.55057	-112.0585	0	97.94745	45.43299	21.86197	-13.81485	
12	-76.70441	-114.1684	0	89.27346	41.82475	29.61402	-15.70099	
13	-57.71542	-115.8094	0	17.53727	36.2376	38.01783	-5.462799	
14	-53.96454	-119.0915	0	-0.0451355	32.71908	41.94962	8.979689	
15	-21.37848	-109.2453	0	0.1893013	29.50601	42.84282	11.37236	
16	-1.686188	-87.67758	0	0.6581658	22.89019	39.02908	5.260028	
17	-0.9828796	-63.53107	0	-0.0451355	16.44471	39.08836	6.676524	
18	-0.7484741	-22.03662	0	-0.0451355	11.37662	36.0235	3.185427	
19	-0.2796021	0.9377185	0	-0.2795715	6.516871	33.82381	-4.48764	
20	-0.2796021	1.172147	0	0.1893012	0.2532663	32.67992	-5.414337	
21	-0.2796021	0.7032902	0	0.8926017	-0.8551331	30.83558	-7.112366	
22	-0.9828796	1.172147	0	0.1893012	1.614662	27.8038	-8.152161	
23	-0.5140381	0.9377186	0	0.1893012	2.936854	23.03074	-8.309265	
24	-0.2796021	1.406583	0	0.1893012	2.794847	19.93257	-6.208557	
25	-0.04516602	1.406583	0	0.1893012	2.024502	17.96361	-4.545929	
26	-0.2796021	1.172147	0	0.1893012	0.5094199	16.20834	-3.058167	
27	-0.04516602	0.9377186	0	0.1893012	1.249754	13.15217	-1.777557	
28	-0.5140381	0.9377186	0	-0.2795715	1.165932	11.79843	-0.02520752	
29	-0.2796021	0.7032903	0	-0.0451355	0.7756836	11.24455	2.049061	
30	-0.2796021	0.7032903	0	-0.0451355	0.438875	10.20982	3.097564	
31	-0.2796021	0.9377186	0	-0.2795715	0.3177699	7.790831	3.699898	
32	-0.2796021	0.9377186	0	0.8926018	-0.04241943	5.810016	4.042461	
33	-0.5140381	0.7032903	0	0.1893014	0.3800088	4.797282	4.071717	


Angle MV instances
Rotate	87.25388	9.846161	18.98898	3.750885	32.58606	19.69229	
ChildRotate	111.8241	2.109894	3.282043	9.846146	21.56773	24.14651	41.49445	22.97434	
RotateInverse	
ChildRotateInverse	97.94745	8.673988	71.73619	17.58241	
Docking x	5.360443	2.232452	11.43683	19.75566	19.24112	7.261738	4.246071	5.418442	3.608246	5.587143	3.51852	3.213068	6.615828	6.445473	5.068095	4.859747	6.263605	
Docking y	82.54681	3.063721	9.447174	25.15381	30.32709	23.01195	12.11934	7.752048	8.403809	3.931793	3.813747	3.064861	2.199692	3.031786	4.773058	3.098169	3.056176	2.418985	
Docking z	141.8336	7.727524	17.19717	30.37025	32.14322	25.76379	13.47183	10.23819	14.44249	2.392673	6.112333	3.491097	2.100708	2.074269	
Total MV Amount	1266.009


Angle TRE instances
Rotate	17	
ChildRotate	20	
RotateInverse	1	
ChildRotateInverse	15	
Docking x	5	6	20	
Docking y	
Docking z	19	20	25	
Total TRE Count	9


Correct Angles	Rotate	ChildRotate	RotateInverse	ChildRotateInverse	Docking x	Docking y	Docking z
	-1.570154E-08	-2.795191E-18	0	1.570154E-08	0	0	0

Angle Error	Rotate	ChildRotate	RotateInverse	ChildRotateInverse	Docking x	Docking y	Docking z
	0.5140381	0.9377186	0	0.04513551	0.2518702	4.824087	4.014051

Time Taken	Hours	Minutes	Seconds	Milliseconds	Seconds float	Completion time
	0	0	1	997	1.996961	00h:00m:01s:997ms

Final Results	Tester Name	Time of Test	Dock Shape Style	Virtual Device Visible	Time Taken	Shape Precision %	Orientation Precision %	Overall Precision %	Efficiency %	Difficulty	Total MV	Total TRE	
	0	2018-11-06_14:46:01	ZEROING DATA	True	00h:00m:01s:997ms	99.7921	98.3633	99.15977	100	3.489231E-11	1266.009	9	
