
Angles Over Time
Frames	Rotate	ChildRotate	RotateInverse	ChildRotateInverse	Docking x	Docking y	Docking z	
0	-67.16248	-30.47617	0	19.10851	77.6695	-29.38751	153.9471	
1	-67.39691	-30.47617	0	19.10851	77.59352	-30.05649	153.3627	
2	-67.63135	-30.47617	0	19.10851	77.82749	-31.07141	152.7256	
3	-67.39691	-30.47617	0	19.10851	78.18597	-31.25122	152.5504	
4	-67.39691	-30.24173	0	20.28066	78.47253	-31.89133	152.0002	
5	-65.99036	-30.24173	0	19.34293	78.68542	-33.81476	150.3238	
6	-65.52148	-26.25638	0	19.1085	78.07036	-35.84021	146.0551	
7	-50.75226	-15.23807	0	7.855764	75.98831	-42.77368	129.8485	
8	-24.02701	-0.234436	0	-0.1149292	71.3043	-52.5889	112.0371	
9	-6.210175	1.668156E-06	0	-0.1149292	56.21327	-50.65085	101.7439	
10	-1.052673	-0.234436	0	0.3539405	44.53842	-47.31268	95.20633	
11	-1.521515	1.680863E-06	0	0.1195121	32.65612	-41.01065	90.22139	
12	-1.287109	-0.234436	0	0.3539405	19.59193	-28.33954	88.11189	
13	-2.459259	-0.234436	0	0.1195121	8.72078	-21.13947	84.6848	
14	-3.631409	-0.234436	0	-0.1149292	-7.304291	-14.12747	77.87748	
15	-3.396973	-0.9377136	0	0.5883765	-18.28043	-9.495148	68.88376	
16	-2.224823	-0.4688721	0	0.3539405	-23.67844	-6.118927	54.06802	
17	-1.755951	-0.234436	0	0.1195121	-22.83603	1.951679	36.30807	
18	-1.287109	1.614796E-06	0	0.1195121	-18.32727	10.38612	16.18769	
19	-1.287109	-0.234436	0	-0.1149292	-8.444977	14.67861	4.534867	
20	-1.287109	-0.234436	0	0.1195121	-5.990021	13.2536	-0.8531494	
21	-1.755951	-0.9377136	0	1.291669	-7.389282	10.68711	-3.063507	
22	-1.755951	-0.234436	0	0.5883764	-4.878876	7.524683	-5.433411	
23	-1.521515	-0.4688721	0	-0.1149292	-1.099792	4.470559	-5.792877	
24	-1.052673	-0.234436	0	-0.1149292	1.373594	1.580848	-6.98407	
25	-1.052673	-0.234436	0	0.1195121	4.882534	-1.775452	-8.278534	
26	-0.8182373	-0.234436	0	-0.1149292	8.246595	-2.82428	-4.507111	
27	-0.8182373	-0.7032776	0	1.526105	9.033354	-3.316711	-0.6647034	
28	-1.521515	-0.234436	0	0.119512	10.00027	-2.586456	2.506003	
29	-1.052673	1.600822E-06	0	0.119512	6.935772	-1.639648	2.98162	
30	-1.052673	1.600822E-06	0	-0.1149292	7.046101	-0.6066284	2.600678	
31	-0.8182373	1.600822E-06	0	0.3539403	7.299893	-0.3833008	1.990005	
32	-0.8182373	1.600822E-06	0	0.1195119	7.581878	-0.6097412	1.345203	
33	-1.052673	-0.4688721	0	0.3539403	6.64947	-0.7431641	0.5681626	
34	-1.287109	1.600812E-06	0	-0.1149292	6.308352	-0.582489	0.2630827	
35	-1.052673	-0.234436	0	-0.1149292	6.075382	-0.2631836	0.1493053	
36	-1.052673	-0.4688721	0	0.119512	6.088661	-0.05911255	0.1826759	
37	-1.287109	-0.234436	0	-0.1149292	6.074098	0.05370336	0.08438329	
38	-1.052673	-0.4688721	0	0.8228047	6.043159	0.1096531	-0.01708984	


Angle MV instances
Rotate	67.16248	14.76923	26.72525	17.81683	5.157501	
ChildRotate	30.47617	3.985352	11.01831	15.00363	
RotateInverse	
ChildRotateInverse	19.10851	11.25274	7.970694	
Docking x	77.6695	2.082047	4.684013	15.09103	11.67485	11.8823	13.06419	10.87115	10.97614	5.39801	4.508759	9.882294	2.454956	2.510406	3.779083	3.508939	3.364062	3.064495	
Docking y	29.38751	2.025452	6.933472	9.815216	3.338165	6.302032	12.67111	7.200073	7.011993	4.632324	3.376221	8.070605	8.434444	4.29249	2.566493	3.162429	3.054124	2.88971	
Docking z	153.9471	4.268646	16.20659	17.8114	10.29325	6.537544	4.98494	2.109505	3.427086	6.80732	8.993721	14.81574	17.75994	20.12039	11.65282	5.388016	2.210358	2.369904	3.771423	3.842407	
Total MV Amount	869.3947


Angle TRE instances
Rotate	11	
ChildRotate	9	
RotateInverse	1	
ChildRotateInverse	9	
Docking x	23	26	
Docking y	23	
Docking z	20	22	26	
Total TRE Count	9


Correct Angles	Rotate	ChildRotate	RotateInverse	ChildRotateInverse	Docking x	Docking y	Docking z
	-2.682936E-10	-2.400205E-21	0	2.682936E-10	0	0	0

Angle Error	Rotate	ChildRotate	RotateInverse	ChildRotateInverse	Docking x	Docking y	Docking z
	1.521515	0.4688721	0	0.3539404	6.194065	0.2930982	0.158905

Time Taken	Hours	Minutes	Seconds	Milliseconds	Seconds float	Completion time
	0	0	2	289	2.288926	00h:00m:02s:289ms

Final Results	Tester Name	Time of Test	Dock Shape Style	Virtual Device Visible	Time Taken	Shape Precision %	Orientation Precision %	Overall Precision %	Efficiency %	Difficulty	Total MV	Total TRE	
	0	2018-11-06_14:49:26	ZEROING DATA	True	00h:00m:02s:289ms	99.6744	99.9163	99.28648	100	5.96208E-13	869.3947	9	
