
Angles Over Time
Frames	Rotate	ChildRotate	RotateInverse	ChildRotateInverse	Docking x	Docking y	Docking z	
0	-106.5913	-84.1611	0	82.82971	-36.11942	-123.0777	55.63013	
1	-106.5913	-84.1611	0	82.82971	-36.36899	-122.6988	55.89723	
2	-106.8257	-84.1611	0	83.06415	-36.71249	-122.3996	56.97868	
3	-106.5912	-84.1611	0	82.82971	-37.03033	-122.3848	57.41058	
4	-106.5912	-84.1611	0	82.82971	-37.77829	-122.552	57.97372	
5	-106.5912	-84.1611	0	82.82971	-38.67886	-122.2747	58.01606	
6	-106.5912	-84.1611	0	82.82971	-39.88406	-121.6687	57.79188	
7	-106.5912	-84.1611	0	82.82971	-41.48447	-119.8622	56.188	
8	-106.5912	-84.1611	0	82.82971	-43.10001	-115.1528	51.6862	
9	-106.5912	-84.1611	0	83.06415	-44.66046	-106.0652	44.05552	
10	-106.5912	-84.1611	0	83.06415	-46.05054	-92.44827	36.02799	
11	-106.5912	-84.1611	0	83.06415	-44.8772	-79.78314	28.9118	
12	-106.5912	-84.1611	0	83.06415	-40.9454	-65.51886	23.56803	
13	-106.5912	-84.1611	0	83.06415	-37.73871	-56.53064	25.4807	
14	-106.5912	-84.1611	0	82.82971	-35.00568	-48.83456	30.18895	
15	-106.5912	-84.1611	0	82.82971	-32.64133	-37.51495	34.39791	
16	-106.5912	-84.1611	0	82.82971	-29.72757	-32.64142	29.75782	
17	-106.5912	-84.1611	0	82.82971	-32.49258	-29.42435	34.39425	
18	-106.5912	-84.1611	0	82.82971	-34.47018	-25.62488	36.01859	
19	-106.5912	-84.1611	0	82.82971	-35.48633	-21.06387	38.00837	
20	-106.5912	-84.1611	0	82.82971	-36.75821	-18.31573	39.68496	
21	-106.5912	-84.1611	0	82.82971	-36.99789	-15.41534	40.11125	
22	-106.5912	-84.1611	0	82.82971	-37.29346	-5.554291	36.03368	
23	-106.5912	-84.1611	0	86.3462	-37.06528	-0.5910034	32.98063	
24	-106.3568	-84.1611	0	106.5073	-38.9404	0.4888356	29.04919	
25	-81.74146	-83.92667	0	131.5916	-38.76453	4.48178	3.737259	
26	-34.15176	-83.92667	0	132.2949	-41.54129	9.928815	-13.0127	
27	-9.067535	-84.1611	0	132.2949	-42.9101	12.61751	-19.70462	
28	-4.613312	-83.92667	0	132.2949	-43.34708	13.7288	-19.33081	
29	-5.31662	-83.69226	0	132.2949	-44.66043	13.00873	-17.59363	
30	-5.082184	-73.14279	0	132.2949	-45.73572	13.10433	-17.17712	
31	-4.847748	-58.84244	0	132.0604	-46.67657	14.81336	-17.5928	
32	-4.613312	-52.51279	0	114.2436	-47.7652	15.73287	-18.50153	
33	-4.613312	-51.34061	0	81.89199	-50.97882	19.80619	-16.12543	
34	-4.847748	-49.46515	0	69.4671	-51.85724	21.74858	-12.26141	
35	-4.378906	-49.23074	0	58.91766	-53.16595	23.72608	-8.275787	
36	-4.378906	-44.54208	0	59.38652	-53.54456	25.20134	-6.723053	
37	-4.378906	-35.39923	0	59.38652	-53.53131	26.35271	-7.831604	
38	-3.910034	-8.673981	0	59.38652	-55.02032	28.3221	-12.52063	
39	-3.910034	-0.9377441	0	56.57334	-57.69681	30.90146	-18.9946	
40	-3.910034	-0.9377441	0	45.78946	-57.57538	32.82762	-19.89853	
41	-3.675598	-0.9377441	0	17.18876	-58.49765	33.63619	-16.91724	
42	-3.910034	-1.17218	0	-1.33136	-58.74265	35.04998	-11.87204	
43	-3.441162	-1.17218	0	-1.33136	-52.37396	34.09918	-13.89078	
44	-3.441162	-1.641022	0	-1.096924	-47.55368	31.77289	-10.69803	
45	-3.441162	-10.78387	0	-1.096924	-40.36124	28.2132	-6.703857	
46	-3.441162	-22.50549	0	-1.33136	-29.41385	24.20666	-1.901062	
47	-3.441162	-28.83514	0	-1.33136	-17.98499	19.70193	-0.3809204	
48	-3.206726	-31.88275	0	-1.096924	-9.442505	14.37993	-3.37793	
49	-3.206726	-31.88275	0	-1.33136	-4.184906	10.51326	-7.065704	
50	-2.97229	-31.88275	0	-0.8625183	-0.3694458	6.875184	-11.39139	
51	-3.441162	-24.61536	0	-1.096924	-0.1792297	3.583439	-16.02731	
52	-2.737854	-3.282043	0	-1.33136	-4.155548	3.269568	-21.51031	
53	-2.737854	-2.34433	0	-1.33136	-4.214142	2.824708	-22.82364	
54	-2.269012	-2.34433	0	-1.096924	-3.751434	3.663956	-21.46036	
55	-2.269012	-2.34433	0	-1.33136	-3.194092	5.959411	-18.96585	
56	-2.269012	-2.578766	0	-1.096924	-1.111023	8.717782	-16.41501	
57	-2.269012	-2.578766	0	-1.33136	-0.2259521	10.93513	-15.29721	
58	-2.034576	-2.578766	0	-1.33136	1.617218	12.20768	-14.65784	
59	-2.034576	-2.578766	0	-1.096924	3.890636	13.00834	-14.30145	
60	-2.034576	-2.578766	0	-1.33136	5.690544	14.15518	-13.33151	
61	-1.80014	-2.578766	0	-0.8625183	5.489477	13.71769	-13.14697	
62	-2.034576	-2.578766	0	-1.096924	5.962036	11.71002	-13.47	
63	-2.034576	-2.34433	0	-1.33136	8.137769	9.074465	-13.29297	
64	-2.034576	-2.34433	0	-1.33136	9.93979	8.270051	-12.18933	
65	-2.034576	-2.34433	0	-1.33136	11.4818	10.16584	-8.785645	
66	-1.80014	-2.34433	0	-1.33136	12.79809	12.81331	-4.444977	
67	-1.80014	-3.047607	0	-0.8625183	12.66414	15.23649	0.1514149	
68	-2.034576	-3.282043	0	-1.096924	11.58779	17.40876	5.822541	
69	-1.80014	-3.985352	0	-1.096924	8.073252	18.57266	11.28548	
70	-1.80014	-3.516479	0	-1.33136	6.011147	19.98464	15.15712	
71	-1.565704	-3.516479	0	-1.33136	2.347159	18.5171	16.52058	
72	-1.565704	-3.750916	0	-1.33136	-2.296021	15.99755	20.31744	
73	-1.565704	-2.813171	0	-1.096924	-8.127441	10.90474	21.45505	
74	-1.80014	-2.813171	0	-1.33136	-12.68045	5.326159	21.57655	
75	-1.565704	-4.923065	0	-1.33136	-12.67715	3.030146	21.34989	
76	-1.565704	-11.48718	0	-1.33136	-12.80374	1.24483	22.17599	
77	-1.80014	-11.95602	0	-1.33136	-12.30887	-1.374847	20.72382	
78	-1.80014	-13.1282	0	-0.8625183	-10.70288	-4.069733	17.93036	
79	-1.80014	-13.1282	0	-1.096924	-9.091797	-6.921173	15.38634	
80	-2.034576	-13.1282	0	-1.33136	-7.60199	-9.250366	12.78133	
81	-1.80014	-12.89377	0	-1.33136	-6.397461	-10.5137	10.10313	
82	-1.565704	-12.89377	0	-1.33136	-4.03656	-9.499084	7.113172	
83	-1.80014	-12.89377	0	-1.33136	-2.516602	-8.351532	5.089153	
84	-1.80014	-12.89377	0	-0.6280823	-1.318115	-6.468567	2.776706	
85	-2.034576	-12.65933	0	-1.33136	0.1034813	-3.88092	1.315134	
86	-1.80014	-10.78387	0	-1.33136	3.13493	-0.4935303	0.3464757	
87	-1.565704	-8.673981	0	-1.33136	4.736749	1.227762	-0.9227905	
88	-1.565704	-7.267395	0	-1.33136	4.899773	1.030058	-2.52478	
89	-1.565704	-7.032959	0	-1.33136	5.368833	0.8823085	-3.457367	
90	-1.565704	-7.267395	0	-0.8625183	5.417533	0.5513463	-3.114136	
91	-1.80014	-7.032959	0	-1.33136	4.755031	-0.5495605	-2.09137	
92	-1.80014	-7.032959	0	-1.33136	4.54611	-0.862854	-0.9383545	
93	-1.565704	-6.798523	0	-1.33136	4.66808	-0.3312378	0.05491922	
94	-1.565704	-6.798523	0	-1.33136	4.537407	-0.2653809	0.2724549	
95	-1.565704	-7.032959	0	-1.33136	4.537604	-0.3557129	0.2287837	
96	-1.565704	-7.032959	0	-1.096924	4.604495	-0.3424683	0.4425482	
97	-1.80014	-7.032959	0	-1.33136	4.637786	-0.4086304	0.7008103	
98	-1.565704	-6.798523	0	-1.33136	4.56728	-0.4236755	0.8363658	
99	-1.565704	-7.032959	0	-1.33136	4.575126	-0.4034729	0.8749492	
100	-1.80014	-7.032959	0	-1.33136	4.417371	-0.3449402	0.6470703	
101	-1.565704	-7.032959	0	-1.096924	4.429603	-0.4238892	0.4042662	
102	-2.034576	-7.267395	0	-1.33136	4.385218	-0.4869995	0.3609666	
103	-1.80014	-7.032959	0	-1.33136	4.502712	-0.4866943	0.6480995	
104	-1.565704	-7.032959	0	-1.33136	4.331572	-0.4390564	0.8473902	
105	-1.80014	-7.032959	0	-1.096924	4.151792	-0.3353577	1.056412	
106	-1.80014	-7.032959	0	-1.33136	4.281034	-0.3851929	1.041684	
107	-1.565704	-7.032959	0	-0.8625183	4.251106	-0.4909668	1.062165	
108	-2.034576	-7.032959	0	-1.33136	4.199264	-0.4367371	1.189723	
109	-1.80014	-7.032959	0	-1.33136	4.165463	-0.3308105	1.551622	
110	-1.80014	-6.798523	0	-1.33136	4.106859	-0.1764832	1.569807	
111	-1.565704	-6.798523	0	-1.33136	3.927058	0.06617638	1.368989	
112	-1.565704	-7.032959	0	-1.33136	3.974019	0.4274715	1.151664	
113	-1.565704	-7.267395	0	-0.6280823	4.05265	0.2987545	1.34417	
114	-2.034576	-7.032959	0	-1.096924	3.931732	0.06691763	1.410064	
115	-1.80014	-7.032959	0	-1.33136	3.876527	0.1121013	1.457298	
116	-1.565704	-7.032959	0	-1.33136	3.825837	0.1002606	1.462341	
117	-1.565704	-6.798523	0	-1.33136	3.74282	0.02377494	1.660069	
118	-1.565704	-7.032959	0	-1.33136	3.854465	-0.06030273	1.960459	


Angle MV instances
Rotate	106.5913	24.61536	47.58969	25.08423	4.454224	
ChildRotate	84.1611	10.54947	14.30035	6.329651	4.68866	9.142853	26.72525	7.736237	9.142853	11.72162	6.329651	3.047607	7.267395	21.33331	2.109894	6.564117	2.109894	
RotateInverse	
ChildRotateInverse	82.82971	3.516487	20.16115	25.08422	17.81683	32.35162	12.42489	10.54945	2.813183	10.78388	28.6007	18.52012	
Docking x	36.11942	3.931793	3.206696	2.733032	2.364349	2.913757	2.765015	2.776764	3.213623	2.676483	6.368683	4.820282	7.192444	10.94739	11.42886	8.54248	5.257599	3.81546	3.976318	2.083069	2.273418	2.175733	3.514536	2.062105	3.663987	5.831421	4.553009	2.360901	3.031449	
Docking y	123.0777	4.709351	9.087616	13.61694	12.66513	14.26428	8.98822	7.696075	11.31961	4.873535	3.217072	3.799469	4.561005	2.748138	2.900391	9.861053	4.963287	3.992944	5.447035	2.6887	4.07332	2.579353	2.326292	3.559683	4.006542	4.504726	5.322008	3.866672	3.638071	3.291745	2.295455	2.758371	2.217353	2.007671	2.635554	2.647467	2.423182	2.172266	2.519548	5.092818	5.578577	2.296014	2.694885	2.85144	2.329193	2.587646	3.38739	
Docking z	55.63013	4.501801	7.630672	8.027534	7.11619	5.343773	4.70825	4.208956	4.640087	4.636433	4.077568	3.053051	3.931438	25.31194	16.74995	6.691925	2.376099	3.864014	3.985626	4.689026	6.473969	2.981293	5.045197	2.018738	3.192749	3.994171	4.802795	2.997009	3.687775	4.325684	4.635925	5.483002	2.494507	2.550842	3.403687	4.340668	4.596392	5.671126	5.462935	3.871648	3.796862	2.793465	2.544012	2.605014	2.678195	2.989963	2.024019	2.312447	
Total MV Amount	1488.737


Angle TRE instances
Rotate	31	
ChildRotate	40	45	52	76	
RotateInverse	1	
ChildRotateInverse	43	
Docking x	50	60	71	73	82	89	91	
Docking y	24	26	51	55	75	79	85	
Docking z	46	49	66	68	84	
Total TRE Count	25


Correct Angles	Rotate	ChildRotate	RotateInverse	ChildRotateInverse	Docking x	Docking y	Docking z
	-6.222006E-32	0	0	6.222006E-32	0	0	0

Angle Error	Rotate	ChildRotate	RotateInverse	ChildRotateInverse	Docking x	Docking y	Docking z
	1.80014	7.267395	0	0.6280823	3.957209	0.1172485	2.156614

Time Taken	Hours	Minutes	Seconds	Milliseconds	Seconds float	Completion time
	0	0	6	997	6.997202	00h:00m:06s:997ms

Final Results	Tester Name	Time of Test	Dock Shape Style	Virtual Device Visible	Time Taken	Shape Precision %	Orientation Precision %	Overall Precision %	Efficiency %	Difficulty	Total MV	Total TRE	
	0	2018-11-02_15:13:54	ZEROING DATA	True	00h:00m:06s:997ms	98.65339	99.57891	98.73598	100	1.382668E-34	1488.737	25	
