
Angles Over Time
Frames	Rotate	ChildRotate	RotateInverse	ChildRotateInverse	Docking x	Docking y	Docking z	
0	-60.91473	-100.3369	0	148.9019	74.14953	4.07486	-22.45743	
1	-60.91473	-100.1024	0	149.1364	74.42818	8.055653	-18.08429	
2	-60.6803	-100.1024	0	149.1364	76.26861	11.4153	-14.54193	
3	-60.91473	-100.1024	0	149.3708	76.93752	10.69466	-14.92551	
4	-60.6803	-100.1024	0	149.1364	76.83483	9.521016	-16.16141	
5	-60.6803	-99.86801	0	149.1364	76.61116	8.722736	-17.12305	
6	-60.6803	-98.22699	0	149.1364	76.80692	7.20473	-18.52725	
7	-60.6803	-95.64825	0	149.1364	75.10168	7.29379	-19.4913	
8	-60.44586	-81.3479	0	149.1364	69.53153	7.102237	-23.15662	
9	-59.50815	-74.08051	0	149.1364	63.37843	3.622785	-29.15918	
10	-50.3653	-45.4798	0	149.1364	56.0214	-5.612885	-44.22015	
11	-37.9404	1.641029	0	149.1364	45.4001	-16.1004	-67.64453	
12	0.0375878	1.875458	0	119.3635	35.4044	-7.598755	-70.88129	
13	0.2720162	1.641029	0	91.93494	24.60905	0.7289202	-59.45755	
14	0.2720162	1.641029	0	62.3965	17.7749	2.535483	-52.62561	
15	0.2720162	1.641029	0	37.07785	9.839764	4.126582	-44.76431	
16	0.2720162	1.406593	0	20.19875	3.845619	5.543221	-33.67212	
17	0.2720162	1.641029	0	-0.4312744	-6.244171	7.961962	-25.32559	
18	0.5064523	1.875458	0	-0.1968384	-15.46884	9.829232	-22.57599	
19	0.2720162	1.875458	0	-0.4312744	-18.54843	9.208636	-18.63373	
20	0.2720162	1.875458	0	-0.1968384	-23.04041	8.108428	-13.79684	
21	0.5064523	1.406593	0	-0.1968384	-27.7178	7.73708	-9.295624	
22	0.03758784	1.875458	0	-0.4312744	-32.20557	6.921372	-3.083405	
23	0.2720163	1.875458	0	-0.4312744	-35.43365	6.02168	1.792044	
24	0.2720163	1.641029	0	-0.4312744	-37.44427	4.646243	5.206051	
25	0.2720163	1.641029	0	-0.4312744	-39.50085	3.738948	6.9083	
26	0.5064523	1.875458	0	-0.1968384	-43.23337	3.495514	7.987931	
27	0.2720163	1.641029	0	-0.4312744	-46.90353	0.973662	10.74517	
28	0.03758784	1.641029	0	-0.4312744	-50.56561	-0.8754883	14.44071	
29	0.2720163	1.641029	0	-0.4312744	-47.3002	1.29538	13.43408	
30	0.5064523	1.406593	0	-0.4312744	-38.11713	3.21423	11.17723	
31	0.5064523	-0.234436	0	-0.4312744	-30.69415	4.197605	9.304171	
32	0.2720163	-3.750916	0	-0.4312744	-20.37503	3.309218	6.993237	
33	-0.1968384	-3.516479	0	-0.1968384	-10.05206	2.438859	4.227726	
34	0.2720163	-3.282043	0	-0.4312744	-3.519257	1.867009	1.146073	
35	0.03758789	-2.578766	0	-0.4312744	-0.8040161	1.463966	-0.5075073	
36	0.5064523	-3.047607	0	-0.1968384	0.3212448	0.5043602	-1.130585	
37	0.5064523	-2.813171	0	-0.4312744	1.091523	-0.2903442	-1.045532	
38	0.2720163	-3.047607	0	0.03759424	1.084996	-0.4305115	-1.53653	
39	-0.1968384	-2.813171	0	-0.4312744	1.195608	-0.03567505	-1.821106	
40	0.2720163	-2.813171	0	-0.4312744	1.800169	0.4211789	-1.682983	
41	0.2720163	-2.578766	0	-0.4312744	1.0375	1.32233	-1.378937	
42	0.2720163	-2.578766	0	-0.4312744	0.433139	2.205783	-0.3684387	
43	0.5064523	-2.578766	0	-0.4312744	0.3465926	2.892572	0.4821405	
44	0.0375879	-2.578766	0	-0.1968384	0.009991553	3.484978	1.060568	
45	0.2720163	-2.813171	0	-0.4312744	-0.05499268	3.936963	1.134732	
46	0.2720163	-2.578735	0	-0.4312744	0.4927639	4.064406	1.123653	
47	0.5064523	-2.34433	0	-0.4312744	0.5698732	3.770687	0.7543108	
48	0.5064523	-2.34433	0	-0.4312744	0.07029538	3.253518	0.4333892	
49	0.5064523	-2.578766	0	-0.4312744	0.3266338	2.850496	0.1756383	
50	0.7408808	-2.813171	0	-0.4312744	0.6486301	2.45639	0.04599399	
51	0.5064523	-2.578735	0	-0.4312744	0.4694747	2.043171	-0.1829834	
52	0.5064523	-1.641022	0	-0.4312744	-1.070709	1.334689	-0.1810608	
53	0.5064523	-0.9377136	0	-0.4312744	-2.545227	0.5509685	-0.4902649	
54	0.7408808	-1.17215	0	-0.4312744	-3.087616	-0.1513062	-0.4111328	
55	0.5064523	-0.9377136	0	-0.4312744	-4.018677	-0.9454346	-0.5874329	
56	0.5064523	-0.9377136	0	-0.1968384	-3.924774	-1.271484	-1.034302	
57	0.5064523	-0.9377136	0	-0.4312744	-3.693573	-1.398315	-1.259491	
58	0.5064523	-0.7033081	0	-0.4312744	-1.825775	-1.463776	-1.277985	
59	0.5064523	-0.7033081	0	-0.4312744	1.377669	-1.164795	-1.350403	
60	0.7408808	-0.7033081	0	-0.4312744	3.739642	-1.017639	-1.162598	
61	0.2720164	-1.17215	0	0.2720304	4.193472	-0.8484192	-0.823761	
62	0.03758797	-0.7033081	0	-0.4312744	4.389096	-0.6333923	-0.6908875	
63	0.5064523	-0.9377136	0	-0.4312744	4.279701	-0.5272217	-0.3852234	
64	0.7408808	-0.7033081	0	-0.4312744	3.869698	-0.4963684	-0.1376343	
65	0.5064523	-0.7033081	0	-0.4312744	3.855371	-0.5049744	-0.2290649	
66	0.7408808	-0.9377136	0	-0.4312744	3.767255	-0.5039063	-0.1473083	
67	0.7408808	-0.9377136	0	-0.4312744	3.710882	-0.4958801	-0.210907	
68	0.2720164	-0.7033081	0	-0.4312744	3.402934	-0.4950256	-0.1652832	
69	0.5064524	-0.7033081	0	-0.4312744	3.288148	-0.4803467	-0.1968079	
70	0.5064524	-0.7033081	0	-0.4312744	3.195948	-0.470459	-0.3761292	
71	0.7408808	-0.7033081	0	-0.4312744	2.999239	-0.4695129	-0.4693909	
72	0.2720164	-0.9377136	0	-0.4312744	2.856751	-0.4302063	-0.381958	
73	0.7408808	-0.7033081	0	-0.4312744	2.559077	-0.4325256	-0.3625183	
74	0.5064524	-0.9377136	0	-0.4312744	2.55705	-0.4134521	-0.410553	
75	0.7408808	-0.7033081	0	-0.4312744	2.533676	-0.3930359	-0.3658447	
76	0.7408808	-0.7033081	0	-0.4312744	2.59186	-0.3782959	-0.4102173	
77	0.5064524	-0.7033081	0	-0.4312744	2.661451	-0.3762817	-0.3316345	
78	0.7408808	-0.9377136	0	-0.4312744	2.615019	-0.3712463	-0.289978	
79	0.5064524	-0.7033081	0	-0.4312744	2.562511	-0.2517395	-0.4884338	
80	0.5064524	-0.7033081	0	-0.4312744	2.58482	-0.1758728	-0.6576538	
81	0.5064524	-0.9377136	0	-0.4312744	2.526675	-0.1562805	-0.6523438	
82	0.5064524	-0.7033081	0	-0.4312744	2.551031	-0.1225891	-0.7165527	


Angle MV instances
Rotate	60.91473	9.142853	12.4249	37.97799	
ChildRotate	100.3369	2.578735	14.30035	7.267395	28.60071	47.12083	3.516479	
RotateInverse	
ChildRotateInverse	148.9019	29.77287	27.42854	29.53844	25.31865	16.87911	20.63002	
Docking x	74.14953	5.570152	6.153107	7.357021	10.6213	9.995701	10.79535	6.83415	7.935141	5.994144	10.08979	9.22467	3.07959	4.491974	4.677399	4.487762	3.228088	2.01062	2.05658	3.732513	3.670166	3.662079	3.265411	9.183075	7.422974	10.31912	10.32297	6.532806	2.71524	2.361973	
Docking y	4.07486	3.980793	3.359651	3.479452	10.48752	8.501648	8.327675	2.41874	2.521852	
Docking z	22.45743	4.373138	3.542358	3.665314	6.002563	15.06097	23.42438	3.236755	11.42374	6.83194	7.861298	11.09219	8.346527	2.749603	3.942261	4.836884	4.501221	6.212219	3.414007	2.757238	3.695536	2.25685	2.310934	2.765511	3.081654	
Total MV Amount	1091.587


Angle TRE instances
Rotate	13	
ChildRotate	12	
RotateInverse	1	
ChildRotateInverse	18	
Docking x	34	
Docking y	9	10	13	16	24	
Docking z	23	24	33	
Total TRE Count	12


Correct Angles	Rotate	ChildRotate	RotateInverse	ChildRotateInverse	Docking x	Docking y	Docking z
	-5.358057E-22	-1.611493E-43	0	8.786024E-22	0	0	0

Angle Error	Rotate	ChildRotate	RotateInverse	ChildRotateInverse	Docking x	Docking y	Docking z
	0.5064524	0.9377136	0	0.03759429	2.598654	0.1178284	0.708252

Time Taken	Hours	Minutes	Seconds	Milliseconds	Seconds float	Completion time
	0	0	4	881	4.881103	00h:00m:04s:881ms

Final Results	Tester Name	Time of Test	Dock Shape Style	Virtual Device Visible	Time Taken	Shape Precision %	Orientation Precision %	Overall Precision %	Efficiency %	Difficulty	Total MV	Total TRE	
	0	2018-11-02_15:12:12	ZEROING DATA	True	00h:00m:04s:881ms	99.7942	99.84702	99.6106	100	1.571565E-24	1091.587	12	
