
Angles Over Time
Frames	Rotate	ChildRotate	RotateInverse	ChildRotateInverse	Docking x	Docking y	Docking z	
0	-77.27414	-41.49451	0	7.590291	-78.7056	-86.82819	-44.6105	
1	-77.27414	-41.49451	0	7.355863	-78.29443	-86.29498	-45.17511	
2	-77.27414	-41.26007	0	7.355863	-77.75848	-87.24771	-44.41385	
3	-77.27414	-41.72894	0	7.824729	-77.28046	-87.72992	-44.21265	
4	-77.27414	-41.26007	0	7.355864	-76.95819	-86.85437	-45.9682	
5	-77.27414	-41.49451	0	7.355864	-76.61972	-87.30765	-48.01685	
6	-77.27414	-41.26007	0	12.27894	-77.24188	-86.26553	-53.48145	
7	-77.27414	-37.97803	0	27.28258	-80.55316	-80.26535	-70.03284	
8	-77.0397	-34.22711	0	29.62691	-84.55148	-43.57089	-121.1377	
9	-75.86755	-33.52383	0	40.17635	-84.32916	19.5611	159.1509	
10	-63.67709	-33.52383	0	41.3485	-78.20599	36.97392	125.1657	
11	-54.76868	-33.75827	0	41.58294	-70.91022	39.19252	111.4293	
12	-47.97015	-31.64838	0	41.3485	-64.25861	41.27701	98.15684	
13	-44.92252	-31.41394	0	44.16169	-56.1568	34.11616	93.86587	
14	-39.53058	-25.08426	0	48.38147	-45.93524	25.11895	89.4162	
15	-38.8273	-4.454254	0	52.83568	-37.63211	18.26212	81.51016	
16	-39.06171	-2.109924	0	61.50967	-31.00653	11.38162	72.25042	
17	-39.06171	-1.875488	0	61.50967	-26.96249	6.725906	63.69535	
18	-38.8273	-1.875488	0	61.27524	-16.80154	6.297275	52.58732	
19	-41.40604	-2.109924	0	61.04081	-10.10767	1.815857	37.50745	
20	-41.17163	-2.34436	0	61.04081	-5.712006	-4.333954	27.22747	
21	-41.17163	-2.34436	0	61.04081	-2.695465	-9.776245	23.83852	
22	-31.32547	-2.109924	0	61.04081	-0.8738403	-15.06021	21.31157	
23	-27.10568	-2.109924	0	61.04081	0.09989456	-19.24673	21.47148	
24	-18.19727	-1.641083	0	60.57195	1.810082	-24.35406	17.62338	
25	-1.318176	-2.34436	0	60.57195	3.50322	-27.75577	24.90638	
26	-1.552612	-1.406647	0	60.10308	4.748848	-26.18845	31.02928	
27	-1.08374	-9.611755	0	59.86865	6.782955	-23.53943	32.81329	
28	-1.08374	-13.12823	0	55.18001	7.170194	-24.23239	32.55004	
29	-1.08374	-14.30042	0	49.78808	6.964054	-23.92737	32.90106	
30	-1.08374	-14.06598	0	48.61592	6.548111	-22.08423	31.18961	
31	-0.8493042	-14.30042	0	37.83205	7.81318	-22.04535	25.24153	
32	-1.08374	-14.06598	0	10.87237	8.993718	-22.45779	24.9171	
33	-1.08374	-14.30042	0	0.08849248	6.355896	-25.35187	26.00467	
34	-0.3804321	-14.06598	0	0.3229285	7.298176	-25.7471	25.77553	
35	-0.3804321	-13.83154	0	0.08849247	8.182379	-25.8613	24.44647	
36	-0.1460266	-13.12823	0	0.5573568	6.917937	-26.86542	25.03271	
37	-0.3804321	-10.08063	0	0.08849246	7.486516	-26.56689	25.27646	
38	-0.6148682	-1.875519	0	0.08849246	6.747894	-27.16229	19.65345	
39	-0.3804321	-0.7033386	0	0.08849246	6.564841	-25.61914	16.18326	
40	-0.1460266	-0.7033386	0	0.08849246	5.540889	-22.01031	15.41898	
41	-0.1460266	-0.7033386	0	0.3229285	2.711891	-17.22348	15.51335	
42	-0.1460266	-0.7033386	0	0.5573569	1.726576	-13.5433	13.0208	
43	-0.6148682	-0.7033386	0	0.3229284	0.8971083	-10.75757	10.61435	
44	-0.1460266	-0.7033386	0	0.08849242	-0.2467041	-8.845673	8.609281	
45	-0.3804321	-0.4689331	0	0.08849242	-1.445038	-7.807495	6.286689	
46	-0.3804321	-0.4689331	0	0.08849242	-1.02002	-6.97879	5.70945	
47	-0.1460266	-0.4689331	0	0.08849242	-0.08093262	-6.412445	5.552256	
48	-0.1460266	-0.9377747	0	4.308272	0.2053494	-6.221069	4.767258	
49	-0.3804321	-0.7033386	0	5.714866	0.314255	-5.613586	3.785008	
50	-0.3804321	-0.4689331	0	9.231346	-0.5062561	-5.113953	2.378553	
51	-0.3804321	-0.7033386	0	9.934638	-2.153564	-4.105499	0.5443668	
52	-0.1460266	-0.7033386	0	9.70021	-4.422302	-2.947937	-0.2252502	
53	-0.1460266	-0.7033386	0	9.934638	-5.550293	-1.607452	-0.5227966	
54	-0.3804321	-0.7033386	0	9.934638	-5.565918	-0.7841492	0.06900466	
55	-0.1460266	-0.7033386	0	9.465774	-5.978363	-0.0852356	0.5498576	
56	-0.1460266	-0.7033386	0	9.700211	-5.112549	0.9161723	1.501198	
57	-0.1460266	-0.4689331	0	9.700211	-2.920074	2.361962	2.714742	
58	-0.1460266	-0.4689331	0	9.700211	-1.211853	2.842353	3.8454	
59	-0.1460266	-0.7033386	0	9.700211	-0.5455322	2.547744	4.779871	
60	-0.6148682	-0.7033386	0	9.231346	-0.4126587	2.167439	5.148676	
61	-0.3804321	-0.9377747	0	9.231346	-0.2417908	1.54828	4.960114	
62	-0.3804321	-0.7033386	0	6.183731	0.2734812	0.323149	5.081136	
63	-0.3804321	-0.4689331	0	2.667251	1.606318	-1.232117	6.717521	
64	-0.3804321	-0.7033386	0	2.667251	2.665011	-1.542786	7.158632	
65	-0.1460266	-0.7033386	0	2.667251	2.58345	-0.9190979	6.7876	
66	-0.6148682	-0.7033386	0	0.08849315	2.878593	0.01591898	6.875136	
67	-0.3804321	-0.7033386	0	0.08849315	2.706303	0.3657995	7.29213	
68	-0.3804321	-0.7033386	0	0.08849315	2.673123	0.722569	7.249892	
69	-0.3804321	-0.7033386	0	0.3229292	3.307697	1.018844	7.106221	
70	-0.3804321	-0.7033386	0	0.5573576	3.986137	1.27805	7.010837	
71	-0.1460266	-0.7033386	0	0.08849316	4.182036	1.163219	6.881037	
72	-0.3804321	-0.9377747	0	0.08849316	3.885243	0.8979234	6.527562	
73	-0.1460266	-0.7033386	0	0.08849316	3.575756	0.5293992	6.202466	
74	-0.1460266	-0.4689331	0	0.08849316	3.449653	0.1769982	5.866707	
75	-0.1460266	-0.7033386	0	0.08849316	3.481647	-0.3740234	5.686108	
76	-0.1460266	-0.7033386	0	0.7917936	3.673773	-0.7585144	5.583064	
77	-0.3804321	-0.7033386	0	0.3229293	4.462694	-0.477417	5.770586	
78	-0.1460266	-0.7033386	0	0.08849321	5.565001	-0.1870117	6.668601	
79	-0.1460266	-0.4689331	0	0.08849321	5.801349	0.1812815	6.522685	
80	-0.1460266	-0.9377747	0	0.08849321	5.637941	0.2784183	6.248318	
81	-0.1460266	-0.7033386	0	0.08849321	5.242175	0.05360318	5.893547	
82	-0.1460266	-0.9377747	0	0.3229292	4.561637	-0.1999512	5.401492	
83	-0.1460266	-0.7033386	0	0.08849318	3.644625	-0.6694946	4.728872	
84	-0.1460266	-0.9377747	0	0.08849318	2.203971	-1.371002	3.872154	
85	-0.1460266	-0.7033386	0	0.08849318	1.599385	-2.144196	3.470356	
86	0.08841383	-0.4689331	0	0.3229292	1.308612	-2.925018	3.267324	
87	-0.1460266	-0.7033386	0	0.08849318	1.150496	-3.107056	3.141935	
88	0.08841383	-0.7033386	0	0.08849318	1.346562	-3.000549	3.086049	
89	-0.3804321	-0.7033386	0	0.08849318	1.353999	-3.163361	3.091465	
90	-0.1460266	-0.7033386	0	0.3229292	1.382408	-3.119598	2.975526	
91	-0.1460266	-0.7033386	0	0.08849316	1.564985	-3.018311	2.943715	
92	-0.1460266	-0.9377747	0	0.3229292	1.966433	-2.684875	3.085094	
93	-0.1460266	-0.7033386	0	0.5573576	1.89851	-2.762665	3.164801	
94	-0.1460266	-0.7033386	0	0.3229292	1.843724	-2.860138	3.286031	
95	-0.3804321	-0.7033386	0	0.08849316	1.947345	-2.85611	3.362253	
96	0.08841377	-0.7033386	0	0.08849316	1.652994	-3.013367	3.267529	


Angle MV instances
Rotate	77.27414	12.19046	8.908417	6.798523	3.047638	5.391937	2.578735	9.846161	4.219788	8.908417	16.87909	
ChildRotate	41.49451	3.282043	3.750916	2.109894	6.329681	20.63	2.34433	8.205109	3.516479	3.047607	8.205109	
RotateInverse	
ChildRotateInverse	7.590291	4.923073	15.00365	2.344322	10.54944	2.813187	4.219788	4.454205	8.673996	4.688641	5.39193	10.78387	26.95968	10.78387	4.21978	3.51648	3.047616	3.516479	2.578758	
Docking x	78.7056	3.311279	3.998322	6.123169	7.295776	6.651611	8.101807	10.22156	8.303131	6.62558	4.044037	10.16095	6.693878	4.39566	3.016541	2.034107	2.637823	2.828999	2.268738	2.192474	
Docking y	86.82819	6.000183	36.69446	63.13199	17.41282	2.218605	2.084488	7.160854	8.997206	6.856834	6.880493	4.655718	4.481418	6.149811	5.442291	5.283966	4.186523	5.10733	3.401703	2.649017	2.894073	3.608826	4.786835	3.680176	2.785736	
Docking z	44.6105	2.048645	5.4646	16.55139	51.10489	280.2886	33.98516	13.73649	13.27242	4.29097	4.449669	7.906036	9.259743	8.555073	11.10803	15.07987	10.27997	3.388956	2.526947	3.848101	7.283003	6.122902	5.948078	5.623007	3.470194	2.492554	2.406451	2.005065	2.322591	
Total MV Amount	1457.439


Angle TRE instances
Rotate	26	
ChildRotate	16	27	38	
RotateInverse	1	
ChildRotateInverse	34	49	63	
Docking x	22	27	41	53	57	78	82	
Docking y	20	21	51	
Docking z	49	60	61	62	83	
Total TRE Count	22


Correct Angles	Rotate	ChildRotate	RotateInverse	ChildRotateInverse	Docking x	Docking y	Docking z
	-7.837315E-26	-1.611493E-43	0	0	0	0	0

Angle Error	Rotate	ChildRotate	RotateInverse	ChildRotateInverse	Docking x	Docking y	Docking z
	0.08841377	0.7033386	0	0.08849316	1.530942	3.060852	3.231332

Time Taken	Hours	Minutes	Seconds	Milliseconds	Seconds float	Completion time
	0	0	5	705	5.705142	00h:00m:05s:705ms

Final Results	Tester Name	Time of Test	Dock Shape Style	Virtual Device Visible	Time Taken	Shape Precision %	Orientation Precision %	Overall Precision %	Efficiency %	Difficulty	Total MV	Total TRE	
	0	2018-11-02_15:09:06	ZEROING DATA	True	00h:00m:05s:705ms	99.87775	98.83478	99.30926	100	8.708128E-29	1457.439	22	
