
Angles Over Time
Frames	Rotate	ChildRotate	RotateInverse	ChildRotateInverse	Docking x	Docking y	Docking z	
0	-88.0809	-100.3369	0	93.36954	20.9803	-127	43.33635	
1	-87.37762	-100.1025	0	93.83841	21.10864	-125.6688	43.74003	
2	-87.37762	-100.1025	0	93.60397	21.20855	-124.9717	44.05385	
3	-87.37762	-100.1025	0	93.36954	21.27252	-123.9073	44.74759	
4	-87.37762	-100.1025	0	93.60397	20.94454	-122.3433	44.98401	
5	-87.37762	-100.3369	0	94.07283	20.31156	-119.8092	45.00946	
6	-87.61206	-100.1025	0	93.60397	19.84016	-116.1471	44.61523	
7	-87.37762	-100.1025	0	93.60397	18.03501	-112.4947	44.32988	
8	-87.61206	-100.1025	0	93.60397	16.66703	-109.9845	44.46097	
9	-87.61206	-100.1025	0	93.83841	15.43267	-107.5352	44.92619	
10	-87.37762	-100.3369	0	94.77614	14.60916	-102.5418	47.55258	
11	-87.84647	-100.1025	0	94.07283	12.99884	-98.71237	50.48855	
12	-87.37762	-100.1025	0	93.60397	11.66815	-97.53214	53.25198	
13	-87.37762	-100.1025	0	93.36954	11.31746	-94.54074	53.2105	
14	-87.37762	-100.1025	0	93.60397	11.2305	-89.59857	51.99924	
15	-87.37762	-99.86804	0	93.60397	10.65952	-83.76102	48.80596	
16	-87.37762	-100.1025	0	94.30727	8.157296	-77.02777	45.76693	
17	-87.61203	-100.3369	0	93.36954	4.660401	-72.52658	45.25944	
18	-87.37759	-100.1025	0	93.60398	3.002976	-71.22836	45.46355	
19	-85.73657	-100.3369	0	93.60398	3.518851	-69.42773	44.98256	
20	-84.56442	-100.1025	0	93.36954	3.57004	-65.54016	43.26786	
21	-84.56442	-100.3369	0	94.77615	2.182905	-61.9263	40.27315	
22	-85.03326	-100.1025	0	94.30728	0.9057875	-61.89145	41.23684	
23	-84.56442	-100.1025	0	93.60399	0.5508735	-63.02478	41.40514	
24	-84.32999	-100.1025	0	93.83842	0.0975471	-62.93686	40.54502	
25	-84.32999	-100.1025	0	93.60399	0.8359646	-61.61472	39.2362	
26	-84.09555	-100.1025	0	93.83842	1.184075	-60.19684	39.41566	
27	-84.32999	-100.3369	0	94.07285	0.7082267	-59.12445	40.88266	
28	-84.32999	-100.1025	0	93.604	0.7979336	-58.59729	40.67564	
29	-84.32999	-100.1025	0	93.604	1.032562	-58.38446	40.46871	
30	-84.56442	-100.1025	0	93.604	-0.03604126	-56.71057	41.36731	
31	-84.09555	-100.1025	0	93.604	-2.194061	-53.85104	42.6608	
32	-82.68896	-100.3369	0	94.07286	-2.107269	-52.45007	40.20019	
33	-78.46918	-100.3369	0	94.07286	0.06134109	-51.8858	34.49686	
34	-73.78055	-100.1025	0	93.83842	1.47369	-50.76151	31.4325	
35	-69.56076	-100.1025	0	93.83842	1.768162	-49.90689	30.26617	
36	-69.09192	-100.1025	0	93.604	3.252961	-49.04163	29.36307	
37	-69.09192	-100.1025	0	93.604	5.393608	-47.7189	27.14526	
38	-68.85748	-100.5713	0	95.24503	6.406562	-46.31622	26.50538	
39	-67.21649	-100.3369	0	93.604	7.440464	-45.67508	24.64761	
40	-61.59009	-100.1025	0	93.604	9.756158	-45.51688	20.86217	
41	-60.41794	-100.1025	0	93.83844	10.91843	-44.19702	20.42892	
42	-60.18353	-100.1025	0	93.604	11.63129	-41.77951	21.01562	
43	-55.72931	-99.86804	0	96.88605	11.9094	-40.29724	21.01332	
44	-51.04068	-72.20505	0	105.7945	11.30406	-38.21445	18.2354	
45	-51.50952	-37.74356	0	107.9044	11.75944	-35.7807	12.65232	
46	-51.04065	-6.564087	0	107.9044	9.957077	-30.98907	6.623015	
47	-47.28976	-7.736267	0	107.6699	8.313325	-27.71957	-3.846283	
48	-34.63043	-7.032959	0	107.6699	11.45048	-27.1059	-11.84213	
49	-26.42529	-8.439545	0	108.3732	12.12696	-25.4859	-11.38254	
50	-24.78427	-3.516479	0	102.7468	12.025	-22.51398	-9.631561	
51	-20.79895	-1.641022	0	87.27434	12.20703	-18.9816	-7.512115	
52	-20.33008	-0.7033081	0	61.95568	12.04507	-14.67526	-0.7050476	
53	-19.62677	-0.7033081	0	37.34032	10.62008	-10.8074	9.39072	
54	-21.50223	-0.7033081	0	22.10223	8.66807	-8.522919	16.40625	
55	-24.08099	-3.047607	0	21.8678	9.245185	-7.166046	17.37717	
56	-25.95645	-1.406586	0	15.53814	8.626259	-6.089752	17.18999	
57	-25.95645	-1.875458	0	16.47587	7.14872	-5.538513	16.88812	
58	-27.36304	-1.641022	0	13.89712	6.981774	-5.176575	16.37844	
59	-27.59747	-1.641022	0	13.19382	6.855864	-4.966614	15.57904	
60	-27.1286	-4.219788	0	15.06927	5.379512	-5.080322	14.97746	
61	-28.53519	-7.736267	0	11.08393	4.305376	-4.97052	17.15803	
62	-27.59747	-6.329651	0	10.1462	5.354027	-4.572571	16.13796	
63	-26.65973	-4.454224	0	9.677338	5.369459	-3.90976	14.01178	
64	-25.95645	-4.688629	0	4.519837	5.527336	-2.402649	11.14739	
65	-21.73666	-4.688629	0	4.988701	4.273689	-1.630768	10.73102	
66	-22.67441	-8.205109	0	8.505181	2.685146	-1.970215	11.81576	
67	-24.54987	-4.688629	0	4.285401	1.303278	-2.827423	12.28953	
68	-21.26782	-5.157501	0	4.050973	-0.3493042	-3.869263	11.95656	
69	-18.22018	-3.516479	0	5.457566	-0.4039612	-4.828552	7.10837	
70	-10.01508	-6.329651	0	4.754265	-1.030823	-5.716797	4.905729	
71	-4.857574	-5.157501	0	5.457566	-1.668732	-6.400116	3.215249	
72	-1.106659	-7.267395	0	6.86416	-1.693817	-6.708008	1.026031	
73	-0.4033508	-6.095245	0	4.285401	-1.59198	-6.690918	0.2913431	
74	2.878687	-6.798523	0	-0.6376648	-1.944855	-6.622559	-0.2424316	
75	4.28528	-6.095245	0	-0.6376648	-1.992554	-6.663177	-0.22229	
76	4.050844	-6.095245	0	-0.6376648	-1.924774	-6.661377	-0.1438293	
77	4.050844	-8.673981	0	2.64438	-1.885254	-6.645538	-0.1704712	
78	1.70653	-7.032959	0	-0.6376648	-1.878052	-6.646027	-0.1950378	
79	4.050844	-6.329651	0	-0.6376648	-1.820496	-6.645355	-0.1728821	
80	4.754145	-6.798523	0	-0.6376648	-1.436554	-6.655731	-0.3164368	
81	5.22301	-6.798523	0	-0.6376648	-1.748993	-6.54007	-0.2053223	
82	4.988574	-8.673981	0	2.175515	-1.706848	-6.547455	-0.1659546	
83	2.409823	-7.267395	0	0.7689216	-1.756226	-6.539551	-0.1807556	
84	4.050845	-6.095245	0	-0.6376648	-1.877197	-6.450043	-0.1567993	
85	5.22301	-6.329651	0	-0.8721008	-1.921814	-6.301758	-0.03344727	
86	5.22301	-5.860809	0	-0.1687927	-1.836182	-4.741638	0.0188651	
87	4.51971	-6.329651	0	-0.6376648	-1.828003	-1.289185	-0.1802979	
88	5.22301	-9.377289	0	3.816537	-1.668121	1.47372	-0.3945618	
89	1.472094	-6.095245	0	-0.1687927	-1.60144	1.691755	-0.4359131	
90	4.51971	-6.095245	0	-0.8721008	-1.504425	1.642878	-0.4300232	
91	5.22301	-6.095245	0	-0.6376648	-1.390717	1.577362	-0.4390259	
92	5.22301	-6.095245	0	-0.6376648	-1.195435	1.169258	-0.493927	
93	5.457438	-8.908417	0	-0.4032288	-1.109161	0.09891433	-0.4654541	
94	2.64426	-7.736267	0	0.7689219	-1.207733	-0.2651062	-0.434021	
95	4.050846	-5.860809	0	-0.6376648	-1.297089	-0.2243652	-0.4294739	
96	5.457439	-4.923065	0	-0.6376648	-1.410736	-0.2075195	-0.4162598	
97	6.395168	-6.329651	0	-0.6376648	-1.378357	-0.2075806	-0.4156189	
98	5.457438	-5.626373	0	-0.6376648	-1.354218	-0.207428	-0.407074	
99	5.457438	-8.673981	0	3.582108	-1.394836	-0.2071533	-0.3997498	
100	1.940959	-6.095245	0	-0.8721008	-1.386902	-0.2069397	-0.39151	


Angle MV instances
Rotate	88.0809	4.219788	4.688629	4.219788	5.626404	4.454224	4.688629	3.750885	12.65933	8.205139	3.985321	2.578766	4.219788	3.282043	3.047638	8.205109	5.157501	3.750916	3.282038	2.344315	2.344315	2.57875	3.750916	3.047616	2.813179	3.516479	
ChildRotate	100.3369	27.66299	34.46149	31.17947	4.923065	2.344299	2.578766	3.516479	3.516479	3.516479	2.813171	2.109894	2.578735	3.047638	3.282043	2.813171	3.047607	2.578735	
RotateInverse	
ChildRotateInverse	93.36954	3.282043	8.908417	2.109894	5.626381	15.4725	25.31866	24.61536	15.23808	6.329666	2.578754	3.985345	5.157501	3.51648	4.21978	2.578759	4.923066	3.282044	3.282044	4.454202	3.98533	4.219773	4.454209	
Docking x	20.9803	2.502219	3.496895	2.15802	2.16861	2.140647	2.315694	3.137153	
Docking y	127	2.534134	3.662109	3.652344	2.510208	2.44931	4.993423	3.829407	2.991394	4.942169	5.837555	6.733246	4.50119	3.887573	3.613861	2.859528	2.417511	2.082794	2.433746	4.791626	3.269501	2.971924	3.532379	4.306335	3.867859	2.284485	3.452454	
Docking z	43.33635	2.626389	2.935966	2.763432	3.193275	3.039036	2.994713	2.460613	5.703335	3.064354	2.217808	3.785444	2.77792	5.583079	6.029301	10.4693	7.99585	2.119446	6.807068	10.09577	7.01553	2.180574	2.126185	2.864388	4.848186	2.202641	2.189218	
Total MV Amount	1099.446


Angle TRE instances
Rotate	72	81	82	85	87	88	89	91	94	96	100	
ChildRotate	51	61	63	66	67	68	69	70	96	97	
RotateInverse	1	
ChildRotateInverse	65	66	67	69	70	71	73	
Docking x	18	37	61	62	65	
Docking y	61	70	86	
Docking z	52	53	70	
Total TRE Count	39


Correct Angles	Rotate	ChildRotate	RotateInverse	ChildRotateInverse	Docking x	Docking y	Docking z
	-4.115247E-27	0	0	4.115247E-27	0	0	0

Angle Error	Rotate	ChildRotate	RotateInverse	ChildRotateInverse	Docking x	Docking y	Docking z
	5.22301	5.860809	0	0.06562866	1.403107	0.2069092	0.3918152

Time Taken	Hours	Minutes	Seconds	Milliseconds	Seconds float	Completion time
	0	0	5	954	5.953887	00h:00m:05s:954ms

Final Results	Tester Name	Time of Test	Dock Shape Style	Virtual Device Visible	Time Taken	Shape Precision %	Orientation Precision %	Overall Precision %	Efficiency %	Difficulty	Total MV	Total TRE	
	1	2018-11-07_15:43:41	ZEROING DATA	True	00h:00m:05s:954ms	98.45146	99.88912	98.95625	100	9.144993E-30	1099.446	39	
