
Angles Over Time
Frames	Rotate	ChildRotate	RotateInverse	ChildRotateInverse	Docking x	Docking y	Docking z	
0	0.9503002	0.937711	0	-2.09729	0	0	0	
1	0	0.2344284	0	0	-0.007385254	0.000158699	0.008767486	
2	0	0	0	0.234436	-0.01473999	0.0003162699	0.01753497	
3	0	-1.17218	0	2.344322	-0.02212524	0.0004727129	0.02630247	
4	-1.406586	-0.234436	0	0	-0.02212524	0.0004727129	0.02630247	
5	0	-8.004111E-08	0	0	-0.0295105	0.0006280292	0.03507004	
6	0	-8.004111E-08	0	0.4688644	-0.0295105	0.0006280292	0.03507004	
7	-0.234436	-8.004111E-08	0	0.4688644	-0.0295105	0.0006280292	0.03507004	
8	-0.234436	-1.406586	0	1.875458	-0.0295105	0.0006280292	0.03507004	
9	-1.406586	-0.234436	0	0.9377288	-0.02072144	0.0007806221	0.04244433	
10	1.067137E-07	0.7032926	0	5.082576E-08	-0.02999878	0.4715659	0.02592775	
11	0.4688645	0.4688643	0	0.4688645	0.04333647	0.4716966	0.02803051	
12	1.067208E-07	0.4688643	0	5.336041E-08	0.156371	0.4716465	0.01874197	
13	0.703293	0.2344282	0	5.336041E-08	0.2709207	0.4102012	0.2218266	
14	0.703293	-0.9377441	0	1.172157	0.3885157	-0.7771606	0.5892916	
15	-0.7032776	-2.64262E-07	0	3.685133E-08	0.507507	-2.915161	0.749729	
16	1.067197E-07	-2.64262E-07	0	18.2857	0.6545657	-4.257935	0.540218	
17	-0.234436	-13.1282	0	37.04026	0.7652476	-4.386047	0.9611936	
18	-0.234436	-45.01096	0	37.74355	0.9045947	-3.37912	2.938965	
19	-0.234436	-61.18677	0	57.20141	0.7225895	-2.75592	3.284559	
20	-1.641022	-71.0329	0	84.39553	0.8037419	-2.860931	2.526625	
21	0	-78.06586	0	113.2307	0.6096124	-6.77478	1.696904	
22	-0.4688721	-82.05121	0	125.6556	1.123812	-10.06851	1.315281	
23	0.4688645	-81.81677	0	124.249	2.442254	-10.21014	1.355717	
24	0.4688645	-81.58234	0	132.4541	4.209343	-12.48898	3.059835	
25	1.067208E-07	-78.53473	0	132.2197	8.508453	-16.70486	8.443962	
26	-22.50546	-65.17209	0	135.9706	11.8878	-21.23413	16.66896	
27	-40.3223	-63.06219	0	138.7838	15.41912	-27.52588	10.03092	
28	-40.3223	-63.29663	0	139.9559	17.55198	-35.71005	4.985488	
29	-43.83878	-63.29663	0	139.9559	18.25002	-42.6178	5.053212	
30	-45.94867	-67.04755	0	137.3772	18.30292	-49.81335	9.341092	
31	-50.63733	-74.31494	0	141.3625	20.07222	-58.35083	5.647664	
32	-54.85709	-77.59698	0	144.1757	22.16734	-65.79269	-2.195587	
33	-65.40652	-83.92664	0	144.6446	23.61991	-72.29453	-7.856018	
34	-73.37723	-86.73984	0	144.6446	23.63842	-76.9212	-9.146301	
35	-78.30029	-97.05484	0	145.1134	23.31833	-78.90155	-8.327484	
36	-78.76917	-102.6812	0	143.9413	22.69184	-80.77197	-5.654358	
37	-79.0036	-105.9633	0	144.6446	21.76626	-82.19965	-5.523621	
38	-79.47247	-107.1354	0	144.6446	21.21645	-82.63391	-7.166351	
39	-79.47247	-117.4504	0	144.4101	20.52985	-82.44632	-4.992737	
40	-79.23804	-117.9193	0	144.6446	21.34861	-82.36038	-0.01669312	
41	-79.23804	-116.7471	0	143.0035	23.6881	-81.27368	2.907639	
42	-79.0036	-117.6848	0	143.9413	23.59579	-82.39752	1.926375	
43	-79.47247	-118.6226	0	144.6446	22.7057	-84.68411	2.33224	
44	-79.47247	-119.3259	0	144.879	20.02468	-87.24707	3.962021	
45	-79.70691	-119.3259	0	144.879	14.24411	-88.2453	5.946162	
46	-79.70691	-118.857	0	144.879	6.954071	-90.74799	5.134212	
47	-79.70691	-118.6226	0	144.6446	3.218599	-92.33594	8.220894	
48	-79.94135	-119.0914	0	145.3479	1.091054	-93.71979	8.90725	
49	-79.94135	-119.0914	0	144.879	2.716364	-94.47638	9.23653	
50	-79.94135	-119.0914	0	145.1134	6.202898	-95.44568	9.262189	
51	-79.94135	-119.0914	0	145.3479	6.81261	-96.00711	7.831125	
52	-80.17575	-118.3881	0	144.4101	6.768332	-95.54352	5.343549	
53	-80.87906	-118.857	0	144.879	7.430555	-95.66446	1.375662	
54	-80.64462	-119.0914	0	145.3479	8.257127	-95.40646	-2.209229	
55	-80.41019	-119.5603	0	145.3479	9.080429	-95.89273	-5.975616	
56	-80.87906	-119.5603	0	145.3479	9.801331	-99.27975	-9.324127	
57	-82.05121	-119.3259	0	145.3479	8.414378	-100.1874	-10.47269	
58	-84.1611	-118.6226	0	144.879	5.992734	-101.667	-11.79901	
59	-88.38089	-119.0914	0	145.3479	3.261105	-102.7408	-11.78983	
60	-92.36621	-118.857	0	145.3479	2.787096	-103.0507	-12.8624	
61	-95.41385	-119.0914	0	145.3479	4.183918	-103.7981	-12.61935	
62	-95.88269	-119.0914	0	145.3479	4.488647	-103.6354	-11.54227	
63	-96.586	-118.1537	0	144.6446	4.170377	-104.2666	-10.93411	
64	-97.05487	-118.6226	0	145.1134	4.310872	-105.0734	-10.84827	
65	-97.28931	-118.857	0	145.3479	4.142114	-103.2632	-10.65793	
66	-97.52374	-119.5603	0	145.3479	4.103704	-102.4551	-10.28705	
67	-97.75815	-119.5603	0	145.3479	3.835813	-101.7225	-9.842896	
68	-97.99258	-118.857	0	145.3479	3.87317	-101.5224	-9.769196	
69	-97.75815	-118.1537	0	144.6446	3.957883	-100.5034	-9.569305	
70	-97.75815	-119.0914	0	144.879	4.250853	-99.70215	-9.218292	
71	-97.75815	-119.0914	0	145.1134	4.043827	-97.89261	-9.395355	
72	-97.75815	-119.0914	0	145.3479	4.260569	-97.25064	-9.513885	
73	-97.99258	-119.0914	0	145.3479	4.016096	-96.22925	-9.113586	
74	-97.99258	-119.0914	0	145.3479	4.046022	-95.06732	-8.483276	
75	-97.75815	-118.1537	0	144.6446	4.313397	-94.2262	-8.246552	
76	-97.75815	-119.0914	0	145.5823	4.395514	-93.20535	-8.058716	
77	-97.75815	-119.0914	0	145.3479	4.257161	-91.20691	-8.196442	
78	-97.75815	-119.3259	0	145.1134	4.021196	-90.44205	-8.418396	
79	-97.99258	-119.5603	0	145.1134	4.171363	-89.78806	-8.543823	
80	-97.99258	-119.3259	0	145.3479	4.334897	-89.52264	-8.835632	
81	-97.99258	-118.857	0	144.879	4.219918	-88.60309	-9.052063	


Angle MV instances
Rotate	22.50546	17.81683	3.516479	2.109894	4.68866	4.219757	10.54944	7.970703	4.923065	2.109894	4.219788	3.985321	3.047638	
ChildRotate	13.1282	31.88275	16.17581	9.84613	7.032959	3.985352	3.047607	13.36264	2.109894	3.750916	7.267395	3.282043	6.329651	2.813202	10.315	5.626373	3.282043	10.315	
RotateInverse	
ChildRotateInverse	2.09729	2.09729	2.109886	2.344322	18.2857	18.75457	19.45786	27.19412	28.83514	12.4249	8.205116	3.7509	2.813202	2.578751	3.985352	2.813171	
Docking x	4.29911	3.379352	3.531311	2.132859	2.095123	2.339489	2.681025	5.780565	7.290043	3.735472	2.127545	3.486534	2.421644	2.731629	
Docking y	2.138	3.913849	3.293732	2.278839	4.215881	4.529266	6.291748	8.184174	6.907745	7.195557	8.537476	7.441864	6.501831	4.626678	2.286591	2.562958	2.502686	3.387024	
Docking z	5.384127	8.225002	6.638041	5.045435	4.28788	3.693429	7.843251	5.660431	2.673126	2.173615	4.976044	2.924332	3.086681	2.487576	3.967887	3.766388	3.348511	
Total MV Amount	613.9729


Angle TRE instances
Rotate	60	61	
ChildRotate	
RotateInverse	1	
ChildRotateInverse	48	49	50	52	54	58	59	63	64	69	71	75	76	81	
Docking x	1	25	47	50	59	
Docking y	
Docking z	
Total TRE Count	20


Correct Angles	Rotate	ChildRotate	RotateInverse	ChildRotateInverse	Docking x	Docking y	Docking z
	-90	-129.6029	0	150	-5.122642E-06	-150	-90

Angle Error	Rotate	ChildRotate	RotateInverse	ChildRotateInverse	Docking x	Docking y	Docking z
	7.758148	10.51144	0	4.652145	3.818683	62.0697	80.73892

Time Taken	Hours	Minutes	Seconds	Milliseconds	Seconds float	Completion time
	0	0	4	845	4.844832	00h:00m:04s:845ms

Final Results	Tester Name	Time of Test	Dock Shape Style	Virtual Device Visible	Time Taken	Shape Precision %	Orientation Precision %	Overall Precision %	Efficiency %	Difficulty	Total MV	Total TRE	
	1	2018-11-07_15:46:42	Ltd Random	False	00h:00m:04s:845ms	96.81642	73.55396	86.54372	85.78639	0.6773366	613.9729	20	
