
Angles Over Time
Frames	Rotate	ChildRotate	RotateInverse	ChildRotateInverse	Docking x	Docking y	Docking z	
0	-0.7033081	-5.626373	0	-0.7032776	0.0008428317	-0.2064819	0.004720856	
1	-0.004723863	-1.180622E-11	0	0.2297046	0	0	0	
2	-0.004723863	-2.109894	0	2.339591	0.05442106	-0.09359741	0.02058261	
3	-1.880188	-8.765487E-08	0	1.401862	0.3620587	-0.01123047	0.07491358	
4	-0.2391663	0.7032927	0	-0.00472388	0.3262587	-0.1309509	0.07711083	
5	0.6985688	0.7032927	0	0.2297045	0.3805051	-0.130249	0.09549173	
6	-0.00472404	0.2344283	0	0.2297046	0.336528	-0.1146545	0.1457275	
7	0.6985688	0.7032927	0	0.2297046	0.1633557	-0.2952271	0.2067147	
8	0.6985688	-0.9377136	0	1.401862	0.1124114	-0.2939453	0.2717504	
9	-0.7080078	0.7032927	0	2.574027	0.1159109	-0.3617859	0.4653579	
10	0.6985688	-1.067197E-07	0	3.746184	0.1076268	-0.6804199	0.3309669	
11	-0.2391663	-0.234436	0	8.200393	0.1383109	-0.412384	0.3142886	
12	-0.004724033	-0.234436	0	8.434829	0.1282444	0.2436437	0.6153251	
13	-0.2391663	-3.282043	0	10.77914	0.2226225	0.5470947	0.6858725	
14	-1.880188	-12.19046	0	9.138123	0.7840242	0.8971241	1.545682	
15	-0.2391663	-33.75821	0	8.43483	1.232533	1.655234	4.092834	
16	-0.2391663	-40.08789	0	8.669259	1.28993	1.81896	8.545068	
17	-4.693359	-39.85345	0	6.793802	2.014665	1.796136	16.20531	
18	-12.19519	-39.85345	0	6.324937	3.670947	1.036617	20.0794	
19	-14.30508	-40.79117	0	7.262666	6.754514	0.2568063	21.80185	
20	-18.29044	-38.91571	0	0.6985717	10.25788	-0.7339783	24.65421	
21	-21.10361	-33.52377	0	0.2297073	14.46471	-1.922729	26.19518	
22	-21.10361	-21.56775	0	0.2297073	20.94979	-4.276245	23.81794	
23	-20.86917	-16.41025	0	0.2297073	31.12934	-8.619904	19.65298	
24	-20.86917	-18.05127	0	2.339593	40.53856	-12.88651	20.1171	
25	-22.04132	-17.34796	0	1.401864	46.46598	-15.01794	21.86842	
26	-21.33804	-23.67764	0	0.2297073	52.44155	-15.29361	24.35883	
27	-20.86917	-30.00729	0	0.2297073	60.17731	-12.91443	27.80946	
28	-20.4003	-38.44687	0	0.2297073	68.17138	-10.73605	30.68227	
29	-20.16589	-45.01096	0	0.6985717	79.72241	-2.869202	41.03118	
30	-20.63474	-48.76187	0	1.401865	83.97305	124.2979	169.2688	
31	-21.33804	-50.16846	0	0.2297075	72.30429	145.3416	-168.144	
32	-20.86917	-53.21606	0	-0.004720917	66.59945	148.2834	-163.353	
33	-20.86917	-63.29663	0	0.2297075	59.68092	149.193	-159.7303	
34	-16.18054	-72.20508	0	-0.00472089	50.39848	148.885	-159.1172	
35	-1.17688	-75.01825	0	0.698572	41.57285	148.3334	-153.917	
36	-2.114624	-77.59698	0	1.167436	40.01423	148.5161	-149.8847	
37	-2.114624	-79.94135	0	0.2297075	39.17635	149.6601	-144.6679	
38	-1.411316	-80.17575	0	0.2297075	36.88221	150.2845	-137.5765	
39	-0.7080078	-85.56769	0	0.2297075	34.79393	151.3756	-127.3731	
40	-1.17688	-89.55304	0	0.4641435	32.59499	150.6317	-123.7704	
41	-1.411316	-92.60065	0	3.511759	32.15873	150.0737	-121.7205	
42	-3.755646	-96.11713	0	0.2297075	31.45444	148.7979	-120.7578	
43	-1.411316	-98.22705	0	0.2297075	31.35869	147.6594	-120.178	
44	-1.411316	-98.93033	0	-0.004720877	31.66736	146.9948	-119.3104	
45	-0.7080078	-99.63361	0	0.4641434	31.54739	146.2247	-117.0898	
46	-7.975403	-100.1025	0	0.2297075	29.95353	146.1919	-113.222	
47	-15.2428	-100.1025	0	1.401865	28.49349	147.4121	-109.5716	
48	-27.66769	-100.1025	0	0.4641434	28.57884	145.6303	-106.483	
49	-35.16953	-100.1025	0	0.2297074	29.32052	142.9146	-105.6744	
50	-38.92044	-100.1025	0	0.2297074	29.59796	140.9017	-105.6509	
51	-38.92044	-100.3369	0	-0.00472101	29.21234	138.3207	-105.9391	
52	-39.85815	-100.1025	0	3.746187	28.92673	135.708	-105.6944	
53	-44.07794	-100.1025	0	1.167436	29.15713	133.2468	-104.614	
54	-46.65671	-99.86804	0	-0.0047209	29.30852	129.4825	-103.4183	
55	-49.93875	-100.1025	0	-0.0047209	29.37536	129.1725	-102.8181	
56	-52.51752	-100.1025	0	0.2297075	30.30716	128.6883	-102.0946	
57	-56.034	-100.1025	0	0.2297076	31.39678	128.257	-101.8624	
58	-59.55048	-100.1025	0	1.167437	31.10554	127.7379	-102.3369	
59	-60.48819	-100.1025	0	0.2297077	30.85503	127.6738	-102.4726	
60	-60.25375	-100.1025	0	0.2297077	30.58362	127.8296	-102.4912	
61	-60.25375	-100.1025	0	-0.004720677	30.68975	127.8401	-102.3751	
62	-60.25375	-100.1025	0	0.2297077	30.81862	125.9564	-102.2767	
63	-60.25375	-100.1025	0	2.339594	31.0435	123.3657	-102.3464	
64	-60.72263	-99.86804	0	1.167437	31.23619	120.8681	-102.4543	
65	-60.48819	-100.1025	0	0.4641439	31.40909	116.063	-102.7109	
66	-60.25375	-100.1025	0	0.229708	31.60668	113.6685	-102.9998	
67	-59.78491	-100.3369	0	-0.004720436	31.87114	113.5442	-103.0254	
68	-59.78491	-100.1025	0	0.229708	31.84165	113.5659	-102.9669	
69	-59.78491	-100.1025	0	1.636302	31.87402	111.5956	-103.07	
70	-60.72263	-100.1025	0	0.229708	31.7593	107.5312	-103.3148	
71	-60.25375	-99.86804	0	-0.004720343	31.67386	105.4989	-103.3535	
72	-60.25375	-100.1025	0	0.229708	31.61613	103.6273	-103.3293	
73	-60.25375	-100.1025	0	0.229708	31.66964	101.7352	-103.4099	
74	-60.25375	-100.1025	0	2.57403	31.7615	99.61231	-103.5338	


Angle MV instances
Rotate	4.454193	7.501831	2.109894	3.985352	2.813171	4.688629	15.00366	2.34433	2.34433	7.267395	7.267395	12.4249	7.501831	3.750916	4.219788	2.578766	3.282043	2.578766	3.516479	3.516479	
ChildRotate	5.626373	5.626373	2.109894	2.109894	3.047607	8.908417	21.56775	6.329681	5.391937	11.95602	5.157501	6.329681	6.329651	8.439575	6.564087	3.750916	3.047607	10.08057	8.908447	2.813171	2.578735	2.34436	5.391937	3.985352	3.047607	3.516479	2.109924	
RotateInverse	
ChildRotateInverse	2.109886	4.454208	2.344316	6.564094	2.109886	3.047615	3.282051	3.750908	2.57875	2.109886	2.344322	
Docking x	3.083567	3.503364	4.206828	6.485082	10.17956	9.409218	5.927418	5.975567	7.73576	7.994072	11.55103	4.250641	11.66876	5.704842	6.918526	9.282448	8.82563	2.29414	2.088287	2.198936	
Docking y	2.353516	4.343658	4.266602	2.131439	2.379181	2.178375	7.866852	127.1671	21.04374	2.941803	2.715729	2.012909	2.580963	2.612747	2.461136	3.764297	2.590721	2.497581	4.805054	2.394493	4.0644	2.032288	2.122841	
Docking z	2.547152	4.452234	7.660239	3.874088	2.852362	2.377239	4.164953	2.49041	3.450632	2.872807	10.34891	128.2376	4.791031	3.622681	5.200241	4.032333	5.216812	7.0914	10.20335	3.602753	2.049896	2.220596	3.867752	3.650421	3.088654	
Total MV Amount	871.4933


Angle TRE instances
Rotate	
ChildRotate	16	22	28	29	
RotateInverse	1	
ChildRotateInverse	1	11	20	
Docking x	16	21	
Docking y	
Docking z	
Total TRE Count	8


Correct Angles	Rotate	ChildRotate	RotateInverse	ChildRotateInverse	Docking x	Docking y	Docking z
	-110	-37.87842	0	0	5.787796	167.909	-84.31503

Angle Error	Rotate	ChildRotate	RotateInverse	ChildRotateInverse	Docking x	Docking y	Docking z
	49.04294	62.22406	0	1.401865	25.85624	70.30257	19.33261

Time Taken	Hours	Minutes	Seconds	Milliseconds	Seconds float	Completion time
	0	0	4	433	4.433008	00h:00m:04s:433ms

Final Results	Tester Name	Time of Test	Dock Shape Style	Virtual Device Visible	Time Taken	Shape Precision %	Orientation Precision %	Overall Precision %	Efficiency %	Difficulty	Total MV	Total TRE	
	1	2018-11-07_15:36:40	Presets_dockPreset_4	False	00h:00m:04s:433ms	84.35155	83.40089	81.89204	92.26646	0.4509892	871.4933	8	
