
Angles Over Time
Frames	Rotate	ChildRotate	RotateInverse	ChildRotateInverse	Docking x	Docking y	Docking z	
0	-58.13687	-70.09518	0	61.42347	84.18702	67.18514	96.79035	
1	-58.60571	-70.09518	0	60.72018	84.18041	67.00378	96.80939	
2	-58.84015	-70.56406	0	65.64325	84.17251	66.63659	96.95913	
3	-59.54346	-70.32962	0	62.12677	84.14797	66.29777	97.04655	
4	-59.07458	-70.32962	0	46.41982	84.14777	66.13931	97.13226	
5	-59.07458	-70.56406	0	48.99857	84.1394	65.92253	97.21842	
6	-59.07458	-70.32962	0	51.81176	84.13332	65.74681	97.22801	
7	-59.07458	-71.26733	0	53.45278	84.12411	65.66153	97.2737	
8	-60.71561	-71.0329	0	62.59563	84.09724	65.81248	97.67262	
9	-59.54346	-70.56406	0	62.3612	83.51841	62.56542	94.99849	
10	-59.30902	-70.32962	0	8.207405	82.90792	56.31431	92.52382	
11	-58.60571	-63.29666	0	3.753197	83.28791	44.04908	82.5747	
12	-58.60571	-43.1355	0	4.925354	82.27345	37.4024	73.77863	
13	-58.37128	-36.33698	0	7.73854	78.88879	26.01916	57.89267	
14	-53.68265	-28.60074	0	4.456497	67.35653	13.99388	38.9259	
15	-44.77423	-25.31866	0	5.394218	49.97425	9.82053	23.17842	
16	-28.83286	-19.92673	0	5.628654	39.91375	8.564214	15.78892	
17	-25.31638	-8.908447	0	5.863082	34.39592	9.397414	15.35951	
18	-22.73761	-9.142883	0	11.72388	28.35075	11.65383	15.27972	
19	-26.01965	-6.329681	0	8.441841	23.94518	10.04609	16.50008	
20	-23.67535	-3.985352	0	5.628654	20.58017	6.664865	16.29054	
21	-22.5032	-3.282074	0	5.394217	14.67562	3.604852	15.19991	
22	-21.33102	-4.219788	0	6.331946	9.801306	1.45226	16.35991	
23	-22.03433	-3.51651	0	6.566383	6.312176	0.4041316	16.53649	
24	-21.7999	-9.846161	0	10.31729	3.202548	0.3197035	14.44346	
25	-25.31638	-12.19049	0	14.7715	1.744929	0.5186911	12.21926	
26	-18.04898	-19.69232	0	25.08651	1.575304	0.0178382	8.693162	
27	-6.327362	-20.63004	0	25.78981	1.68563	-1.719086	1.593337	
28	-1.169861	-19.92676	0	23.91435	0.7249788	-2.179016	1.489815	
29	0.7055823	-22.27106	0	22.97663	0.4197445	-2.39032	1.157432	
30	-4.68634	-16.41028	0	14.53707	0.2244747	-2.514893	1.159119	
31	0.002282013	-12.89377	0	8.910701	0.1886523	-2.516998	1.09114	
32	3.049905	-11.01831	0	4.456499	0.2206196	-2.516602	1.085862	
33	3.049905	-6.095245	0	0.236719	0.2051979	-2.623749	1.131815	
34	4.222062	-1.17218	0	0.4711474	0.233877	-2.507904	1.165699	
35	3.284333	-3.282074	0	3.753199	0.1768649	-2.226898	0.8404892	
36	0.9400112	-1.641052	0	0.236719	0.1465374	-1.229431	0.7666571	
37	3.518762	-1.17218	0	0.00229057	0.1180264	0.2618888	0.7307274	
38	3.284333	-1.17218	0	0.9400119	0.1123641	1.487948	0.7134123	
39	3.049905	-1.17218	0	0.2367191	0.1412037	1.586331	0.6912525	
40	3.049905	-6.564117	0	8.441843	0.2107078	2.025899	0.6243473	
41	-2.576477	-2.578766	0	3.049906	0.2226035	2.742534	0.5675367	
42	3.753197	-1.641052	0	-0.7010193	0.251415	4.045607	0.4729613	
43	3.753197	-1.17218	0	0.4711474	0.291544	4.411479	0.4126704	
44	3.518761	-1.17218	0	0.4711474	0.3389036	4.117548	0.38076	
45	3.753197	-1.641052	0	0.002290612	0.3427416	3.408658	0.3774739	
46	3.753197	-6.564117	0	7.269678	0.3416983	3.066174	0.3514487	
47	-1.873169	-1.406616	0	1.877741	0.3470278	2.875474	0.3136502	
48	4.222061	-1.641052	0	0.236719	0.3889378	2.501619	0.3075004	
49	3.753197	0.2344071	0	0.7055833	0.3997746	1.774646	0.2950829	
50	4.925354	-0.2344666	0	-0.2321472	0.4199875	1.911791	0.2655165	
51	5.394218	-2.125028E-05	0	0.2367189	0.4271108	1.617825	0.2454423	
52	5.15979	-3.750946	0	3.284334	0.4348839	1.535247	0.237764	
53	1.64331	-1.17218	0	0.7055836	0.4318877	1.610237	0.2204565	
54	3.284332	-1.17218	0	0.2367193	0.4505579	1.028082	0.2121242	
55	3.753196	-1.641052	0	0.2367193	0.4717937	0.3499247	0.2213093	
56	3.753196	-0.9377441	0	0.9400122	0.4949371	-0.5412598	0.2337189	
57	3.284332	-6.329681	0	7.504115	0.5047544	-1.393158	0.2635733	
58	-2.576477	-1.875488	0	0.4711477	0.5021973	-1.377563	0.2472905	
59	3.753196	-1.406616	0	0.940012	0.4955104	-1.393402	0.2568069	
60	3.049903	-1.406616	0	1.643313	0.4955104	-1.393402	0.2568069	
61	2.581039	-1.406616	0	1.877741	0.4955104	-1.393402	0.2568069	
62	2.815467	-6.798553	0	5.159792	0.4955104	-1.393402	0.2568069	
63	-2.342041	-2.34433	0	1.643313	0.4989821	-1.008667	0.241315	
64	2.815467	-3.282074	0	2.581042	0.4934318	-0.6401978	0.2192905	
65	1.64331	-4.219788	0	3.987635	0.4818682	-0.3380127	0.2074764	
66	0.7055812	-6.329681	0	7.26968	0.4801212	-0.124939	0.203972	


Angle MV instances
Rotate	58.13687	4.688629	8.908417	15.94138	3.516479	2.578766	3.282043	2.344299	3.516479	7.267395	11.72162	5.157501	5.391922	4.688622	3.047623	2.344322	2.57875	6.09523	3.516479	
ChildRotate	70.09518	7.032959	20.16116	6.798523	7.736237	3.282074	5.391937	11.01828	2.813202	2.34433	6.329651	2.34433	7.501831	2.344299	5.860779	3.51651	4.923065	4.923065	2.109894	5.391937	3.985352	4.923065	5.157501	3.750925	2.578766	5.391937	4.454193	5.391937	4.454224	2.109894	
RotateInverse	
ChildRotateInverse	61.42347	4.923073	3.516483	15.70695	2.578754	2.813187	9.142849	54.15379	4.454208	2.813187	3.282043	5.860801	3.282043	2.813188	3.750907	4.454209	10.31501	8.439557	5.626371	4.454202	4.21978	3.282052	3.51648	8.205124	5.391937	3.750925	7.267387	5.391937	3.047615	2.578751	6.564103	7.032967	3.282051	3.516479	3.282044	
Docking x	84.18702	3.384659	11.53226	17.38227	10.06051	5.51783	6.045166	4.405571	3.365007	5.904549	4.874317	3.48913	3.109629	
Docking y	67.18514	3.247055	6.25111	12.26524	6.646671	11.38325	12.02528	4.173347	2.256417	3.381227	3.060013	2.152592	
Docking z	96.79035	2.674133	2.47467	9.94912	8.796074	15.88596	18.96677	15.74748	7.389496	2.093024	2.224201	3.526098	7.099825	
Total MV Amount	1153.876


Angle TRE instances
Rotate	29	51	53	
ChildRotate	21	24	34	40	41	46	47	57	58	62	63	66	
RotateInverse	1	
ChildRotateInverse	12	13	14	15	32	40	41	46	47	57	58	62	63	66	
Docking x	25	
Docking y	22	
Docking z	28	
Total TRE Count	32


Correct Angles	Rotate	ChildRotate	RotateInverse	ChildRotateInverse	Docking x	Docking y	Docking z
	-1.008548E-17	-6.400838E-37	0	1.008548E-17	0	0	0

Angle Error	Rotate	ChildRotate	RotateInverse	ChildRotateInverse	Docking x	Docking y	Docking z
	2.342041	11.95605	0	11.95832	0.4745995	0.3076774	0.1807425

Time Taken	Hours	Minutes	Seconds	Milliseconds	Seconds float	Completion time
	0	0	3	960	3.95975	00h:00m:03s:960ms

Final Results	Tester Name	Time of Test	Dock Shape Style	Virtual Device Visible	Time Taken	Shape Precision %	Orientation Precision %	Overall Precision %	Efficiency %	Difficulty	Total MV	Total TRE	
	1	2018-11-07_15:41:10	ZEROING DATA	True	00h:00m:03s:960ms	96.35327	99.90955	97.83973	100	2.241217E-20	1153.876	32	
