
Angles Over Time
Frames	Rotate	ChildRotate	RotateInverse	ChildRotateInverse	Docking x	Docking y	Docking z	
0	-1.657837	2.34438	0	0.6866709	0.05290566	-1.181763	-0.02679443	
1	0.02571095	4.168816E-10	0	0.4945753	-0.008514404	-0.3508301	-0.001187477	
2	-0.4431458	4.168816E-10	0	-0.2087097	0.02202175	-0.5300903	-0.01785278	
3	0.2601394	-3.985352	0	4.714355	0.0704268	-0.5712891	-0.02264404	
4	-2.787476	-0.234436	0	1.432304	0.06115024	-0.3262939	-0.03381348	
5	0.02571102	-2.401233E-07	0	0.7290114	0.0843942	-0.2208862	-0.04629517	
6	-0.4431458	-2.401233E-07	0	-0.2087097	0.173801	-0.04190063	-0.05078125	
7	0.2601395	-2.401233E-07	0	0.4945753	0.2161838	0.163845	0.03929769	
8	-0.2087097	-3.750916	0	2.838898	0.2573207	0.1639731	0.04305093	
9	-2.787476	-4.266581E-07	0	1.432305	0.282326	0.1318934	0.04899664	
10	0.2601395	0.2344356	0	0.02571096	0.2967049	0.3177071	0.02846297	
11	-0.2087097	-0.7033081	0	0.02571096	0.3214844	0.416221	0.03257547	
12	0.2601395	-0.234436	0	-0.2087097	0.3303843	0.4163756	0.0397907	
13	0.0257111	-0.234436	0	0.02571096	0.356998	0.5385516	0.05974013	
14	-0.2087097	-1.406586	0	2.135605	0.3692314	0.555488	0.09897917	
15	-0.2087097	0.2344355	0	0.02571082	0.3988849	0.7517219	0.150253	
16	0.0257111	-5.336074E-07	0	-0.2087097	0.5738888	0.6364564	0.4271604	
17	0.0257111	-0.4688721	0	-0.2087097	0.3694022	0.616713	0.7336347	
18	0.2601395	0.2344355	0	0.7290113	0.3282692	0.356477	0.7172253	
19	-0.4431458	-3.282043	0	4.714355	0.3499888	-1.80542	0.7225577	
20	-3.490784	-1.17215	0	1.66674	0.3954291	-3.692596	0.7854152	
21	-0.2087097	-7.838642E-07	0	0.02571095	0.487061	-5.951935	0.8945503	
22	0.4945754	1.172164	0	0.260147	0.6836269	-9.538513	0.9333405	
23	0.9634398	0.9377281	0	0.02571098	0.697058	-13.45499	0.9237604	
24	1.197868	1.172164	0	-0.2087097	0.9704155	-15.94766	0.8380916	
25	0.9634398	-6.564087	0	1.66674	0.9494536	-17.77411	0.7462699	
26	-1.38089	-8.673981	0	0.4945754	0.9230672	-18.57413	0.770902	
27	-0.2087402	-12.4249	0	0.7290114	0.6712956	-20.0657	0.7767596	
28	-0.4431458	-12.4249	0	0.260147	0.8134429	-21.5593	0.8557608	
29	-0.2087402	-14.53479	0	0.4945754	0.8455972	-23.04443	0.8987625	
30	-0.6775818	-19.69229	0	0.2601471	0.7629489	-24.30701	0.8826657	
31	-0.2087402	-35.39923	0	1.901168	0.6784247	-26.63354	0.9703954	
32	-1.38089	-35.16479	0	-0.2087097	0.9337179	-28.76028	1.062484	
33	0.025711	-34.93036	0	-0.2087097	1.164051	-28.69266	0.9407877	
34	0.025711	-34.93036	0	0.7290113	0.8846094	-29.95605	0.86273	
35	-0.4431458	-35.16479	0	0.2601469	0.8633595	-32.40521	0.8512745	
36	-0.6775818	-38.2124	0	4.011054	0.7667494	-35.10559	0.6384773	
37	-3.959625	-36.10254	0	1.432304	0.7255606	-37.79623	0.8921592	
38	-0.9120178	-22.27103	0	-0.2087097	0.8217386	-40.3262	0.9836184	
39	-3.256348	-2.109894	0	-0.2087097	0.3622697	-42.41141	0.3409669	
40	-6.538391	2.578751	0	-0.2087097	-2.502411	-42.51053	-6.064148	
41	-1.38089	2.578751	0	3.073326	-4.730957	-44.09308	-9.309174	
42	-0.4431458	-0.4688721	0	9.402991	-4.294403	-46.7312	-11.45935	
43	-3.256348	0.9377288	0	12.91947	-3.656433	-49.79498	-11.30807	
44	-1.615326	1.641029	0	33.31506	-4.301544	-52.40259	-10.71497	
45	-2.318604	1.875458	0	51.60075	-6.452362	-57.95645	-11.82068	
46	-0.2087402	1.172165	0	56.75826	-5.368073	-64.90897	-7.099121	
47	-0.2087402	-2.344299	0	54.41393	-2.422852	-70.16953	-4.232849	
48	-3.021912	0.2344358	0	64.02565	-1.024231	-73.59171	-1.520996	
49	-0.6775818	1.641029	0	76.45054	-2.016663	-76.89032	-0.3987122	
50	0.260139	2.109886	0	87.23441	-1.226288	-80.77277	-2.31488	
51	1.666732	3.047615	0	88.87544	0.6943822	-84.88354	-3.296631	
52	1.197868	2.578751	0	91.68862	-0.3537903	-88.4682	-2.634399	
53	1.666733	0.2344359	0	99.65932	-2.065613	-90.49976	-2.670105	
54	-1.146454	1.641029	0	105.0512	-4.283234	-92.05096	-2.379089	
55	0.02571078	1.172165	0	105.5201	-6.169464	-93.40149	-0.9490662	
56	0.2601392	1.406593	0	105.7545	-7.080414	-94.15405	-0.6741943	
57	0.2601392	1.641029	0	105.7545	-7.235199	-93.71045	-2.095215	
58	0.4945751	-1.875458	0	106.9267	-7.642426	-93.52625	-2.120056	
59	-3.021912	0.4688647	0	106.4578	-8.617523	-94.44489	-1.10556	
60	-1.38089	1.875458	0	74.57509	-9.797302	-94.93619	-1.206421	
61	0.494575	2.813187	0	105.5201	-11.43991	-94.8461	-1.995026	
62	1.432296	2.813187	0	105.2857	-13.27667	-94.34418	-2.574951	
63	0.9634395	2.578751	0	105.0512	-15.44058	-94.60242	-2.958771	
64	1.197868	-0.4688721	0	105.0512	-17.19638	-94.94421	-3.736847	
65	-1.146454	1.64103	0	104.1135	-18.69653	-94.97122	-3.57431	
66	-0.2087402	1.172165	0	102.9413	-19.70483	-95.07571	-3.233948	
67	0.4945749	1.875458	0	102.2381	-21.12103	-95.53943	-2.766296	
68	0.4945749	1.875458	0	103.4102	-22.77054	-96.28998	-2.347076	
69	-0.2087402	-2.109894	0	104.3479	-25.03836	-96.6405	-2.272675	
70	-3.490784	1.257519E-07	0	103.4102	-27.17975	-96.41028	-2.309662	
71	-0.6775818	2.109886	0	101.0659	-28.77164	-96.58817	-1.331177	
72	0.02571064	3.047615	0	103.1758	-29.50238	-96.78891	1.6622	
73	1.197868	1.875458	0	102.7069	-29.28638	-96.09537	5.207159	
74	0.9634394	1.406594	0	99.19044	-28.90338	-95.17197	8.820134	
75	0.260139	-2.109894	0	98.95601	-28.44125	-94.53616	11.21311	
76	-1.615326	0.9377289	0	89.57873	-28.14148	-94.16312	12.50879	
77	0.260139	1.875458	0	92.39191	-28.47919	-93.63245	14.78879	
78	0.260139	2.813187	0	92.39191	-28.97391	-93.56122	16.4694	
79	1.432296	2.578751	0	91.68861	-29.10361	-93.6701	16.3783	
80	1.432296	2.813187	0	91.68861	-29.28833	-93.77777	16.67924	
81	1.197868	-0.234436	0	91.92304	-29.3765	-93.58389	16.78415	
82	-1.146454	1.875458	0	81.84247	-29.49966	-93.25708	17.37383	
83	-0.4431458	1.641029	0	90.75089	-29.63165	-92.55011	18.66021	
84	0.2601388	0.9377285	0	86.53111	-29.78238	-91.79214	20.4649	
85	0.2601388	1.406593	0	84.42122	-30.25769	-91.20737	23.87283	
86	0.4945748	-1.641022	0	85.35895	-30.34555	-91.6059	25.60264	
87	-3.490784	-4.357446E-07	0	83.4835	-30.36066	-91.83392	26.23203	
88	-1.146454	1.875457	0	82.54578	-30.68954	-91.77316	26.8202	
89	-0.9120178	1.875457	0	81.60805	-31.28342	-91.87643	26.71724	
90	-0.2087402	1.172165	0	81.13918	-31.94855	-92.62592	26.61214	
91	-0.9120178	0.9377284	0	81.13918	-33.08911	-94.09558	26.95873	
92	-0.9120178	-2.109894	0	83.01463	-34.03073	-95.46558	26.84584	
93	-4.194061	0.9377283	0	81.60805	-35.22427	-96.68903	26.54305	
94	-0.9120178	1.641029	0	81.13918	-36.19763	-97.9339	26.30774	
95	-0.9120178	3.047615	0	81.37361	-36.87473	-98.60397	25.80533	
96	-0.2087402	2.813186	0	81.37361	-37.23782	-98.89301	24.34541	
97	0.02571006	2.813186	0	81.13918	-37.7829	-98.93094	23.45713	
98	0.2601385	-0.234436	0	82.0769	-37.84988	-100.2625	22.90859	
99	-2.318604	2.109886	0	81.60804	-38.00528	-101.7281	22.89859	
100	-1.38089	1.172165	0	81.37362	-38.21313	-102.745	21.03164	
101	-0.9120178	1.875458	0	83.48351	-38.20444	-103.2226	17.3743	
102	-1.146454	1.875458	0	87.23441	-38.53006	-104.6311	13.63222	
103	-1.146454	-1.641022	0	89.57873	-38.97632	-106.1969	12.46268	
104	-4.662933	0.4688641	0	89.10987	-39.7016	-107.2494	13.02375	
105	-2.084198	1.875458	0	88.40658	-40.30798	-106.6139	14.09587	
106	-0.9120178	1.406593	0	88.17214	-40.75143	-106.4046	15.32295	
107	-0.2087402	1.875458	0	87.93771	-41.09473	-106.3655	16.13763	
108	-0.2087402	1.641029	0	87.93771	-41.49377	-106.1742	17.02156	


Angle MV instances
Rotate	3.047615	2.813187	2.578766	3.047615	3.047638	3.282074	3.282043	3.047607	2.34433	3.282043	5.157501	2.813202	2.109863	2.813171	2.34433	3.516487	3.282043	2.813202	3.985358	2.34433	3.282043	3.282043	2.578742	3.516479	2.578735	
ChildRotate	2.34438	2.34438	3.985352	3.750916	3.750915	3.750915	3.516479	2.109894	7.736251	2.109894	3.750916	2.109894	5.157501	15.70694	3.047607	2.109863	13.83151	20.16113	3.047623	2.578735	2.344315	3.047623	2.109894	2.109886	3.047623	3.047622	
RotateInverse	
ChildRotateInverse	4.923065	3.282051	2.344322	2.109894	2.109894	3.985344	3.047615	3.750907	2.57875	3.282035	6.329666	3.516479	20.39558	18.28569	5.157505	2.344322	9.611717	12.42489	10.78387	2.813179	7.970695	5.39193	31.88275	30.94501	2.344315	2.109886	3.516487	9.377281	2.813187	10.08057	8.908417	4.21978	2.109886	2.109886	3.750908	2.344315	
Docking x	2.864681	2.228546	2.150818	2.945221	2.217621	2.16391	2.267822	2.141388	
Docking y	2.259338	3.586578	3.916473	2.492676	2.326538	2.12674	2.449158	2.700378	2.690643	2.529968	2.085205	2.638123	3.063782	2.607605	5.553864	6.952515	5.260559	3.42218	3.298615	3.882446	4.110779	3.584656	2.031555	
Docking z	6.405115	3.245026	2.150177	4.721558	2.866272	2.711853	3.544958	3.612976	2.392975	2.279999	3.407927	3.657341	3.742078	
Total MV Amount	591.0392


Angle TRE instances
Rotate	1	40	41	
ChildRotate	1	25	39	
RotateInverse	1	
ChildRotateInverse	51	53	76	82	83	85	86	87	102	
Docking x	72	97	
Docking y	
Docking z	
Total TRE Count	15


Correct Angles	Rotate	ChildRotate	RotateInverse	ChildRotateInverse	Docking x	Docking y	Docking z
	0	0	0	90	-32.40283	-126.8766	36.21115

Angle Error	Rotate	ChildRotate	RotateInverse	ChildRotateInverse	Docking x	Docking y	Docking z
	0.2087402	1.641022	0	0.04759979	8.949585	20.95963	18.89687

Time Taken	Hours	Minutes	Seconds	Milliseconds	Seconds float	Completion time
	0	0	6	425	6.425255	00h:00m:06s:425ms

Final Results	Tester Name	Time of Test	Dock Shape Style	Virtual Device Visible	Time Taken	Shape Precision %	Orientation Precision %	Overall Precision %	Efficiency %	Difficulty	Total MV	Total TRE	
	1	2018-11-07_15:39:35	Presets_dockPreset_5	True	00h:00m:06s:425ms	99.73648	92.61917	95.97591	93.8665	0.3172118	591.0392	15	
