
Angles Over Time
Frames	Rotate	ChildRotate	RotateInverse	ChildRotateInverse	Docking x	Docking y	Docking z	
0	-36.38312	-126.5933	0	106.1515	-5.013367	2.48959	-18.4624	
1	-35.4454	-126.3588	0	106.386	-4.975403	2.483426	-19.37061	
2	-33.33551	-127.0621	0	106.6204	-4.297302	1.949992	-20.49301	
3	-32.86664	-126.8277	0	106.386	-4.206512	1.615225	-21.06076	
4	-31.92892	-126.8277	0	106.386	-3.807678	1.393749	-21.66934	
5	-29.35016	-125.89	0	105.9171	-3.967316	1.738283	-21.92078	
6	-26.53699	-126.1244	0	106.6204	-4.003387	1.882827	-22.64935	
7	-23.02051	-126.1244	0	106.1515	-4.268768	2.528912	-23.69827	
8	-16.22198	-114.8717	0	99.11858	-5.556793	3.052831	-24.58133	
9	-13.64322	-93.53836	0	82.47391	-6.952148	3.79357	-23.3187	
10	-13.87766	-55.32593	0	9.096697	-7.741669	6.011864	-15.16916	
11	-38.25858	-27.42853	0	-0.2805786	-10.50775	11.53062	3.252613	
12	-58.65417	-23.67761	0	-0.5150146	-12.83463	15.67219	8.176774	
13	-55.1377	-23.67761	0	-0.2805786	-12.03229	16.73544	2.348264	
14	-39.8996	-22.7399	0	-0.5150146	-11.14236	16.8621	-1.023712	
15	-24.42709	-10.08057	0	-0.5150146	-10.02576	17.24109	-6.028778	
16	-8.016846	-1.17215	0	-0.04614258	-8.257965	16.41059	-10.36719	
17	-1.921631	-1.17215	0	-0.5150146	-6.626404	15.47076	-8.304718	
18	-1.452759	-1.17215	0	-0.2805786	-6.427063	14.94317	-5.711426	
19	-1.452759	-0.9377136	0	-0.2805786	-5.759827	15.23544	-2.96701	
20	-1.218323	-0.9377136	0	-0.5150146	-1.929749	14.78507	0.264587	
21	-0.9838867	-0.9377136	0	-0.5150146	-0.7510376	13.57312	2.486573	
22	-0.7494812	-1.17215	0	-0.04614258	-2.998444	13.49247	3.306405	
23	-0.9838867	-1.17215	0	-0.5150146	-3.451813	14.32301	4.541727	
24	-0.7494812	-0.9377136	0	-0.2805786	-4.783661	15.76225	4.357489	
25	-0.7494812	-0.9377136	0	-0.2805786	-3.852356	18.51533	3.046989	
26	-0.7494812	-0.9377136	0	-0.7494507	-7.525574	21.40054	3.95471	
27	-0.7494812	-0.9377136	0	-0.04614258	-7.760742	21.44209	2.922963	
28	-1.218323	-0.9377136	0	-0.2805786	-7.749664	23.78746	2.290926	
29	-1.218323	-0.9377136	0	-0.2805786	-11.28333	32.16982	1.209426	
30	-0.7494812	-1.17215	0	-0.5150146	-17.35944	42.42118	-1.57962	
31	-0.7494812	-1.17215	0	-0.2805786	-19.65906	46.91718	-4.845215	
32	-0.7494812	-0.9377136	0	-0.2805786	-21.55307	46.57227	-4.84552	
33	-0.7494812	-1.406586	0	-0.2805786	-23.78708	45.45316	-3.995819	
34	-0.9838867	-1.17215	0	-0.04614258	-20.97906	41.32381	-2.267944	
35	-0.5150452	-0.9377136	0	-0.2805786	-18.06387	37.30573	-0.3969116	
36	-0.5150452	-1.17215	0	-0.5150146	-20.42099	35.55629	0.1670071	
37	-0.5150452	-0.7032776	0	-0.2805786	-18.17694	35.43816	-1.256012	
38	-0.5150452	-0.7032776	0	-0.5150146	-17.60846	33.86819	-1.232635	
39	-0.5150452	-0.9377136	0	-0.04614258	-17.15552	32.70638	-1.676178	
40	-0.7494812	-0.7032776	0	-0.5150146	-15.38025	32.57947	-4.060211	
41	-0.5150452	-0.4688416	0	-0.2805786	-13.20105	32.45095	-5.755951	
42	-0.5150452	-0.4688416	0	-0.2805786	-13.00757	34.75886	-7.122284	
43	-0.7494812	-0.7032776	0	-0.5150146	-10.67181	37.94861	-9.249481	
44	-0.7494812	-0.4688416	0	-0.2805786	-9.24411	39.48393	-10.57037	
45	-0.7494812	-0.7032776	0	-0.2805786	-7.681793	39.73515	-10.40466	
46	-0.7494812	-0.4688416	0	-0.5150146	-7.483154	39.15691	-9.756897	
47	-0.5150452	-0.7032776	0	-0.5150146	-6.9758	37.13568	-9.678589	
48	-0.5150452	-0.4688416	0	-0.5150146	-6.22522	34.67661	-10.06036	
49	-0.5150452	-0.4688416	0	-0.2805786	-6.135681	33.02586	-9.253693	
50	-0.2806091	-0.9377136	0	-0.04614258	-6.416901	32.22443	-7.914063	
51	-0.9838867	-0.9377136	0	-0.04614258	-6.319763	31.95713	-7.919922	
52	-0.7494812	-0.4688416	0	-0.2805786	-5.944458	31.66646	-8.72995	
53	-0.5150452	-0.4688416	0	-0.2805786	-5.62265	31.11256	-8.883545	
54	-0.5150452	-0.4688416	0	-0.2805786	-4.296753	30.20466	-9.929871	
55	-0.2806091	-0.4688416	0	-0.2805786	-3.329681	29.57404	-11.38098	
56	-0.7494812	-0.9377136	0	0.422716	-3.517456	27.84023	-11.66315	
57	-0.9838867	-0.4688416	0	-0.2805786	-3.871124	23.06414	-11.44766	
58	-0.5150452	-0.7032776	0	-0.5150146	-5.017578	16.50647	-9.466675	
59	-0.5150452	-0.4688416	0	-0.2805786	-7.37851	11.17085	-3.545288	
60	-0.2806091	-0.4688416	0	-0.2805786	-6.948029	6.382664	1.661218	
61	-0.5150452	-0.4688416	0	-0.2805786	-7.344055	3.319186	6.131958	
62	-0.2806091	-0.7032776	0	-0.2805786	-6.067535	2.169795	9.782864	
63	-0.5150452	-0.7032776	0	-0.5150146	-4.939514	2.085634	10.52026	
64	-0.2806091	-0.4688416	0	-0.5150146	-3.064819	2.051681	8.940105	
65	-0.2806091	-0.4688416	0	-0.5150146	-1.822571	1.738889	7.180141	
66	-0.5150452	-0.4688416	0	-0.5150146	-2.279419	0.7574636	5.708938	
67	-0.5150452	-0.7032776	0	-0.04614258	-2.899292	-0.5309448	4.686509	
68	-0.7494812	-0.7032776	0	-0.2805786	-3.823914	-1.527466	4.141654	
69	-0.5150452	-0.7032776	0	-0.5150146	-4.240326	-1.761566	3.514356	
70	-0.2806091	-0.4688416	0	-0.5150146	-4.262543	-1.575623	3.495662	
71	-0.2806091	-0.4688416	0	-0.5150146	-4.198792	-1.499237	2.807933	
72	-0.2806091	-0.4688416	0	-0.5150146	-3.968445	-1.450867	1.866054	
73	-0.5150452	-0.7032776	0	-0.04614258	-3.677704	-1.206512	0.994919	
74	-0.5150452	-0.4688416	0	-0.04614258	-3.939484	-0.744812	0.9417516	
75	-0.5150452	-0.4688416	0	-0.5150146	-4.257904	-0.6688843	1.20657	
76	-0.5150452	-0.4688416	0	-0.5150146	-4.172791	-0.8157959	0.9117422	
77	-0.5150452	-0.4688416	0	-0.7494507	-3.986908	-1.09375	0.1794212	
78	-0.5150452	-0.4688416	0	-0.2805786	-4.014679	-1.302155	-0.1412659	
79	-0.5150452	-0.7032776	0	0.4227158	-3.98526	-1.51886	-0.5656128	
80	-0.7494812	-0.4688416	0	-0.2805786	-3.911041	-1.614014	-0.9673157	
81	-0.7494812	-0.4688416	0	-0.2805786	-4.123505	-1.461731	-1.165009	
82	-0.5150452	-0.234436	0	-0.5150146	-4.238831	-1.330322	-1.206696	
83	-0.5150452	-0.4688416	0	-0.2805786	-4.298706	-1.09845	-1.364563	
84	-0.5150452	-0.7032776	0	-0.5150146	-4.309357	-1.071442	-1.46347	
85	-0.2806091	-0.9377136	0	0.4227159	-4.298065	-1.038055	-1.314178	
86	-0.9838867	-0.7032776	0	-0.2805786	-4.316772	-0.9859009	-1.219055	
87	-0.2806091	-0.4688416	0	-0.2805786	-4.333252	-0.8735657	-1.411621	
88	-0.2806091	-0.234436	0	-0.2805786	-4.321625	-0.537262	-1.50351	
89	-0.2806091	-0.4688416	0	-0.2805786	-4.375244	-0.4816284	-1.522095	
90	-0.2806091	-0.4688416	0	-0.5150146	-4.541748	-0.3692322	-1.492859	
91	-0.5150452	-0.9377136	0	0.422716	-4.626892	-0.3522644	-1.441162	
92	-0.7494812	-0.7032776	0	-0.2805786	-4.624542	-0.4072876	-1.464691	
93	-0.5150452	-0.4688416	0	-0.2805786	-4.767334	-0.3102417	-1.63562	
94	-0.5150452	-0.234436	0	-0.2805786	-4.797729	-0.1987	-1.677032	
95	-0.5150452	-0.4688416	0	-0.2805786	-4.644653	-0.2472534	-1.800934	
96	-0.0461731	-0.4688416	0	-0.5150146	-4.745483	-0.2685547	-2.05545	
97	-0.2806091	-0.9377136	0	0.4227161	-4.803101	-0.4801331	-2.355835	
98	-0.9838867	-0.4688416	0	-0.5150146	-4.937775	-0.6137695	-2.663055	
99	-0.5150452	-0.4688416	0	-0.2805786	-4.991425	-0.5742188	-2.895447	
100	-0.2806091	-0.4688416	0	-0.2805786	-5.170807	-0.3580017	-2.993713	
101	-0.5150452	-0.4688416	0	-0.2805786	-5.222687	-0.2394409	-2.822784	
102	-0.5150452	-0.4688416	0	-0.5150146	-5.225311	-0.05963135	-2.823944	
103	-0.5150452	-0.4688416	0	0.4227161	-5.15863	0.10035	-2.724518	
104	-0.9838867	-0.4688416	0	-0.7494507	-5.197205	0.2554977	-2.602692	
105	-0.5150452	-0.4688416	0	-0.7494507	-5.214233	0.3668856	-2.922333	
106	-0.2806091	-0.4688416	0	-0.2805786	-5.047791	0.5898073	-3.265442	
107	-0.2806091	-0.234436	0	-0.2805786	-5.091095	0.9045407	-3.325409	
108	-0.2806091	-0.4688416	0	-0.04614258	-5.289886	0.8975087	-2.934418	
109	-0.2806091	-0.4688416	0	-0.2805786	-5.477661	0.7642147	-2.817322	
110	-0.7494812	-0.4688416	0	-0.5150146	-5.665314	0.8729154	-2.656097	
111	-0.5150452	-0.4688416	0	-0.2805786	-5.818848	1.000212	-2.595184	
112	-0.5150452	-0.4688416	0	-0.2805786	-5.934601	0.9741368	-2.514984	


Angle MV instances
Rotate	36.38312	2.109894	2.578766	2.813171	3.516479	6.798523	2.578766	24.38092	20.3956	3.516479	15.2381	15.4725	16.41025	6.095215	
ChildRotate	126.5933	11.25273	21.33331	38.21243	27.8974	3.750916	12.65933	8.908417	
RotateInverse	
ChildRotateInverse	106.1515	7.032959	16.64467	73.37721	9.377275	
Docking x	5.013367	2.766083	2.326874	3.830078	2.247406	3.673218	3.533661	6.076111	2.299622	2.234009	2.808014	2.915192	2.357117	2.244049	2.179199	2.335754	2.360931	
Docking y	2.48959	2.218294	5.518757	4.14157	2.753078	2.885206	2.345375	8.382359	10.25137	4.495991	4.129341	4.018082	2.307911	3.189747	2.021236	2.459068	4.776085	6.557674	5.335619	4.788187	3.063477	
Docking z	18.4624	8.149536	18.42177	4.924161	5.828509	5.005066	4.338409	2.062469	2.593292	2.744415	3.231597	2.221986	3.265594	2.384033	2.127197	5.921387	4.470739	3.650906	
Total MV Amount	860.6111


Angle TRE instances
Rotate	18	
ChildRotate	17	
RotateInverse	1	
ChildRotateInverse	12	
Docking x	2	8	20	26	54	58	63	100	
Docking y	1	10	61	
Docking z	13	15	19	41	59	61	67	
Total TRE Count	20


Correct Angles	Rotate	ChildRotate	RotateInverse	ChildRotateInverse	Docking x	Docking y	Docking z
	-1.133681E-30	0	0	3.388947E-30	0	0	0

Angle Error	Rotate	ChildRotate	RotateInverse	ChildRotateInverse	Docking x	Docking y	Docking z
	0.5150452	0.4688416	0	0.5150146	6.14917	1.315495	2.734436

Time Taken	Hours	Minutes	Seconds	Milliseconds	Seconds float	Completion time
	0	0	6	629	6.629005	00h:00m:06s:629ms

Final Results	Tester Name	Time of Test	Dock Shape Style	Virtual Device Visible	Time Taken	Shape Precision %	Orientation Precision %	Overall Precision %	Efficiency %	Difficulty	Total MV	Total TRE	
	1	2018-11-22_10:32:11	ZEROING DATA	True	00h:00m:06s:629ms	99.79182	99.25002	99.07159	100	5.025142E-33	860.6111	20	
