
Angles Over Time
Frames	Rotate	ChildRotate	RotateInverse	ChildRotateInverse	Docking x	Docking y	Docking z	
0	0.8107619	2.344253	0	0.3419765	0.04188559	-0.3269348	-0.02108765	
1	0.2552873	-0.234436	0	0.02085895	0.06555244	0.1209751	-0.07827759	
2	0.02085895	-0.7033081	0	0.7241518	0.1768244	0.3567291	-0.3330994	
3	-0.6824341	4.191971E-08	0	0.02085895	0.3318403	0.4145945	-0.7778931	
4	-0.447998	4.191971E-08	0	-0.213562	0.4218482	0.3016821	-1.468109	
5	-0.213562	0.2344285	0	-0.213562	0.6444966	0.3395565	-2.363495	
6	0.2552873	5.336074E-08	0	-0.213562	0.7894586	1.096192	-3.128357	
7	0.0208589	0.2344285	0	-0.447998	0.7062462	2.534264	-3.833282	
8	0.0208589	5.336074E-08	0	0.0208589	0.9838684	5.13028	-5.824646	
9	-0.213562	5.336074E-08	0	-0.447998	-0.6073303	9.283279	-7.027954	
10	-0.213562	0.2344285	0	-0.213562	-2.945862	13.72266	-6.442657	
11	-0.213562	5.336074E-08	0	-0.213562	-6.893494	21.00311	-4.427917	
12	-0.213562	-10.54944	0	-0.213562	-11.7796	30.45811	-3.398499	
13	-0.213562	-26.25638	0	0.2552873	-14.86816	39.84353	-3.021576	
14	-0.213562	-37.74356	0	0.02085894	-18.37308	46.34845	-2.5224	
15	-0.213562	-43.83878	0	-0.447998	-19.94281	53.19651	-5.32547	
16	-0.213562	-45.71423	0	-0.213562	-18.80444	57.13927	-10.38812	
17	0.2552872	-45.94867	0	-0.213562	-17.34167	58.18763	-12.23932	
18	0.2552872	-45.71423	0	-0.213562	-16.51541	57.74576	-13.6438	
19	-5.839935	-26.25638	0	0.7241517	-17.71179	58.29793	-13.63275	
20	-27.87656	-4.219788	0	10.33587	-18.81784	58.1458	-13.88519	
21	-37.72269	-2.578735	0	18.77542	-19.82181	57.92476	-20.17322	
22	-39.83258	-2.34433	0	18.77542	-17.20056	56.59165	-17.00244	
23	-56.7117	-2.34433	0	18.30656	-17.06729	57.17075	-7.306091	
24	-69.1366	-2.34433	0	15.49337	-18.90222	59.73378	-4.671722	
25	-74.05966	-4.454193	0	10.33587	-16.44434	58.73715	-4.678864	
26	-74.2941	-26.72525	0	-0.2135925	-14.33429	59.26929	-0.7980652	
27	-74.76297	-26.72525	0	-0.2135925	-13.35999	60.00275	-3.737213	
28	-72.1842	-31.17944	0	-0.2135925	-15.60788	61.81221	-7.478577	
29	-66.08899	-58.13913	0	-0.2135925	-16.99631	64.59077	-12.05682	
30	-52.02307	-57.90469	0	0.2552856	-16.92926	66.10236	-13.46436	
31	-52.25751	-58.608	0	0.2552856	-19.95764	69.27386	-15.91345	
32	-52.02307	-65.64096	0	-0.2135925	-20.87125	70.42982	-19.44406	
33	-51.5542	-79.23801	0	9.867002	-20.30499	69.7793	-25.15466	
34	-42.41135	-96.58597	0	45.73511	-19.35495	68.24372	-37.29907	
35	-17.32712	-97.28928	0	64.48966	-18.51471	65.28928	-51.51538	
36	-10.99747	-96.8204	0	62.6142	-19.42429	64.66061	-62.58878	
37	-2.323486	-97.75815	0	97.07571	-19.59335	61.25731	-74.60431	
38	-1.854614	-107.1354	0	107.1563	-19.97971	57.91266	-82.42886	
39	-1.854614	-109.9486	0	114.6581	-20.37497	55.83035	-87.02429	
40	-1.620178	-117.216	0	120.9878	-21.85214	55.60107	-91.64908	
41	-1.854614	-125.1867	0	127.5519	-22.60495	55.00118	-95.33371	
42	-1.620178	-128.7032	0	131.5372	-22.80334	55.53183	-97.06027	
43	-2.08905	-134.564	0	133.4127	-23.52591	55.49023	-97.25067	
44	-1.620178	-137.846	0	139.0391	-24.69339	55.74755	-97.3988	
45	-1.620178	-142.0658	0	141.1489	-25.66187	55.38945	-97.53519	
46	-1.620178	-143.2379	0	141.6178	-25.91855	54.61297	-97.09436	
47	-1.620178	-145.3478	0	141.1489	-26.23102	54.08371	-97.06287	
48	-2.323486	-148.161	0	141.3834	-25.99603	54.17181	-94.95889	
49	-2.08905	-148.8643	0	141.6178	-26.1738	55.683	-92.53735	
50	-1.854614	-149.0987	0	141.8522	-25.96594	55.69649	-93.88745	
51	-1.854614	-148.6299	0	141.8522	-25.59464	55.73418	-94.76938	
52	-1.620178	-148.8643	0	141.8522	-26.07199	55.6574	-96.79697	
53	-1.854614	-148.161	0	141.6178	-26.63364	55.72006	-99.28101	
54	-2.08905	-148.8643	0	141.8522	-27.45886	55.77554	-102.6958	
55	-1.854614	-148.6299	0	141.8522	-27.97733	55.55766	-105.0427	
56	-1.620178	-148.8643	0	141.8522	-28.88983	55.70101	-106.591	
57	-1.854614	-148.6299	0	141.8522	-29.46167	55.40182	-106.5763	
58	-1.854614	-148.3954	0	141.3834	-29.89905	55.46171	-107.3783	
59	-2.08905	-148.3954	0	141.6178	-30.04486	55.45389	-107.0594	
60	-2.08905	-148.8643	0	141.8522	-30.03354	55.38564	-106.3915	
61	-1.854614	-149.0987	0	141.8522	-30.1456	55.67618	-106.1906	
62	-1.620178	-149.0987	0	142.0867	-30.13702	55.86006	-106.0555	
63	-1.620178	-148.8643	0	142.0867	-30.40045	55.70789	-105.72	
64	-1.854614	-147.4577	0	141.6178	-30.60663	55.54889	-105.5875	
65	-1.854614	-148.8643	0	142.0867	-30.68198	55.63969	-105.6381	
66	-1.854614	-148.8643	0	141.8522	-30.78336	55.3783	-105.4209	
67	-1.854614	-148.8643	0	142.0867	-31.10791	55.2844	-105.8632	
68	-1.620178	-149.0987	0	142.0867	-31.25766	54.9041	-105.8568	
69	-1.620178	-149.0987	0	141.8522	-31.42984	54.76655	-105.8659	
70	-1.620178	-148.6299	0	141.8522	-31.35419	54.68061	-105.6215	
71	-1.854614	-148.8643	0	142.0867	-31.46405	54.69141	-105.5031	
72	-1.620178	-148.8643	0	141.8522	-31.45795	54.72162	-105.6209	
73	-1.854614	-148.8643	0	141.8522	-31.53784	54.68424	-105.5038	
74	-1.620178	-148.8643	0	142.0867	-31.53613	54.91911	-105.5181	
75	-1.854614	-147.6922	0	141.149	-31.56833	54.75644	-105.6219	
76	-2.323486	-148.3954	0	141.8522	-31.52341	54.67009	-105.6354	
77	-1.854614	-148.6299	0	142.0867	-31.59753	54.54871	-105.4658	
78	-1.620178	-148.8643	0	142.0867	-31.69388	54.74936	-105.711	
79	-1.620178	-149.0987	0	142.0867	-31.70642	54.67821	-105.6188	
80	-1.620178	-148.8643	0	141.8522	-31.76822	54.68304	-105.6979	
81	-1.854614	-147.9266	0	141.6178	-31.76138	54.7865	-105.9198	
82	-2.323486	-148.6299	0	141.8522	-31.97913	54.75224	-105.9435	
83	-2.08905	-148.6299	0	142.0867	-32.13882	54.55931	-105.8431	
84	-1.620178	-148.8643	0	142.0867	-32.45184	54.68045	-105.8635	


Angle MV instances
Rotate	6.095222	22.03662	9.84613	2.109894	16.87912	12.4249	4.923065	2.578766	6.095215	14.06592	9.142853	25.08423	6.329651	8.673981	
ChildRotate	2.344253	2.578689	10.54944	15.70694	11.48718	6.095215	19.45786	22.03659	2.109863	22.27106	4.454193	26.95969	7.032959	13.59705	17.34796	9.377274	2.813187	7.267395	7.970673	3.516495	5.860794	3.282059	4.219772	2.109894	2.813187	
RotateInverse	
ChildRotateInverse	9.611717	8.439552	2.81319	5.157502	10.54946	10.0806	35.8681	18.75455	34.46151	10.08057	7.501823	6.329674	6.564102	3.985344	5.626389	2.109879	
Docking x	2.338531	3.947632	4.886108	3.088562	3.504913	2.621246	2.457886	2.110046	2.247894	3.028381	
Docking y	2.596016	4.152999	4.439382	7.280444	9.455	9.385424	6.504925	6.848057	3.942764	2.56303	2.778561	3.171501	2.954437	3.403301	3.344643	2.082317	
Docking z	2.01474	2.80307	5.062653	6.288025	3.170776	9.69635	2.634369	3.880798	2.939148	3.741364	4.578247	2.449097	3.530609	5.710602	12.14441	14.21631	11.07339	12.01553	7.824554	4.595428	4.624786	3.684631	2.103973	2.421539	2.027588	2.484039	3.414764	2.346954	
Total MV Amount	806.0911


Angle TRE instances
Rotate	1	19	37	
ChildRotate	48	
RotateInverse	1	
ChildRotateInverse	
Docking x	
Docking y	
Docking z	43	48	52	56	63	67	70	81	
Total TRE Count	11


Correct Angles	Rotate	ChildRotate	RotateInverse	ChildRotateInverse	Docking x	Docking y	Docking z
	0	-150	0	150	14.12509	-33.68829	-100.8112

Angle Error	Rotate	ChildRotate	RotateInverse	ChildRotateInverse	Docking x	Docking y	Docking z
	2.08905	0.9012604	0	8.147751	46.98133	88.33167	5.306671

Time Taken	Hours	Minutes	Seconds	Milliseconds	Seconds float	Completion time
	0	0	4	999	4.999384	00h:00m:04s:999ms

Final Results	Tester Name	Time of Test	Dock Shape Style	Virtual Device Visible	Time Taken	Shape Precision %	Orientation Precision %	Overall Precision %	Efficiency %	Difficulty	Total MV	Total TRE	
	1	2018-11-22_10:31:50	Presets_dockPreset_1	False	00h:00m:04s:999ms	98.45305	82.65957	87.95573	90.99746	0.4984717	806.0911	11	
