
Angles Over Time
Frames	Rotate	ChildRotate	RotateInverse	ChildRotateInverse	Docking x	Docking y	Docking z	
0	-72.04376	-56.49811	0	136.8352	39.14111	173.8207	71.47003	
1	-72.74707	-55.09152	0	137.0696	41.13781	171.5866	67.7823	
2	-72.51263	-47.35529	0	137.0696	44.62627	168.1641	60.99848	
3	-72.2782	-11.72162	0	135.8974	50.96721	159.3125	48.58239	
4	-69.23059	1.17215	0	137.304	58.3063	137.2334	18.03242	
5	-48.60059	0.9377145	0	136.8352	60.35732	103.1085	-31.27304	
6	-9.216003	-1.17218	0	137.0696	53.27188	70.54227	-72.90869	
7	0.3957119	-0.9377441	0	137.0696	41.88227	62.39795	-80.04773	
8	0.6301402	-0.4688721	0	134.7253	34.30288	61.17851	-83.03506	
9	0.6301402	-0.7033081	0	136.1319	28.89052	57.04731	-78.52264	
10	1.099005	-0.4688721	0	136.8352	25.53222	55.5276	-75.50592	
11	1.099005	-15.94138	0	137.0696	24.77165	56.68501	-63.50195	
12	1.099005	-50.40289	0	136.8352	21.51693	63.69603	-37.20529	
13	1.099005	-69.86075	0	137.0696	18.96562	62.2276	-9.173035	
14	1.099005	-73.61166	0	135.663	17.28648	57.97599	2.500796	
15	1.099005	-59.31131	0	108	13.65847	56.77903	-4.194885	
16	1.333433	2.109889	0	87.13559	6.845737	46.41923	-13.86209	
17	4.84992	2.109889	0	-0.5419922	3.648213	35.26842	-16.91864	
18	4.615484	1.875453	0	-0.5419922	8.104406	27.49035	-8.610077	
19	5.084348	1.875453	0	0.1613132	9.820445	21.46357	-2.328796	
20	4.84992	1.875453	0	-0.07312012	7.564543	17.52277	-0.770752	
21	4.84992	1.875453	0	-0.5419922	4.669575	12.34488	0.6007786	
22	5.084347	2.109889	0	-0.3075562	3.43908	6.541255	5.008199	
23	5.084347	2.109889	0	-0.5419922	-0.989502	-2.143127	7.02137	
24	5.084346	2.109889	0	-0.5419922	1.410329	-7.39859	6.089499	
25	5.084346	1.875453	0	0.1613132	4.566898	-11.60004	5.233897	
26	4.849918	1.875453	0	-0.3075562	3.709095	-16.0426	4.198288	
27	4.615482	2.109889	0	-0.5419922	3.59689	-18.02554	3.441646	
28	4.849918	2.109889	0	-0.5419922	2.109634	-18.42435	4.079969	
29	5.084345	2.109889	0	-0.5419922	0.9150077	-17.69122	4.333896	
30	5.084345	2.109889	0	-0.5419922	0.85607	-16.91547	4.286862	
31	4.849917	2.109889	0	-0.07312012	0.4998109	-16.62604	4.987578	
32	4.849917	1.875453	0	-0.5419922	0.3607121	-16.48309	5.098146	
33	4.849917	2.109889	0	-0.3075562	0.2478338	-16.31494	5.115217	
34	4.849917	1.875453	0	-0.5419922	0.7543166	-16.24091	5.279309	
35	5.084345	1.875453	0	-0.5419922	1.01557	-16.07358	5.090243	
36	4.849917	1.875453	0	-0.07312012	1.395529	-15.47012	4.547818	
37	4.615481	1.875453	0	-0.07312012	2.749305	-14.54135	4.241862	
38	4.849917	1.875453	0	-0.5419922	4.081576	-13.52704	4.136978	
39	4.849917	1.875453	0	-0.5419922	4.743897	-12.6882	3.793194	
40	5.084344	1.641024	0	-0.5419922	5.691284	-11.58646	3.384896	
41	5.084344	2.109889	0	-0.5419922	5.57681	-10.87204	3.141878	
42	4.849916	1.875453	0	0.3957417	5.858777	-10.0625	2.625434	
43	4.849916	1.875453	0	-0.07312012	5.608381	-8.963684	1.527089	
44	4.849916	2.109889	0	-0.5419922	5.253231	-7.876251	0.9090202	
45	4.849916	2.109889	0	-0.5419922	5.510893	-6.911682	0.376331	
46	4.849916	2.109889	0	-0.5419922	5.67178	-6.266205	-0.03924561	


Angle MV instances
Rotate	72.04376	3.047607	20.63	39.38458	9.611715	3.516487	
ChildRotate	56.49811	7.736237	35.63367	12.89377	15.4725	34.46152	19.45786	3.750916	14.30035	61.4212	
RotateInverse	
ChildRotateInverse	136.8352	2.34433	27.66297	20.86445	87.67758	
Docking x	39.14111	3.488457	6.340939	7.3391	2.05101	7.08543	11.38961	7.579391	5.412361	3.358303	3.254725	2.551302	3.628012	6.812734	3.197524	4.456193	2.255902	2.894969	4.428581	3.156569	
Docking y	173.8207	2.234085	3.422485	8.851578	22.07919	34.12488	32.5662	8.144321	4.131203	7.011017	4.251614	10.35979	11.15081	7.778078	6.026781	3.9408	5.177883	5.803628	8.684381	5.255463	4.201447	4.442566	
Docking z	71.47003	3.687737	6.783813	12.4161	30.54997	49.30546	41.63565	7.139038	2.987335	4.512421	3.016724	12.00397	26.29666	28.03226	11.67383	9.667206	3.056549	8.308563	6.281281	4.40742	2.013171	
Total MV Amount	1533.77


Angle TRE instances
Rotate	8	19	20	22	26	29	31	35	36	40	42	
ChildRotate	5	11	16	
RotateInverse	1	
ChildRotateInverse	18	
Docking x	21	40	
Docking y	
Docking z	15	16	19	22	26	32	36	
Total TRE Count	24


Correct Angles	Rotate	ChildRotate	RotateInverse	ChildRotateInverse	Docking x	Docking y	Docking z
	-3.745184E-12	-9.066346E-26	0	6.035675E-12	0	0	0

Angle Error	Rotate	ChildRotate	RotateInverse	ChildRotateInverse	Docking x	Docking y	Docking z
	5.084343	2.109889	0	0.7764282	5.380262	5.853424	0.3569031

Time Taken	Hours	Minutes	Seconds	Milliseconds	Seconds float	Completion time
	0	0	2	766	2.766483	00h:00m:02s:766ms

Final Results	Tester Name	Time of Test	Dock Shape Style	Virtual Device Visible	Time Taken	Shape Precision %	Orientation Precision %	Overall Precision %	Efficiency %	Difficulty	Total MV	Total TRE	
	1	2018-11-22_10:38:20	ZEROING DATA	True	00h:00m:02s:766ms	98.89297	98.84994	98.44752	100	1.086762E-14	1533.77	24	
