
Angles Over Time
Frames	Rotate	ChildRotate	RotateInverse	ChildRotateInverse	Docking x	Docking y	Docking z	
0	-0.4489746	-6.269887E-06	0	-0.2144775	-0.1334229	-0.7557678	-0.02383423	
1	0.2600328	2.084408E-10	0	0.02559673	1.465299	-0.07528687	-0.08688354	
2	0.2600328	2.084408E-10	0	0.02559673	3.895153	-0.2278442	-0.7441406	
3	0.4944611	-0.4688721	0	0.4944611	5.326574	-0.3239441	-1.034912	
4	0.02559678	-0.234436	0	0.2600251	7.787828	-0.4021301	-1.737183	
5	0.02559678	-0.234436	0	0.0255967	10.77764	-0.6911621	-2.011169	
6	0.2600328	-2.578766	0	-0.2088318	12.72286	-0.3039551	-1.860657	
7	0.2600328	-23.67764	0	0.02559669	16.03751	0.4098576	-0.603241	
8	0.4944612	-37.978	0	0.02559669	20.09129	0.7879331	1.913185	
9	0.4944612	-41.96332	0	0.2600251	25.16247	0.2277025	2.972252	
10	0.02559681	-48.76184	0	0.02559667	25.00327	1.711178	4.175798	
11	0.2600329	-56.73254	0	0.02559667	27.13995	4.085806	5.982916	
12	0.2600329	-57.90469	0	-0.2088318	26.80242	7.46402	7.466633	
13	0.2600329	-57.67029	0	0.02559666	26.39341	7.978944	3.40023	
14	0.2600329	-57.90469	0	0.02559666	36.72706	9.098699	1.826939	
15	0.2600329	-57.43585	0	5.183098	48.93841	11.07916	-3.958893	
16	0.0255968	-57.90469	0	15.49811	60.92003	14.85516	-10.32983	
17	0.2600328	-57.90469	0	23.93766	68.32529	21.94938	-10.52902	
18	0.2600328	-57.67026	0	24.64095	73.30946	29.99266	-6.60849	
19	-0.2088318	-57.67026	0	27.923	73.93736	32.34899	-10.48651	
20	-0.2088318	-56.96698	0	33.31494	73.99107	34.4723	-14.66367	
21	-0.2088318	-57.20142	0	47.61529	77.88403	38.40104	-15.724	
22	0.02559683	-57.20142	0	61.68122	80.40154	35.39138	-29.66403	
23	0.02559683	-66.10983	0	71.7618	87.03423	32.6208	-37.48547	
24	0.02559683	-78.06586	0	73.8717	88.23631	119.5128	47.768	
25	0.02559683	-97.52371	0	69.41748	83.3856	169.1225	98.22749	
26	0.02559683	-98.69586	0	72.46509	77.75986	165.9595	96.05878	
27	-0.2088318	-99.86804	0	72.46509	79.38633	167.0327	94.40161	
28	0.02559683	-99.86804	0	71.05849	82.35946	172.9331	96.64393	
29	0.02559683	-99.86804	0	64.4944	82.7128	137.5255	59.75678	
30	-0.2088318	-102.2123	0	55.11712	81.425	131.2115	54.96774	
31	-0.2088318	-105.9633	0	1.197753	80.48411	139.9424	65.87154	
32	-0.4432678	-109.7142	0	0.2600241	79.22713	138.2326	63.53827	
33	-0.4432678	-113.6995	0	-0.2088318	78.98603	130.6295	57.81712	
34	0.02559679	-117.6849	0	0.02559577	78.47098	128.7901	56.66759	
35	0.02559679	-117.9193	0	0.02559577	77.70956	123.8435	49.22855	
36	0.02559679	-117.4504	0	0.02559577	77.07521	121.4937	42.40957	
37	0.02559679	-116.2783	0	7.761847	81.36564	130.1019	39.49419	
38	-0.2088318	-114.1684	0	-0.2088318	80.71156	117.3816	15.40593	
39	-0.2088318	-113.6995	0	0.02559503	81.93842	118.0337	17.59586	
40	-0.2088318	-99.63361	0	-0.2088318	81.40331	147.4861	53.19967	
41	-25.5275	-59.78015	0	7.761847	80.21167	157.3861	76.05412	
42	-68.66296	-27.8974	0	30.03289	85.47485	137.2648	49.86293	
43	-80.61902	-6.798523	0	30.50175	85.2864	64.71973	-46.46805	
44	-81.32233	-6.798523	0	37.06585	83.66609	78.5145	-50.46997	
45	-78.27469	-6.798523	0	41.75449	83.47869	65.54874	-56.53741	
46	-86.01096	-10.78387	0	39.87903	86.14471	60.73195	-57.96426	
47	-86.01096	-29.53845	0	37.06585	87.2522	75.4297	-44.76599	
48	-85.07324	-32.8205	0	32.84607	87.38401	108.3898	-13.8269	
49	-82.96335	-39.38458	0	35.65925	86.77863	123.6595	-0.3103333	
50	-80.61902	-61.89005	0	33.78381	85.89373	163.4187	37.13105	
51	-76.8681	-72.20508	0	33.78381	84.31528	-157.7225	77.29958	
52	-76.16479	-76.19043	0	33.54937	82.70475	-157.4583	76.0266	
53	-68.66299	-75.01825	0	52.30393	82.08379	-164.3566	64.28672	
54	-63.73993	-75.48712	0	70.35519	81.02841	-175.9034	44.86654	
55	-50.37729	-75.95596	0	89.34418	79.60615	175.1049	23.39611	
56	-38.18683	-76.89371	0	100.1281	78.40583	175.666	16.83146	
57	-35.13922	-78.06586	0	103.4101	78.36861	-176.3089	25.0746	
58	-35.13922	-82.98895	0	104.3478	77.80486	-167.8117	34.97254	
59	-34.67035	-87.20874	0	104.3478	77.94959	-160.6584	44.87002	
60	-33.26376	-93.06952	0	104.3478	77.20444	-153.8421	53.84423	
61	-32.09158	-96.586	0	101.3002	77.21858	-150.2248	59.39229	
62	-31.85715	-98.93033	0	104.5823	76.82213	-146.9854	64.97407	
63	-31.85715	-100.8058	0	98.48702	76.759	-144.8804	69.92939	
64	-32.09158	-99.16473	0	87.70315	76.90678	-141.9451	83.87548	
65	-39.82785	-100.1025	0	84.4211	76.87542	-139.1038	95.72533	
66	-47.32965	-100.5714	0	85.59326	76.96708	-138.6465	100.5293	
67	-52.72162	-101.2747	0	85.8277	77.93066	-134.1169	108.9987	
68	-58.11353	-101.7435	0	85.59326	77.90038	-133.0874	112.7039	
69	-59.28571	-101.2747	0	85.35883	78.01549	-133.9895	110.955	
70	-59.28571	-100.1025	0	84.65553	78.00313	-135.5316	108.3269	
71	-59.75455	-99.86804	0	84.4211	78.62582	-134.1561	110.634	
72	-66.5531	-94.00726	0	86.06213	78.947	-132.4772	114.5661	
73	-72.88275	-91.66293	0	86.06213	79.78641	-130.1809	118.8549	
74	-75.46152	-90.95966	0	85.8277	80.22322	-130.0473	119.1353	
75	-75.93036	-89.08417	0	85.35883	82.37326	-129.1276	122.4218	
76	-75.93036	-88.38089	0	86.06213	80.23905	-136.2422	115.1809	
77	-76.63367	-89.08417	0	94.97055	79.42825	-137.6986	109.9564	
78	-76.63367	-89.3186	0	102.2379	80.3744	-134.5742	112.5928	
79	-75.93036	-89.55304	0	110.2086	80.70048	-137.439	109.1752	
80	-73.8205	-89.55304	0	114.194	80.99955	-137.8688	108.4209	
81	-74.05493	-88.38089	0	117.7104	81.01636	-138.1297	108.7147	
82	-72.88275	-89.08417	0	124.9778	81.19779	-136.9271	110.5769	
83	-73.58606	-89.55304	0	127.5566	81.17092	-133.7777	114.6102	
84	-73.35162	-89.08417	0	129.9009	80.90984	-131.2711	117.9325	
85	-71.94501	-92.13181	0	135.7617	81.01283	-132.0125	117.7674	
86	-67.95969	-97.99258	0	139.7471	80.83812	-134.3532	115.4219	
87	-66.78751	-101.5091	0	138.3405	80.63412	-135.5641	117.7013	
88	-66.08423	-103.8534	0	139.5126	80.75465	-141.6962	115.059	
89	-66.78751	-104.5567	0	143.2635	81.57548	-147.7856	109.6366	
90	-67.25638	-103.619	0	143.9668	82.06909	-149.678	110.5909	
91	-66.78754	-103.3845	0	144.6701	82.51161	-155.9354	107.9813	
92	-66.78754	-101.5091	0	142.0914	83.03742	-158.7024	106.394	
93	-65.38092	-103.619	0	144.9046	83.68472	-163.7003	102.207	
94	-66.78754	-103.3845	0	146.0767	84.06123	-163.8752	104.4536	
95	-66.78754	-104.0878	0	145.8423	84.14442	-164.7348	103.7436	
96	-67.25638	-104.0878	0	145.8423	84.74917	-167.1204	102.205	
97	-67.25638	-104.5567	0	145.6078	85.32911	-173.5439	95.76242	
98	-67.25638	-102.6812	0	144.9046	85.76349	178.2791	88.16312	
99	-66.5531	-103.8534	0	145.6078	85.97781	174.5472	84.51325	
100	-68.19412	-103.619	0	145.8423	85.95988	171.3524	81.35085	
101	-69.13184	-103.8534	0	145.6078	86.17429	167.2811	76.34894	
102	-69.60071	-104.3223	0	145.8423	86.16912	164.2074	74.18369	
103	-70.06958	-104.7911	0	143.498	85.95954	166.5715	76.3122	
104	-68.8974	-105.7288	0	144.9046	86.10112	162.6392	73.55958	
105	-70.06958	-106.6666	0	145.8423	86.09389	157.7806	69.24838	
106	-70.53845	-107.6043	0	145.8423	86.30785	150.7888	62.85373	
107	-71.00729	-107.8387	0	145.6079	86.14999	150.3709	61.69117	
108	-71.00729	-107.8387	0	145.8423	86.0302	153.3299	64.53252	


Angle MV instances
Rotate	25.31866	43.13547	11.95605	3.047638	7.736267	2.109894	2.34433	3.750916	7.501801	4.923065	13.36264	12.19046	3.047607	7.736267	7.501801	5.391968	5.391907	6.798553	6.329651	2.578766	2.109863	3.985321	
ChildRotate	2.34433	21.09888	14.30035	3.985321	6.798523	7.970703	8.908417	11.95602	19.45786	2.344299	3.750931	3.7509	3.985352	3.985352	2.109879	14.06592	39.85345	31.88275	21.09888	3.985352	18.75458	3.282043	6.564087	22.50546	10.31503	3.985352	4.923096	4.219788	5.860779	3.516479	2.34433	5.860779	2.34433	3.047638	5.860779	3.516479	2.34433	2.109894	
RotateInverse	
ChildRotateInverse	5.157501	10.31501	8.439552	3.282051	5.391937	14.30035	14.06593	10.08058	2.109894	4.454216	3.047607	6.564095	9.377281	53.91936	7.736252	7.970679	7.970679	22.27105	6.564095	4.688644	2.813183	4.219772	2.813179	18.75456	18.05127	18.98899	10.78387	3.282043	3.047607	3.282036	6.09523	10.78387	3.282043	8.908417	7.267387	7.970695	3.985344	3.516464	7.267403	2.578751	2.344315	5.860809	3.985336	3.750916	2.578751	2.813171	2.34433	
Docking x	2.429855	2.461254	2.98981	3.314648	4.053782	5.071178	2.136679	10.33365	12.21135	11.98162	7.405258	4.984169	3.89296	2.517509	6.63269	4.850708	5.625732	2.973129	4.290428	5.263176	2.666016	2.15004	2.134209	
Docking y	2.374628	3.378214	3.776	7.094218	8.043282	2.356329	2.123306	3.928738	3.009659	2.770573	86.89203	49.6097	3.162979	5.900421	35.40762	6.313995	8.730835	7.603165	4.946594	2.349739	8.608162	12.7203	29.45238	9.900055	20.12128	72.54512	13.79478	12.96576	4.816799	14.69775	32.96014	15.26969	39.75921	321.1413	6.898346	11.54677	8.497116	7.153305	6.816376	3.617233	3.239441	2.105011	2.935318	2.841248	4.529633	2.296371	7.114532	3.124359	2.864731	3.149368	2.506592	2.340698	6.132172	6.089401	6.257446	2.766937	4.997894	2.385513	6.423553	351.823	3.731827	3.194778	4.071396	3.073624	2.364044	3.932297	4.858551	6.991837	2.958954	
Docking z	4.066403	5.785832	6.370941	3.920532	3.878021	4.177155	13.94003	7.821442	85.25347	50.45949	2.168709	2.242317	36.88715	4.789043	10.90381	2.333279	5.721142	7.439049	6.818977	2.915375	24.08826	2.189925	35.60382	22.85444	26.19118	96.33098	4.001923	6.067444	13.19827	30.93909	13.51657	37.44138	40.16853	11.73988	19.42018	21.47043	6.564653	8.243143	9.897942	9.89748	8.974213	5.548058	5.581776	4.955322	13.94609	11.84985	4.803963	8.469383	3.705238	2.628136	2.307175	3.932091	4.28878	3.286522	7.240944	5.224472	2.636368	3.417542	4.033318	3.322296	2.345482	2.279358	2.642265	5.422409	2.60965	4.186935	2.246506	6.442535	7.599297	3.649872	3.162399	5.001915	2.165245	2.12851	2.752625	4.311195	6.394653	2.841347	
Total MV Amount	3268.891


Angle TRE instances
Rotate	47	49	
ChildRotate	60	61	72	86	
RotateInverse	1	
ChildRotateInverse	95	98	99	103	105	
Docking x	24	25	42	44	46	51	97	
Docking y	
Docking z	1	11	13	16	49	50	
Total TRE Count	23


Correct Angles	Rotate	ChildRotate	RotateInverse	ChildRotateInverse	Docking x	Docking y	Docking z
	-90	-90	0	150	90	90.00001	0

Angle Error	Rotate	ChildRotate	RotateInverse	ChildRotateInverse	Docking x	Docking y	Docking z
	18.75827	16.19769	0	5.095444	4.023895	67.13398	68.31991

Time Taken	Hours	Minutes	Seconds	Milliseconds	Seconds float	Completion time
	0	0	6	429	6.42852	00h:00m:06s:429ms

Final Results	Tester Name	Time of Test	Dock Shape Style	Virtual Device Visible	Time Taken	Shape Precision %	Orientation Precision %	Overall Precision %	Efficiency %	Difficulty	Total MV	Total TRE	
	1	2018-11-22_10:38:02	Ltd Random	True	00h:00m:06s:429ms	94.4373	74.91595	85.75165	71.60012	0.5666667	3268.891	23	
