
Angles Over Time
Frames	Rotate	ChildRotate	RotateInverse	ChildRotateInverse	Docking x	Docking y	Docking z	
0	1.751578	-0.234375	0	-0.3583069	0.06414036	-0.3756409	0.04934877	
1	-0.04977417	-6.513776E-11	0	0.1846678	0.1895369	-0.1677551	-0.1396484	
2	-0.04977417	-0.234436	0	-0.04977417	0.6961121	-0.04229736	-0.6233215	
3	-0.2842102	0	0	0.4190961	0.9626982	0.04906514	-1.019531	
4	-0.04977417	0	0	-0.04977417	1.224386	0.2135141	-1.414459	
5	-0.04977417	0	0	-0.04977417	1.38639	1.531153	-1.650726	
6	-0.04977417	0.2344284	0	-0.04977417	1.552859	3.424268	-1.558868	
7	-0.04977417	-0.234436	0	-0.04977417	1.857348	4.980898	-1.644318	
8	-0.04977417	-0.234436	0	0.6535322	1.752059	7.234292	-1.907623	
9	-0.04977417	-0.234436	0	0.1846678	1.951022	10.30104	-2.291656	
10	-0.04977417	0.2344284	0	-0.04977417	3.561339	13.3086	-3.841248	
11	-0.04977417	0.2344284	0	-0.04977417	4.680299	14.73592	-4.299103	
12	0.1846601	0	0	-0.04977417	8.959647	16.32141	-6.646759	
13	0.1846601	0	0	4.404441	12.59919	17.85707	-8.742218	
14	0.1846601	-3.047607	0	4.873305	14.70761	19.76673	-8.117767	
15	-0.04977417	-23.91205	0	4.404441	16.05575	21.20788	-6.710175	
16	-0.04977417	-41.49445	0	4.404441	20.25548	22.98566	-2.357483	
17	-0.04977417	-48.99628	0	4.404441	24.24407	25.46987	0.1610291	
18	-0.04977417	-49.46515	0	4.404441	24.11496	28.06882	-0.8704834	
19	-0.04977417	-49.93402	0	5.107741	27.10855	31.64602	-5.4841	
20	0.1846601	-49.46515	0	15.89161	30.31001	36.46177	-13.63684	
21	-0.04977417	-49.69958	0	14.71945	34.59711	40.65577	-16.00458	
22	-0.04977417	-48.52744	0	-0.04977417	34.95109	45.61922	-12.12631	
23	-0.04977417	-29.06958	0	-0.2842102	34.48001	49.09087	-12.98718	
24	-0.04977417	-8.673981	0	-0.04977417	34.71564	52.49205	-15.83704	
25	-0.04977417	-0.7032776	0	1.122398	35.11076	58.45652	-18.14435	
26	-0.5186462	-0.7032776	0	0.1846689	35.55735	66.73639	-15.76697	
27	-0.04977417	-0.234436	0	23.39343	31.9665	68.75807	-26.78235	
28	0.1846601	-0.234436	0	-0.04977417	32.58693	73.00764	-30.66565	
29	0.1846601	-0.234436	0	-0.04977417	38.54767	76.73654	-35.73523	
30	0.4190961	-0.234436	0	-0.04977417	34.45398	77.5635	-37.26663	
31	0.4190961	-0.4688721	0	7.452056	34.65164	79.50403	-43.3631	
32	0.1846601	-0.4688721	0	-0.04977417	41.45202	80.07344	-46.10971	
33	0.1846601	-0.234436	0	-0.04977417	44.49689	79.7761	-47.47977	
34	0.1846601	-0.4688721	0	-0.04977417	51.19245	78.05121	-47.55914	
35	0.4190961	-27.8974	0	-0.04977417	55.17739	76.47376	-43.20853	
36	0.18466	-67.04755	0	-0.04977417	60.55101	74.12782	-46.22168	
37	0.18466	-83.22336	0	0.1846686	63.92447	74.91652	-46.62106	
38	-0.04977417	-88.84973	0	-0.04977417	65.58276	80.70631	-38.62653	
39	0.18466	-89.55304	0	-0.04977417	70.22588	88.56698	-33.12781	
40	-2.394104	-86.03656	0	-0.04977417	75.10432	106.4539	-24.61536	
41	-10.59921	-69.86072	0	4.638877	77.78913	119.495	-23.36206	
42	-25.83728	-63.29663	0	22.92458	81.39837	97.23161	-58.68347	
43	-26.07172	-55.32596	0	75.43733	82.18372	57.62705	-123.3197	
44	-9.192627	-64.23438	0	85.28348	80.94234	54.90655	-150.2177	
45	-3.80069	-78.06586	0	91.14428	78.17985	40.94021	-157.9279	
46	-3.80069	-78.76917	0	91.61314	75.5296	35.0778	-157.765	
47	-3.80069	-78.76917	0	94.19189	76.49199	29.94364	-165.2945	
48	-3.097382	-85.33325	0	97.2395	77.19073	23.04445	-170.724	
49	-3.097382	-101.2746	0	103.3347	76.34094	10.78211	-178.6891	
50	-3.097382	-104.0878	0	117.8695	77.7249	-10.1756	156.5991	
51	-3.097382	-107.6043	0	123.027	79.44611	-16.64056	148.2954	
52	-3.097382	-122.1391	0	127.7157	79.5986	-15.11136	151.3913	
53	-3.097382	-129.4065	0	126.5435	79.47952	-17.87933	152.9452	
54	-3.097382	-131.5164	0	127.0124	78.86168	-24.79337	148.6513	
55	-3.097382	-132.2197	0	127.4812	78.70058	-28.35706	146.5914	
56	-3.097382	-132.923	0	127.7157	78.23911	-27.33624	149.5585	
57	-3.097382	-132.923	0	127.2468	78.5938	-26.14066	151.4799	
58	-3.097382	-133.1574	0	122.7926	79.4526	-26.17099	152.5079	
59	-2.862946	-131.7508	0	122.3237	79.68001	-21.94104	157.7443	
60	-3.097382	-132.6885	0	123.027	79.21573	-23.33826	156.7948	
61	-2.862946	-132.4541	0	123.027	79.81603	-26.07559	154.4689	
62	-3.097382	-132.4541	0	123.027	80.24976	-27.79761	153.902	
63	-3.097382	-132.4541	0	122.7926	80.14471	-31.95541	150.6445	
64	-2.862946	-129.8753	0	121.6204	79.80103	-30.24484	154.6198	
65	-3.097382	-131.5164	0	122.3237	79.64594	-27.23883	159.1854	
66	-2.862946	-132.4541	0	122.5582	79.49802	-25.58124	162.3556	
67	-2.862946	-133.1574	0	122.5582	79.16164	-23.41553	165.5387	
68	-2.862946	-133.1574	0	122.7926	79.18874	-22.91504	166.1045	
69	-2.862946	-133.3918	0	122.5582	79.04298	-20.2363	168.9473	
70	-2.862946	-131.5164	0	122.3237	78.96797	-18.72739	170.7196	
71	-3.097382	-132.4541	0	123.027	79.12676	-17.80981	172.096	
72	-2.862946	-132.4541	0	122.5582	78.95493	-16.33453	173.6074	
73	-2.862946	-131.9852	0	123.027	79.1042	-14.56299	175.2113	
74	-2.862946	-131.9852	0	123.027	79.26049	-13.44739	176.1577	
75	-2.862946	-130.3442	0	121.6204	79.07398	-12.70435	176.8298	
76	-2.862946	-131.7508	0	122.3237	79.09645	-12.94724	176.4006	
77	-2.862946	-132.6885	0	122.7926	79.19119	-14.05972	174.8945	
78	-2.862946	-132.6885	0	123.027	79.30762	-13.97238	174.8342	
79	-2.862946	-132.6885	0	122.5582	79.38889	-13.52826	175.1625	
80	-2.862946	-131.9852	0	123.027	79.51313	-15.29166	173.2227	
81	-2.862946	-129.4065	0	121.386	79.48395	-15.13535	173.3661	
82	-3.331818	-132.4541	0	122.5582	79.23154	-14.93088	173.5834	
83	-3.097382	-132.4541	0	122.7926	79.19449	-15.36011	173.2109	
84	-2.862946	-133.1574	0	123.027	79.0655	-15.68567	172.687	
85	-2.862946	-133.3918	0	122.7926	78.968	-15.04169	173.2069	


Angle MV instances
Rotate	2.578764	8.205109	15.23807	16.87909	5.391937	
ChildRotate	3.047607	20.86444	17.5824	7.501831	19.45786	20.3956	7.970703	27.42853	39.15015	16.17581	5.626373	3.516479	16.17584	6.564087	7.970673	8.908417	13.83148	6.564087	15.94138	2.813187	3.516479	14.53477	7.26741	2.109879	2.578751	2.578751	3.047607	
RotateInverse	
ChildRotateInverse	4.454215	10.78387	14.76923	23.20877	23.44321	7.50183	7.50183	4.688651	18.2857	52.51276	9.846146	5.860802	2.578743	3.047615	6.09523	14.53479	5.157501	4.688637	4.454216	
Docking x	4.279348	3.639547	2.108416	4.199726	3.988592	2.993589	3.201456	4.287098	3.590855	5.960735	4.093693	6.800377	3.044868	6.69556	3.984943	5.373615	3.373459	4.643112	4.878448	2.684807	3.609238	2.762489	2.650246	
Docking y	2.253393	3.066751	3.007554	2.484211	2.598948	3.577196	4.81575	4.194008	4.963451	3.471642	3.40118	5.96447	8.279873	2.021683	4.249565	3.728905	2.345947	5.789787	7.860672	17.88688	13.04115	22.2634	39.60456	2.720505	13.96634	5.862408	5.134169	6.899183	12.26235	6.464966	2.767975	6.914032	3.56369	4.22995	2.737335	4.157806	3.006012	2.16571	2.678741	
Docking z	2.347656	2.095459	4.352692	2.518512	4.613617	8.15274	2.367737	3.878265	2.849854	2.307312	2.37738	11.01538	3.883301	5.06958	6.096466	2.746613	4.350616	3.013153	7.994537	5.498718	8.512451	35.32141	64.6362	26.89799	7.71022	7.52951	5.429535	7.965088	335.2882	8.30368	3.095947	4.293839	2.059906	2.967117	5.23642	2.325897	3.257492	3.975281	4.565628	3.170151	3.18309	2.842758	
Total MV Amount	1560.171


Angle TRE instances
Rotate	1	41	45	
ChildRotate	
RotateInverse	1	
ChildRotateInverse	
Docking x	
Docking y	
Docking z	1	20	
Total TRE Count	3


Correct Angles	Rotate	ChildRotate	RotateInverse	ChildRotateInverse	Docking x	Docking y	Docking z
	-4.783722E-22	-150	0	150	-87.67239	-57.14066	-4.608063

Angle Error	Rotate	ChildRotate	RotateInverse	ChildRotateInverse	Docking x	Docking y	Docking z
	2.862946	16.84262	0	27.44184	166.7385	42.22696	178.0708

Time Taken	Hours	Minutes	Seconds	Milliseconds	Seconds float	Completion time
	0	0	5	63	5.062598	00h:00m:05s:063ms

Final Results	Tester Name	Time of Test	Dock Shape Style	Virtual Device Visible	Time Taken	Shape Precision %	Orientation Precision %	Overall Precision %	Efficiency %	Difficulty	Total MV	Total TRE	
	1	2018-11-22_10:36:18	Presets_dockPreset_1	False	00h:00m:05s:063ms	93.45175	59.20412	65.54099	89.18178	0.4993568	1560.171	3	
