
Angles Over Time
Frames	Rotate	ChildRotate	RotateInverse	ChildRotateInverse	Docking x	Docking y	Docking z	
0	-16.39328	-108.0732	0	54.63961	-24.68616	44.01701	-35.91476	
1	-14.28339	-108.0732	0	56.0462	-24.44849	43.94011	-36.63458	
2	-13.58011	-108.0732	0	55.81177	-24.11893	43.69899	-36.85953	
3	-11.93909	-107.6043	0	56.0462	-23.69144	43.55622	-37.92657	
4	-8.188171	-107.8387	0	56.0462	-22.89563	43.28619	-38.78748	
5	-4.671692	-107.6043	0	41.51142	-21.78741	43.07316	-37.604	
6	-3.733948	-105.7288	0	16.19276	-22.33237	43.84402	-33.68335	
7	-3.03067	-98.9303	0	0.2513854	-21.853	43.80069	-26.21503	
8	-2.796234	-96.11713	0	0.4858213	-23.04904	43.64703	-20.23083	
9	-2.796234	-91.89734	0	0.2513853	-21.91241	42.29476	-16.61234	
10	-2.327362	-83.22336	0	0.0169569	-20.43802	39.625	-14.38086	
11	-2.092926	-70.09515	0	0.0169569	-19.37201	34.39844	-12.40042	
12	-1.85849	-58.13913	0	0.2513853	-15.71353	24.29777	-9.476135	
13	-1.85849	-54.62265	0	0.01695691	-13.50098	15.38917	-4.947754	
14	-2.092926	-44.77652	0	0.7202498	-14.20874	10.70658	0.6620016	
15	-2.561798	-15.4725	0	0.2513854	-13.96841	6.286279	2.941497	
16	-1.85849	-6.564087	0	0.2513854	-10.91235	3.802116	0.2498992	
17	-1.85849	-1.406586	0	0.2513854	-9.320953	0.01537123	0.5496078	
18	-1.85849	-1.406586	0	0.2513854	-8.690369	-2.908295	1.842235	
19	-1.85849	-1.406586	0	0.01695695	-7.683594	-4.404633	1.277617	
20	-1.85849	-3.047607	0	0.2513854	-5.101135	-4.858368	0.248161	
21	-2.092926	-2.578766	0	0.01695696	-4.503937	-5.294006	-0.9037476	
22	-1.85849	-2.813202	0	0.01695696	-4.18631	-5.786316	-2.792297	
23	-1.85849	-1.641022	0	0.01695696	-2.718445	-5.970459	-4.640411	
24	-1.624084	-1.641022	0	0.01695696	-2.325134	-5.864197	-5.335388	
25	-1.85849	-1.406586	0	0.2513854	-2.549835	-5.368317	-4.81723	
26	-1.85849	-1.406586	0	0.4858213	-2.366943	-4.970459	-4.386078	
27	-1.85849	-0.7033081	0	0.2513853	-1.335754	-4.659027	-4.060669	
28	-1.85849	-0.7033081	0	0.2513853	-0.5984802	-4.275726	-3.839417	
29	-1.85849	-0.4688721	0	0.0169569	-0.1150208	-3.875946	-3.468903	
30	-1.85849	-0.4688721	0	0.0169569	0.7450446	-3.710388	-3.587097	
31	-1.624084	-0.4688721	0	0.4858212	1.6182	-3.70636	-3.556824	
32	-1.85849	-0.7033081	0	0.2513852	2.339191	-3.808014	-3.493256	
33	-1.85849	-0.234436	0	0.2513852	2.34224	-3.445984	-3.58432	
34	-1.624084	-0.234436	0	0.01695679	2.977269	-3.40802	-3.469666	
35	-1.389648	-0.234436	0	0.2513852	2.990099	-3.042603	-2.193054	
36	-1.389648	-0.234436	0	0.0169568	2.890641	-2.490143	-0.9947815	
37	-1.389648	-0.7033081	0	1.189114	2.950344	-1.909393	0.8437381	
38	-1.85849	-0.4688721	0	0.2513852	3.193841	-1.143372	2.740687	
39	-1.624084	-0.234436	0	0.01695682	2.881364	-0.4786377	4.829362	
40	-1.389648	-0.234436	0	0.01695682	2.924901	-0.162323	6.773938	
41	-1.155212	-0.234436	0	0.2513852	3.70759	-0.1690674	7.11447	
42	-1.624084	-0.234436	0	0.01695683	3.448365	-0.643219	7.150503	
43	-1.389648	-0.4688721	0	0.7202497	3.479303	-1.363251	6.884832	
44	-1.624084	-0.4688721	0	0.2513852	3.619509	-2.378357	6.144855	
45	-1.624084	-0.4688721	0	0.01695685	2.693925	-3.473206	5.638144	
46	-1.389648	-8.2582E-07	0	0.2513853	2.092286	-4.26413	5.514109	
47	-1.389648	-0.234436	0	0.2513853	2.049098	-4.602264	5.158226	
48	-1.389648	-0.234436	0	0.01695685	1.760173	-4.710388	5.191003	
49	-1.155212	-0.7033081	0	0.9546857	1.806682	-4.698212	5.022826	
50	-1.85849	-0.4688721	0	0.01695691	2.080503	-4.924469	4.804331	
51	-1.389648	-7.724596E-07	0	0.2513853	2.067024	-5.105072	4.761343	
52	-1.389648	-7.724596E-07	0	0.2513853	2.198542	-5.379669	4.676315	
53	-1.389648	-7.724596E-07	0	0.01695691	1.998708	-5.690491	4.549698	
54	-1.155212	-0.234436	0	0.4858212	1.963392	-5.820313	4.272058	
55	-1.389648	-0.7033081	0	0.9546856	2.072449	-5.912354	4.119702	
56	-1.85849	-0.234436	0	0.2513851	2.056959	-5.99884	4.081873	
57	-1.389648	-0.234436	0	0.2513851	1.903698	-6.092651	3.994431	
58	-1.389648	-0.234436	0	0.01695671	1.876494	-6.231934	3.861452	
59	-1.155212	-0.234436	0	0.01695671	1.732696	-6.279114	3.773888	
60	-1.155212	-0.4688721	0	0.2513852	1.42374	-6.355164	3.851772	
61	-1.389648	-0.7033081	0	0.7202495	1.411486	-6.380402	3.585177	
62	-1.85849	-0.234436	0	0.2513852	1.461928	-6.634247	3.550573	
63	-1.389648	-0.234436	0	0.01695674	1.497033	-6.762085	3.530138	
64	-1.624084	-7.470504E-07	0	0.2513852	1.737955	-6.833405	3.215288	
65	-1.389648	-7.470504E-07	0	0.2513852	1.639828	-6.795624	3.132614	
66	-1.389648	-7.470504E-07	0	0.01695675	1.668987	-6.786377	2.968074	
67	-1.155212	-0.234436	0	0.485821	1.644957	-6.777161	2.927146	
68	-1.624084	-7.470504E-07	0	0.251385	1.443101	-6.636169	2.990756	
69	-1.624084	-0.234436	0	0.251385	1.33783	-6.502625	2.903987	
70	-1.155212	-0.234436	0	0.01695663	1.623188	-6.506683	2.616165	
71	-1.389648	-0.234436	0	0.2513851	1.457949	-6.37851	2.620166	
72	-1.389648	-0.7033081	0	0.7202495	1.466671	-6.353088	2.662913	
73	-1.624084	-0.4688721	0	0.2513851	1.460765	-6.251709	2.602452	
74	-1.85849	-0.234436	0	0.01695669	1.206577	-5.995026	2.390883	
75	-1.155212	-0.234436	0	0.01695669	1.105951	-6.000427	2.402219	
76	-1.155212	-0.234436	0	0.01695669	1.235268	-5.843262	1.979788	
77	-1.389648	-0.234436	0	0.2513851	1.484819	-5.812195	1.477344	
78	-1.389648	-0.4688721	0	0.7202495	1.488813	-5.771332	1.237996	
79	-1.624084	-0.4688721	0	0.01695668	1.465314	-5.655334	0.9986314	
80	-1.389648	-7.190992E-07	0	0.2513851	1.210591	-5.668427	1.012734	
81	-1.624084	-0.234436	0	0.01695667	1.259205	-5.859406	1.028552	
82	-1.155212	-0.234436	0	0.01695667	1.175336	-5.948517	1.091347	
83	-1.389648	-0.234436	0	0.2513851	1.253605	-6.052582	1.022648	
84	-1.389648	-0.9377441	0	0.7202495	1.29364	-6.147308	0.9628124	
85	-1.85849	-0.234436	0	0.2513851	1.298467	-6.307465	0.9885953	
86	-1.389648	-0.234436	0	0.01695669	1.290309	-6.146698	0.7388865	
87	-1.389648	-0.234436	0	0.01695669	0.9816731	-5.957642	1.069062	
88	-1.389648	-0.234436	0	-0.2174683	1.012282	-5.768127	1.058899	
89	-1.155212	-0.4688721	0	0.2513851	0.8706929	-5.690948	1.161889	
90	-1.389648	-0.7033081	0	0.2513851	0.8389834	-5.765106	1.195848	
91	-1.624084	-0.4688721	0	0.2513851	1.045883	-5.869141	1.172294	
92	-1.389648	-0.234436	0	0.01695664	1.089068	-6.050079	1.420207	
93	-1.389648	-7.737307E-07	0	-0.2174683	1.198302	-6.072021	1.441015	
94	-1.389648	-0.234436	0	0.01695664	1.095382	-6.182648	1.427004	
95	-1.389648	-7.737307E-07	0	0.01695664	1.106781	-6.352936	1.373575	
96	-1.389648	-0.7033081	0	0.01695664	1.139197	-6.494232	1.386059	
97	-1.624084	-0.4688721	0	0.2513851	1.041839	-6.547974	1.550148	
98	-1.389648	-0.234436	0	0.01695664	1.005836	-6.468842	1.533826	
99	-1.155212	-7.737307E-07	0	0.2513851	0.9448175	-6.32373	1.366344	
100	-1.155212	-7.737307E-07	0	0.01695664	1.002906	-6.03833	1.188918	
101	-1.155212	-7.737307E-07	0	0.2513851	1.207466	-5.789185	0.6691468	
102	-1.389648	-0.234436	0	0.2513851	1.489083	-5.551453	0.3017089	
103	-1.389648	-0.234436	0	0.01695664	1.397912	-5.269684	0.2777207	
104	-1.389648	-0.234436	0	0.01695664	1.437254	-5.264954	0.129784	
105	-1.389648	-0.234436	0	0.4858209	1.328941	-5.394531	-0.06570435	
106	-1.389648	-0.234436	0	0.01695657	1.238645	-5.414978	-0.2929382	
107	-1.389648	-0.4688721	0	0.251385	1.180842	-5.304596	-0.4122925	
108	-1.85849	-0.4688721	0	0.01695658	1.218388	-5.508301	-0.3191528	
109	-1.389648	-0.234436	0	0.01695658	1.124177	-5.541351	-0.3794556	
110	-1.389648	-0.234436	0	0.01695658	0.9418288	-5.34198	-0.4112854	


Angle MV instances
Rotate	16.39328	2.109894	3.750916	3.516479	
ChildRotate	108.0732	6.798538	2.813171	4.219788	8.673981	13.1282	11.95602	3.516479	9.84613	29.30402	8.908417	5.157501	
RotateInverse	
ChildRotateInverse	54.63961	14.53478	25.31866	15.94138	
Docking x	24.68616	3.658478	2.212555	3.056061	2.582458	
Docking y	44.01701	2.669758	5.226566	10.10067	8.908595	4.68259	4.420306	2.484163	3.786745	2.923666	
Docking z	35.91476	3.920654	7.468323	5.984192	3.6185	2.231476	2.924286	4.528381	5.609756	2.279495	2.691598	2.088675	
Total MV Amount	553.2762


Angle TRE instances
Rotate	6	
ChildRotate	18	
RotateInverse	1	
ChildRotateInverse	8	
Docking x	22	
Docking y	17	21	26	51	
Docking z	14	24	25	40	50	
Total TRE Count	13


Correct Angles	Rotate	ChildRotate	RotateInverse	ChildRotateInverse	Docking x	Docking y	Docking z
	-4.221784E-30	0	0	4.221784E-30	0	0	0

Angle Error	Rotate	ChildRotate	RotateInverse	ChildRotateInverse	Docking x	Docking y	Docking z
	1.389648	7.737307E-07	0	0.01695658	0.7715001	5.229309	0.2041931

Time Taken	Hours	Minutes	Seconds	Milliseconds	Seconds float	Completion time
	0	0	6	507	6.506757	00h:00m:06s:507ms

Final Results	Tester Name	Time of Test	Dock Shape Style	Virtual Device Visible	Time Taken	Shape Precision %	Orientation Precision %	Overall Precision %	Efficiency %	Difficulty	Total MV	Total TRE	
	1	2018-11-22_10:29:27	ZEROING DATA	True	00h:00m:06s:507ms	99.80464	98.9938	99.3959	100	9.381742E-33	553.2762	13	
