
Angles Over Time
Frames	Rotate	ChildRotate	RotateInverse	ChildRotateInverse	Docking x	Docking y	Docking z	
0	-64.71234	-91.42847	0	79.46343	5.940254	122.6831	10.13887	
1	-64.94678	-91.19403	0	79.46343	6.133234	122.2966	9.561807	
2	-64.94678	-90.02188	0	78.99458	6.296602	121.6061	7.195834	
3	-63.07132	-90.95963	0	79.46345	6.555593	120.3436	3.903854	
4	-56.5072	-90.49075	0	79.46346	7.788495	118.2365	-1.222992	
5	-47.12994	-90.72519	0	73.36823	7.643666	115.0368	-8.701538	
6	-35.64276	-90.72519	0	62.11549	6.60237	110.3021	-12.67288	
7	-25.09332	-87.67758	0	53.67594	3.333582	105.5701	-17.12735	
8	-15.71606	-67.98529	0	33.28036	-0.1622009	98.16496	-15.95898	
9	-15.71606	-45.4798	0	28.59171	-3.15332	90.35304	-15.87485	
10	-15.71606	-10.08057	0	25.5441	-5.418427	84.2644	-24.24255	
11	-10.32413	-10.08057	0	-0.2434082	-9.283203	76.13716	-36.95755	
12	-0.4779663	-9.142853	0	-0.2434082	-10.66959	60.60078	-31.60123	
13	-0.2435303	-1.17215	0	-0.2434082	-14.47961	47.45565	-26.11676	
14	0.2253242	-0.9377136	0	-0.4778442	-17.77618	39.7683	-21.84033	
15	-0.009094238	-0.9377136	0	-0.4778442	-19.5256	31.42561	-16.0137	
16	0.2253242	-0.9377136	0	-0.4778442	-20.47873	25.2643	-11.5542	
17	0.2253242	-0.9377136	0	-0.4778442	-18.66806	19.4221	-8.281494	
18	0.2253242	-0.9377136	0	-0.2434082	-17.96085	15.71226	-4.876617	
19	0.2253242	-0.9377136	0	-0.2434082	-19.14246	12.49197	-1.074585	
20	0.4597602	-0.7033081	0	-0.4778442	-18.76526	8.69481	4.439705	
21	0.6941886	-0.9377136	0	-0.4778442	-14.6524	5.588735	4.756434	
22	0.9286247	-0.7033081	0	-0.2434082	-10.13293	1.890013	4.932095	
23	0.6941887	-0.7033081	0	-0.4778442	-10.96222	-1.464142	3.173161	
24	0.6941887	-0.7033081	0	0.2254419	-9.962067	-4.863098	2.840395	
25	0.4597602	-0.9377136	0	-0.2434082	-7.440918	-7.952362	0.5325827	
26	0.4597602	-0.9377136	0	-0.2434082	-5.88501	-9.340088	-2.93103	
27	0.6941887	-0.9377136	0	-0.4778442	-4.889465	-9.912811	-6.043488	
28	0.6941887	-0.9377136	0	-0.2434082	-3.987305	-10.23099	-6.918732	
29	0.9286247	-0.4688721	0	-0.4778442	-2.505341	-10.19302	-8.181671	
30	0.9286247	-0.7033081	0	-0.008972168	0.1824936	-10.28848	-10.32208	
31	0.6941887	-0.4688721	0	-0.2434082	1.235845	-9.476776	-10.52548	
32	0.6941887	-0.4688721	0	-0.4778442	2.648063	-8.309967	-10.31799	
33	0.6941887	-0.4688721	0	-0.4778442	5.172371	-7.098816	-10.48526	
34	0.6941887	-0.4688721	0	-0.4778442	6.349072	-5.755768	-9.676788	
35	0.6941887	-0.4688721	0	-0.4778442	5.361332	-4.099884	-7.657684	
36	0.9286247	-0.7033081	0	-0.008972168	5.885366	-3.238373	-5.629089	
37	0.6941887	-0.4688721	0	-0.2434082	4.939196	-2.315491	-2.606995	
38	0.9286247	-0.4688721	0	-0.2434082	4.804852	-1.785645	1.355738	
39	0.9286247	-0.7033081	0	-0.4778442	5.535255	-1.997467	5.060857	
40	0.6941887	-0.4688721	0	-0.2434082	6.418601	-2.302521	7.897499	
41	0.9286247	-0.7033081	0	-0.008972168	6.664755	-2.462097	11.24374	
42	0.6941887	-0.4688721	0	-0.2434082	7.177492	-2.876831	12.25804	
43	0.9286247	-0.7033081	0	-0.4778442	6.674076	-3.82074	11.25369	
44	0.6941887	-0.4688721	0	-0.2434082	5.3118	-5.117004	9.629992	
45	0.9286247	-0.4688721	0	-0.2434082	4.163013	-6.318817	8.052604	
46	0.9286247	-0.4688721	0	-0.2434082	1.803694	-7.323334	5.927358	
47	0.6941887	-0.7033081	0	0.2254418	1.12251	-7.80545	4.707232	
48	0.6941887	-0.4688721	0	-0.2434082	0.8661871	-7.735321	4.051286	
49	0.9286247	-0.4688721	0	-0.4778442	0.3944213	-7.52356	4.221402	
50	0.9286247	-0.4688721	0	-0.4778442	1.34076	-7.499023	3.649301	
51	0.9286247	-0.4688721	0	-0.4778442	1.506818	-7.383759	3.452204	
52	0.9286247	-0.4688721	0	-0.2434082	1.757817	-7.545837	2.953559	
53	0.6941887	-0.4688721	0	-0.008972168	2.258856	-8.022919	2.199778	
54	0.9286247	-0.4688721	0	-0.2434082	2.157294	-8.531952	1.866604	
55	0.9286247	-0.7033081	0	-0.2434082	2.046787	-8.649109	1.550259	
56	0.9286247	-0.4688721	0	-0.4778442	2.021735	-8.578094	1.455629	
57	0.9286247	-0.4688721	0	-0.4778442	1.679919	-8.334259	1.50776	
58	0.6941887	-0.4688721	0	-0.7122803	1.717959	-8.116486	1.644105	
59	0.4597602	-0.4688721	0	-0.008972168	1.92108	-7.891296	1.694147	
60	0.6941887	-0.4688721	0	-0.2434082	2.163589	-7.99884	1.54531	
61	0.4597602	-0.7033081	0	-0.008972168	2.335945	-8.209229	1.664247	
62	0.6941887	-0.7033081	0	-0.4778442	2.346547	-8.146698	1.800979	
63	0.6941887	-0.7033081	0	-0.4778442	2.363627	-8.143463	1.743949	
64	0.6941887	-0.9377136	0	0.2254419	2.54201	-8.169189	1.629059	
65	0.4597602	-0.7033081	0	-0.008972168	2.369459	-8.032471	1.788294	
66	0.6941887	-0.4688721	0	-0.4778442	2.310599	-7.777802	1.972284	
67	0.6941887	-0.7033081	0	-0.4778442	2.280337	-7.42923	2.006388	
68	0.6941887	-0.7033081	0	-0.2434082	2.380296	-7.415192	2.092966	
69	0.6941887	-0.7033081	0	-0.4778442	2.470874	-7.547729	2.164004	
70	0.6941887	-0.9377136	0	0.225442	2.572297	-7.622009	2.109996	
71	0.4597602	-0.7033081	0	-0.4778442	2.631516	-7.715027	1.999646	
72	0.6941887	-0.7033081	0	-0.7122803	2.599404	-7.691162	2.15115	
73	0.9286247	-0.4688721	0	-0.4778442	2.552014	-7.450317	2.16026	
74	0.6941887	-0.9377136	0	-0.4778442	2.542232	-7.34314	2.068507	
75	0.6941887	-0.4688721	0	-0.2434082	2.715172	-7.313538	1.887038	
76	0.6941887	-0.7033081	0	-0.008972168	2.831898	-7.244293	1.399064	
77	0.4597602	-0.7033081	0	-0.4778442	2.695486	-7.208862	0.8822737	
78	0.6941887	-0.7033081	0	-0.4778442	2.819476	-7.300323	0.544889	
79	0.6941887	-0.7033081	0	-0.4778442	2.71297	-7.26001	0.461889	
80	0.6941887	-0.7033081	0	-0.4778442	2.569843	-6.961517	0.3968378	
81	0.9286247	-0.7033081	0	-0.008972168	2.808398	-7.028595	0.08857568	
82	0.4597603	-0.9377136	0	-0.008972168	2.471341	-7.176025	0.07020344	
83	0.6941887	-0.7033081	0	-0.4778442	2.472924	-6.995148	-0.1689148	
84	0.9286249	-0.4688721	0	-0.2434082	2.649561	-6.860474	-0.5756531	
85	0.9286249	-0.4688721	0	-0.2434082	2.682276	-7.00885	-0.7084656	
86	0.6941887	-0.7033081	0	-0.4778442	2.586084	-7.122925	-0.607666	
87	0.6941887	-0.9377136	0	-0.2434082	2.691954	-7.135651	-0.7264404	
88	0.4597604	-0.7033081	0	-0.2434082	2.752737	-7.173523	-0.8274231	
89	0.6941887	-0.4688721	0	-0.2434082	2.628193	-7.163086	-0.8173828	
90	0.6941887	-0.4688721	0	-0.2434082	2.72196	-7.204987	-0.7841797	
91	0.6941887	-0.4688721	0	-0.4778442	2.712984	-7.117737	-0.8864746	
92	0.9286249	-0.7033081	0	-0.4778442	2.758548	-7.023071	-1.057251	
93	0.6941887	-0.7033081	0	-0.2434082	2.851733	-6.99704	-1.105377	
94	0.6941887	-0.7033081	0	-0.4778442	2.91134	-7.022888	-1.350525	


Angle MV instances
Rotate	64.71234	6.564117	9.377258	11.48718	10.54944	9.377258	5.391937	9.846161	
ChildRotate	91.42847	3.047607	19.69229	22.50549	35.39923	7.970703	
RotateInverse	
ChildRotateInverse	79.46343	6.09523	11.25274	8.439548	20.39558	4.68865	3.047611	25.78751	
Docking x	5.940254	3.268788	3.495783	2.991119	2.265106	3.864777	3.810028	3.29657	4.112854	4.51947	2.521149	2.687834	2.524307	2.359319	
Docking y	122.6831	2.10717	3.199615	4.734703	4.732079	7.40509	7.81192	6.088646	8.127235	15.53638	13.14513	7.687355	8.342691	6.161304	5.842205	3.709837	3.220291	3.79716	3.106075	3.698721	3.398956	3.089264	
Docking z	10.13887	2.365973	3.29198	5.126846	7.478546	3.971344	4.454468	8.367706	12.715	5.356323	5.484467	4.276428	5.82663	4.459503	3.272705	3.404877	3.802032	5.51429	2.307813	3.463613	3.112457	2.140411	2.019104	2.028595	3.022095	3.705119	2.836642	3.34624	2.125246	
Total MV Amount	891.2173


Angle TRE instances
Rotate	13	
ChildRotate	14	
RotateInverse	1	
ChildRotateInverse	12	
Docking x	8	10	27	33	37	39	45	
Docking y	23	25	35	44	
Docking z	4	5	18	27	37	39	47	
Total TRE Count	21


Correct Angles	Rotate	ChildRotate	RotateInverse	ChildRotateInverse	Docking x	Docking y	Docking z
	-3.21841E-25	0	0	0	0	0	0

Angle Error	Rotate	ChildRotate	RotateInverse	ChildRotateInverse	Docking x	Docking y	Docking z
	0.6941887	0.7033081	0	0.2434082	3.020418	7.161713	1.478424

Time Taken	Hours	Minutes	Seconds	Milliseconds	Seconds float	Completion time
	0	0	5	583	5.583093	00h:00m:05s:583ms

Final Results	Tester Name	Time of Test	Dock Shape Style	Virtual Device Visible	Time Taken	Shape Precision %	Orientation Precision %	Overall Precision %	Efficiency %	Difficulty	Total MV	Total TRE	
	1	2018-11-22_10:29:16	ZEROING DATA	True	00h:00m:05s:583ms	99.77209	98.39997	98.94433	100	3.576011E-28	891.2173	21	
