
Angles Over Time
Frames	Rotate	ChildRotate	RotateInverse	ChildRotateInverse	Docking x	Docking y	Docking z	
0	-0.10849	-0.9376831	0	-0.5772705	0.0001818688	-0.8466492	0.03237943	
1	-0.03237915	-0.234436	0	-0.2668152	0.001642379	-0.3084412	0.00604949	
2	-0.03237915	-0.234436	0	-0.2668152	0.008180534	-0.4772644	0.01928549	
3	-0.03237915	-0.234436	0	0.2020498	0.008442298	-0.5184937	0.02008278	
4	-0.03237915	0	0	-0.03237915	0.0162061	-0.8778381	0.03698006	
5	0.2020498	0	0	-0.03237915	0.01706599	-1.036987	0.04008861	
6	0.2020498	0	0	-0.03237915	0.0173393	-1.078247	0.04088181	
7	-0.03237915	0	0	-0.03237915	0.01853458	-1.314056	0.0455061	
8	0.2020498	-0.234436	0	0.4364857	0.01964653	-1.479065	0.04867342	
9	-0.2668152	-0.234436	0	-0.03237915	0.02701026	-1.72052	0.06317043	
10	-0.03237915	-0.234436	0	-0.03237915	0.02695234	-1.730347	0.06338931	
11	-0.03237915	-0.234436	0	-0.2668152	0.02764103	-1.838409	0.06546909	
12	-0.03237915	0	0	-0.2668152	0.02792916	-1.879669	0.06625709	
13	-0.03237915	-0.4688721	0	0.9053502	0.0286829	-2.023071	0.06905659	
14	-0.5012512	-0.234436	0	0.4364858	0.02967445	-2.172424	0.0719197	
15	-0.2668152	2.668037E-08	0	-0.2668152	0.03669832	-2.356842	0.08528345	
16	-0.03237915	2.668037E-08	0	-0.03237915	0.03693068	-2.362823	0.08534953	
17	0.2020499	2.668037E-08	0	-0.03237915	0.02799798	-2.496368	0.09389061	
18	-0.03237915	2.668037E-08	0	-0.03237915	0.03514807	-2.671021	0.1070201	
19	-0.03237915	2.668037E-08	0	0.2020498	0.03527609	-2.696533	0.1075202	
20	-0.2668152	2.668037E-08	0	-0.03237915	0.03540422	-2.722046	0.10802	
21	-0.03237915	2.668037E-08	0	-0.2668152	0.03677589	-2.912689	0.1116517	
22	-0.03237915	2.668037E-08	0	-0.03237915	0.03677589	-2.912689	0.1116517	
23	-0.03237915	-0.234436	0	-0.03237915	0.03766258	-3.046295	0.1142144	
24	-0.03237915	-0.4688721	0	0.9053502	0.0394539	-3.313477	0.1193333	
25	-0.5012512	0	0	0.6709142	0.04600387	-3.3703	0.1301267	
26	-0.2668152	0	0	-0.03237915	-0.0567627	-2.76059	0.2866157	
27	-0.03237915	0	0	-0.03237915	0.04527876	-1.999298	0.2729174	
28	-0.03237915	0	0	7.938309	0.07868532	-1.512573	0.4149693	
29	-0.03237915	-11.72162	0	28.80276	0.4138989	-1.19162	0.3943142	
30	-0.03237915	-48.52744	0	37.00787	1.925197	0.9960304	2.114544	
31	-0.2668152	-62.12448	0	35.60128	11.7877	1.07017	0.2489294	
32	-0.2668152	-54.62265	0	13.56467	24.43058	2.671542	9.591963	
33	-7.768646	-34.22708	0	9.110466	37.09578	10.96752	14.15342	
34	-3.548859	-30.24173	0	7.703872	46.23107	28.90779	22.13793	
35	-1.204529	-24.14648	0	0.4364851	44.87677	45.71782	48.38378	
36	-7.768646	-12.19046	0	0.2020491	38.85644	71.29284	66.06237	
37	-7.768646	-8.439545	0	-0.03237915	30.68785	76.95903	70.48142	
38	-7.768646	-13.59705	0	0.2020491	25.7559	77.11334	70.91197	
39	-5.424316	-14.06592	0	0.2020491	23.54389	77.43395	63.68354	
40	-1.673401	-13.83148	0	-0.03237915	17.48616	83.17348	64.75247	
41	-0.2668152	-15.00366	0	1.139778	10.4543	86.64207	67.22424	
42	-0.5012512	-22.03662	0	-0.03237915	3.800065	89.34037	70.61452	
43	-0.2668152	-26.25638	0	0.2020489	0.5492769	93.80542	75.46417	
44	-0.2668152	-29.30402	0	-0.03237915	0.2537714	93.1924	74.85876	
45	-0.2668152	-28.83514	0	-0.03237915	-2.720398	89.10025	66.85558	
46	-0.03237915	-35.16479	0	0.2020489	-8.081879	94.57238	66.13548	
47	-0.03237915	-33.05493	0	0.2020489	-20.11008	93.3468	80.44581	
48	-24.64774	-27.42856	0	-0.03237915	-33.72882	89.06288	113.7329	
49	-68.48651	-26.95969	0	63.96756	-39.57785	87.79704	149.2134	
50	-84.89676	-21.09888	0	67.9529	-49.57263	90.37051	152.3181	
51	-87.70996	-14.76923	0	94.91258	-58.68259	89.54392	145.3995	
52	-87.70996	-9.377289	0	94.20929	-64.50735	90.5577	141.8113	
53	-86.30334	-6.798523	0	94.91258	-71.96384	93.20676	136.2129	
54	-87.70996	-0.9377441	0	94.44373	-79.10858	90.48968	136.862	
55	-87.47549	0.9377205	0	96.31918	-86.70532	75.30582	149.7816	
56	-87.94437	0.9377205	0	82.48769	-87.41592	63.10938	151.9048	
57	-78.33264	1.172157	0	76.6269	-89.04654	67.38276	138.5136	
58	-56.99936	0.9377205	0	78.03349	-86.71222	-172.0981	-2.276459	
59	-35.66602	1.172157	0	72.17269	-83.20166	-155.48	-24.35449	
60	-23.00671	1.172157	0	70.06281	-79.50549	-173.9292	-15.36951	
61	-3.314423	0.9377205	0	71.23497	-84.04181	174.732	-1.824158	
62	-1.204529	0.9377205	0	70.29723	-85.11594	-169.7074	-15.12793	
63	-1.204529	0.9377205	0	73.11042	-83.34256	-146.6612	-42.96863	
64	-1.438965	0.9377205	0	75.22031	-82.99432	-134.1934	-55.26077	
65	-0.9700928	-3.047638	0	75.45474	-84.47604	-142.1064	-44.58105	
66	-0.7356567	-21.56775	0	75.45474	-85.18851	-131.3786	-50.10568	
67	-0.7356567	-35.63367	0	75.22031	-83.49329	-125.574	-53.67105	
68	-0.7356567	-41.26004	0	75.45474	-82.72778	-109.9825	-68.13568	
69	-0.5012207	-40.79117	0	78.73679	-83.20432	-103.3429	-76.62128	
70	-0.7356567	-46.18311	0	79.90894	-83.62802	-100.5288	-80.34778	
71	-0.7356567	-53.91937	0	79.67452	-82.93613	-94.11996	-83.81104	
72	-0.5012207	-54.62265	0	79.67452	-82.73962	-94.11157	-82.9657	
73	-0.5012207	-54.62265	0	79.67452	-83.01471	-92.01434	-86.51971	
74	-0.5012207	-54.15381	0	78.97122	-83.53107	-84.48093	-94.5972	
75	-0.7356567	-54.62265	0	79.67452	-83.30984	-84.67551	-95.25003	
76	-0.5012207	-56.49811	0	80.61226	-83.30096	-73.11835	-106.1955	
77	-0.7356567	-56.73254	0	82.01884	-83.36777	-83.29297	-97.45886	
78	-0.5012207	-56.49811	0	83.191	-83.34253	-82.06122	-100.5872	
79	-0.5012207	-47.35526	0	83.42544	-84.06671	-74.1749	-110.4835	
80	-0.5012207	-38.2124	0	83.42544	-84.73065	-73.08221	-113.969	
81	-0.7356567	-22.50549	0	83.65987	-85.21045	-57.21915	-131.4224	
82	-0.7356567	-11.25275	0	83.65987	-85.61813	-49.34717	-141.4992	
83	-0.7356567	-2.34433	0	83.8943	-85.76257	-49.56378	-142.4715	
84	-0.5012207	-1.17215	0	83.8943	-85.47195	-49.11819	-144.2507	
85	-0.2668152	-1.406586	0	82.95657	-84.59515	-34.67422	-157.4765	
86	-0.7356567	-0.9377136	0	82.95657	-84.16815	-33.01147	-157.2408	
87	-0.7356567	-0.9377136	0	79.67453	-83.94699	-31.83987	-155.8745	
88	-0.5012207	-0.9377136	0	79.44009	-83.91959	-31.91296	-154.5011	
89	-0.5012207	-0.9377136	0	79.44009	-84.25485	-31.52197	-155.9607	
90	-0.5012207	-0.9377136	0	82.48772	-84.6087	-26.98141	-162.7468	
91	-0.2668152	-1.17215	0	83.191	-84.64026	-29.83215	-160.8316	
92	-0.7356567	-0.9377136	0	85.3009	-84.77399	-32.43185	-158.5749	
93	-0.5012207	-0.9377136	0	85.3009	-84.75415	-33.11765	-157.9285	
94	-0.5012207	-0.9377136	0	85.53532	-84.55377	-31.69324	-159.3207	
95	-0.5012207	-0.9377136	0	85.53532	-84.59006	-30.3215	-160.742	
96	-0.5012207	-1.17215	0	85.06647	-84.38449	-28.55255	-162.5428	


Angle MV instances
Rotate	7.501831	4.219788	2.34433	6.564117	2.34433	3.750916	24.61536	43.83878	16.41025	2.813202	9.611725	21.33328	21.33334	12.6593	19.69229	2.109894	
ChildRotate	11.72162	36.80582	13.59705	7.501831	20.39557	3.985352	6.095245	11.95602	3.750916	5.157501	7.032959	4.219757	3.047638	6.329651	2.109863	5.626373	5.860809	6.329651	5.391937	2.578766	5.860779	3.985358	18.52011	14.06592	5.626373	5.391937	7.736267	9.142853	9.142853	15.70691	11.25275	8.908417	
RotateInverse	
ChildRotateInverse	7.970688	20.86445	8.205116	22.03661	4.454208	7.267387	63.99994	3.985348	26.95968	13.83148	5.860794	5.860802	2.109879	2.813187	2.109886	3.282043	3.282043	3.047623	2.109894	
Docking x	9.862507	12.64288	12.6652	9.135284	6.020325	8.168589	4.931953	2.212006	6.057737	7.031852	6.65424	3.250788	2.974169	5.361481	12.0282	13.61874	5.84903	9.994781	9.109955	5.824768	7.456482	7.144745	7.596741	2.33432	3.510559	3.696167	4.536316	
Docking y	8.295976	17.94027	16.81003	25.57502	5.666191	5.739525	3.468597	2.698296	4.46505	4.092148	5.47213	4.28392	2.573463	2.649063	2.717087	15.18385	12.19645	4.27338	239.4809	16.61812	18.4492	344.4394	23.04617	12.46785	7.913025	10.7278	5.804626	15.59146	6.639648	2.814087	6.408813	2.097229	7.533417	11.55716	10.17462	7.886322	15.86307	7.871979	14.44397	4.540558	2.850739	2.599701	
Docking z	9.343034	4.56146	7.984508	26.24585	17.67859	4.419052	7.228428	2.471764	3.390282	4.849655	8.003174	14.31033	33.28714	35.48043	3.104675	6.918579	3.588196	5.598419	12.91954	2.123245	13.39119	140.7901	22.07803	8.984985	13.54535	13.30377	27.8407	12.29214	10.67972	5.524628	3.565369	14.46463	8.485596	3.726501	3.463257	3.554016	8.077484	10.9455	8.736664	3.128326	9.896317	3.485474	17.45338	10.0768	13.22581	6.786102	2.25676	
Total MV Amount	2440.885


Angle TRE instances
Rotate	1	33	34	36	40	48	61	
ChildRotate	1	29	54	66	83	
RotateInverse	1	
ChildRotateInverse	52	55	92	
Docking x	56	59	62	63	65	67	80	86	90	
Docking y	86	
Docking z	86	87	89	
Total TRE Count	26


Correct Angles	Rotate	ChildRotate	RotateInverse	ChildRotateInverse	Docking x	Docking y	Docking z
	0	0	0	90	-89.37851	-30.50818	-160.9529

Angle Error	Rotate	ChildRotate	RotateInverse	ChildRotateInverse	Docking x	Docking y	Docking z
	0.7356567	0.9377136	0	4.23024	4.891632	0.6861572	0.4549561

Time Taken	Hours	Minutes	Seconds	Milliseconds	Seconds float	Completion time
	0	0	5	729	5.728989	00h:00m:05s:729ms

Final Results	Tester Name	Time of Test	Dock Shape Style	Virtual Device Visible	Time Taken	Shape Precision %	Orientation Precision %	Overall Precision %	Efficiency %	Difficulty	Total MV	Total TRE	
	1	2018-11-22_10:37:45	Presets_dockPreset_5	False	00h:00m:05s:729ms	99.18005	99.78868	99.05267	82.22532	0.412044	2440.885	26	
