
Angles Over Time
Frames	Rotate	ChildRotate	RotateInverse	ChildRotateInverse	Docking x	Docking y	Docking z	
0	-0.2817993	-0.7033081	0	98.64857	-78.49747	108.1302	-73.95776	
1	-0.2817993	-0.7033081	0	98.883	-78.43945	109.0924	-74.42578	
2	-0.04736328	-0.7033081	0	99.11743	-78.36963	109.854	-74.96869	
3	-0.04736328	-0.7033081	0	98.883	-78.29346	109.5939	-74.25183	
4	-0.2817993	-0.7033081	0	99.11743	-77.89862	107.6762	-71.92737	
5	-0.04736328	-0.7033081	0	97.94527	-76.76434	101.967	-66.08011	
6	-0.2817993	-0.7033081	0	90.67789	-71.03937	83.92023	-47.43872	
7	-0.2817993	-0.7033081	0	73.56435	-59.55353	76.32204	-38.79999	
8	-0.04736328	-0.7033081	0	57.62297	-44.06412	68.94359	-30.43192	
9	0.187059	-0.7033081	0	27.14681	-30.20807	61.3604	-21.88876	
10	-0.04736328	-0.7033081	0	17.5351	-22.24683	55.91679	-13.5777	
11	-0.5162354	-0.7033081	0	-0.2817383	-17.04431	51.15334	2.757566	
12	-8.721344	-50.63733	0	-0.5161743	-14.22888	47.58969	10.02017	
13	-3.563843	-53.91937	0	-0.5161743	-15.66635	46.89821	13.56339	
14	-0.5162354	-53.68494	0	-0.7505798	-14.52603	46.79563	10.3096	
15	-0.7506714	-51.10617	0	-0.5161743	-8.80838	47.68474	8.373871	
16	-0.5162354	-45.71423	0	-0.5161743	-4.826508	44.2974	12.02533	
17	-0.5162354	-25.08423	0	-0.2817383	-3.104736	42.84266	10.32824	
18	-0.5162354	-7.970673	0	-0.5161743	-0.8664551	42.28115	0.8052758	
19	-0.5162354	-1.406586	0	5.813501	-1.421021	39.60191	-12.22614	
20	-0.5162354	-1.17215	0	-0.5161743	1.969196	36.97341	-13.73431	
21	-0.2817993	-0.9377136	0	-0.5161743	1.74524	34.41323	-14.18048	
22	-0.2817993	-1.406586	0	-0.2817383	-4.658386	30.9771	-11.58566	
23	-0.5162354	-0.9377136	0	-0.04730225	-4.647797	29.19559	-10.39288	
24	-0.04736328	-0.9377136	0	-0.5161743	-7.047424	27.2005	-8.264862	
25	0.1870596	-0.9377136	0	-0.5161743	-0.2991028	24.6165	-6.266113	
26	0.1870596	-0.9377136	0	-0.5161743	5.071487	24.69547	-4.729401	
27	0.1870596	-0.9377136	0	-0.5161743	1.593979	19.95591	-2.793884	
28	0.1870596	-1.406586	0	0.1871355	5.009438	14.86888	-5.840942	
29	-0.04736328	-0.9377136	0	-0.7505798	4.584679	10.37684	-6.741058	
30	0.4214956	-0.9377136	0	-0.5161743	2.710334	4.660577	-4.385468	
31	0.6559241	-0.9377136	0	-0.5161743	3.631701	0.4601945	-6.163452	
32	0.6559241	-0.9377136	0	-0.2817383	1.374539	-3.164246	-6.056641	
33	0.6559241	-0.9377136	0	-0.2817383	1.067676	-5.113464	-6.098541	
34	0.6559241	-1.17215	0	-0.2817383	5.107315	-6.394623	-8.268585	
35	0.4214956	-0.9377136	0	-0.5161743	2.40222	-4.896637	-5.876312	
36	0.655924	-1.17215	0	-0.5161743	2.242691	-4.433136	-3.759186	
37	0.655924	-0.9377136	0	-0.7505798	4.15766	-4.826538	-3.423523	
38	0.655924	-1.17215	0	-0.5161743	4.812601	-4.77652	-2.647888	
39	0.655924	-1.406586	0	-0.5161743	5.367993	-4.456696	-1.750244	
40	0.4214956	-1.17215	0	-0.5161743	5.606034	-4.500061	-1.052429	
41	0.655924	-0.9377136	0	-0.5161743	5.788933	-5.794403	-0.9996338	
42	0.655924	-0.9377136	0	-0.5161743	5.776793	-6.124329	-1.176483	
43	0.655924	-0.9377136	0	-0.5161743	5.899798	-6.82608	-1.322327	
44	0.655924	-0.9377136	0	-0.5161743	5.854097	-7.38443	-1.24115	
45	0.655924	-1.17215	0	0.1871354	5.749831	-7.93219	-1.059845	
46	0.4214956	-0.9377136	0	-0.2817383	5.915815	-8.213043	-1.310394	
47	0.655924	-0.9377136	0	-0.5161743	6.061821	-8.300781	-1.166504	
48	0.655924	-0.9377136	0	-0.7505798	5.88355	-8.132263	-0.7284241	
49	0.655924	-0.9377136	0	-0.7505798	6.191225	-7.630035	-0.7103577	
50	0.655924	-1.17215	0	-0.2817383	6.436562	-6.917542	-0.6316833	
51	0.655924	-1.17215	0	0.1871353	6.760589	-6.307068	-0.6022644	
52	0.4214955	-1.17215	0	-0.7505798	6.618579	-5.70636	-0.3830566	
53	0.655924	-0.9377136	0	-0.5161743	6.709315	-5.207001	-0.3444214	
54	0.655924	-0.9377136	0	-0.7505798	6.605187	-5.065979	-0.3764648	
55	0.655924	-1.17215	0	-0.7505798	6.399155	-4.970825	-0.2758484	
56	0.655924	-1.17215	0	-0.7505798	6.39256	-5.12381	-0.137146	
57	0.655924	-1.17215	0	-0.04730225	6.453795	-5.006592	-0.03820801	
58	0.4214955	-1.17215	0	-0.5161743	6.327291	-4.73938	0.1123212	
59	0.655924	-0.9377136	0	-0.7505798	6.243687	-4.87085	0.02568687	
60	0.655924	-1.17215	0	-0.7505798	6.216693	-4.909302	-0.0508728	


Angle MV instances
Rotate	8.205109	5.157501	3.047607	
ChildRotate	49.93402	3.282043	2.578766	5.391937	20.63	17.11356	6.564087	
RotateInverse	
ChildRotateInverse	98.64857	7.267387	17.11354	15.94137	30.47616	9.611712	17.81684	6.329676	6.329676	
Docking x	78.49747	5.724976	11.48584	15.48941	13.85605	7.961243	5.202515	2.81543	5.717651	3.981873	2.238281	6.403626	2.399628	6.748322	5.37059	3.477509	3.415459	2.257162	4.039639	2.705095	
Docking y	108.1302	5.709183	18.04675	7.59819	7.378456	7.583191	5.443607	4.763451	3.563644	3.387337	2.679237	2.628502	2.560181	3.436134	2.583996	4.739557	5.087033	4.492038	5.716261	4.200383	3.62444	
Docking z	73.95776	2.324463	5.84726	18.64139	8.638733	8.368073	8.543152	8.311066	16.33526	7.2626	3.543226	3.253794	3.651461	9.522964	13.03141	2.594818	2.128021	3.047058	2.355591	2.170044	2.392273	2.117126	
Total MV Amount	942.6166


Angle TRE instances
Rotate	1	12	13	
ChildRotate	1	12	19	
RotateInverse	1	
ChildRotateInverse	12	19	20	
Docking x	17	24	25	26	27	28	29	34	35	39	
Docking y	31	33	35	41	55	56	58	
Docking z	18	19	26	28	30	31	36	
Total TRE Count	31


Correct Angles	Rotate	ChildRotate	RotateInverse	ChildRotateInverse	Docking x	Docking y	Docking z
	0	0	0	6.612787E-16	0	0	0

Angle Error	Rotate	ChildRotate	RotateInverse	ChildRotateInverse	Docking x	Docking y	Docking z
	0.655924	0.9377136	0	0.7505798	6.165555	4.883636	0.08010864

Time Taken	Hours	Minutes	Seconds	Milliseconds	Seconds float	Completion time
	0	0	3	578	3.578312	00h:00m:03s:578ms

Final Results	Tester Name	Time of Test	Dock Shape Style	Virtual Device Visible	Time Taken	Shape Precision %	Orientation Precision %	Overall Precision %	Efficiency %	Difficulty	Total MV	Total TRE	
	1	2018-11-22_10:33:18	ZEROING DATA	True	00h:00m:03s:578ms	99.67442	99.08079	98.93067	100	7.347541E-19	942.6166	31	
