
Angles Over Time
Frames	Rotate	ChildRotate	RotateInverse	ChildRotateInverse	Docking x	Docking y	Docking z	
0	-6.060272	-19.69235	0	120.533	84.93342	-24.45273	126.8269	
1	-1.137207	-18.05133	0	119.8297	84.91936	-24.254	126.6445	
2	0.7382526	-18.05133	0	118.4232	84.90833	-23.88242	126.3314	
3	-0.4338989	-17.34802	0	119.1265	84.89301	-23.66632	126.095	
4	-0.4338989	-18.98904	0	120.2986	84.86821	-23.42667	125.7947	
5	-1.371643	-20.8645	0	121.0019	84.8731	-23.27829	125.7335	
6	-3.715942	-17.58246	0	120.2986	84.83662	-22.79626	125.4482	
7	1.207117	-18.05133	0	120.2986	84.83381	-22.65637	125.4079	
8	1.675982	-17.81689	0	120.2986	84.82365	-22.53168	125.4043	
9	1.675981	-18.28574	0	120.2986	84.81896	-22.36029	125.2786	
10	1.675981	-21.33337	0	121.0019	84.8204	-21.71146	125.5238	
11	-2.778229	-18.28574	0	120.2986	84.79689	-21.4953	125.2677	
12	2.144846	-18.75461	0	120.2986	84.87447	-22.59705	123.9284	
13	1.441545	-18.98904	0	120.2986	84.87876	-22.62183	123.6586	
14	-0.1994629	-19.45792	0	120.2986	84.8498	-21.89716	124.0563	
15	-0.4338989	-23.91211	0	121.7052	84.84733	-21.67603	124.1242	
16	-6.76358	-19.22348	0	119.5953	84.83089	-21.66937	124.1086	
17	-0.902771	-19.22348	0	117.0166	84.82581	-21.48862	123.9563	
18	-1.137207	-19.22348	0	117.7199	84.81133	-21.37616	123.6529	
19	-0.668335	-19.69235	0	116.3133	84.8279	-21.32632	123.1875	
20	-0.1994629	-23.20883	0	120.7675	84.81919	-21.49744	122.9876	
21	-6.294708	-19.92679	0	120.2986	84.81821	-21.2952	123.1086	
22	-0.4338989	-18.98904	0	119.8298	84.81284	-21.2912	122.7664	
23	-1.137207	-19.92679	0	119.8298	84.85232	-21.82809	122.2007	
24	-0.1994629	-20.16119	0	119.5953	84.86821	-22.01221	122.0167	
25	-0.1994629	-23.20883	0	120.7675	84.85814	-21.9772	121.9281	
26	-6.294708	-19.22348	0	113.0312	84.85555	-21.82947	121.8733	
27	-1.137207	-19.22348	0	118.892	84.83858	-21.53534	122.0907	
28	-1.371643	-19.22348	0	119.1265	84.81802	-21.2775	122.065	
29	-0.4338989	-19.22348	0	119.3609	84.8381	-21.57602	121.5261	
30	-0.668335	-23.20883	0	121.4708	84.83385	-21.49557	121.3142	
31	-6.294708	-21.80222	0	120.7675	84.86314	-22.20871	120.5299	
32	-2.543793	-18.98904	0	120.2986	84.87126	-22.35986	119.9157	
33	-0.1994629	-18.05133	0	120.2986	84.84607	-21.853	120.2578	
34	-0.1994629	-18.28574	0	120.0642	84.79177	-20.85449	121.2665	
35	0.2693867	-18.52017	0	120.2986	84.81568	-21.13123	121.0011	
36	-0.902771	-21.80222	0	120.533	84.81103	-21.13528	120.6869	
37	-2.778229	-17.34802	0	120.0642	84.81712	-21.3844	120.3548	
38	1.441544	-17.34802	0	120.533	84.8716	-22.22366	119.5412	
39	0.5038229	-18.98904	0	120.2986	84.94073	-23.78613	118.1987	
40	0.7382513	-17.34802	0	120.2986	84.97477	-24.32861	117.4968	
41	1.67598	-20.8645	0	121.0019	85.19931	-27.24612	114.4927	
42	-3.247101	-18.98904	0	120.2986	84.96745	-24.42126	115.2759	
43	-0.4338989	-18.75461	0	120.0642	85.04196	-25.39395	110.2795	
44	0.03495804	-8.908478	0	120.2986	85.14925	-26.81842	103.7172	
45	-0.4338989	5.860752	0	120.0642	84.92457	-19.565	108.2967	
46	-0.1994629	3.750858	0	118.4232	84.83821	-14.31534	105.4553	
47	-6.529144	8.205068	0	101.0752	85.0629	-35.59631	79.1944	
48	-0.902771	9.611661	0	87.24371	83.15446	-73.24707	39.51852	
49	0.2693867	12.19041	0	77.86642	80.29001	-86.42865	26.02821	
50	0.9726794	12.19041	0	68.02029	77.39153	-87.18188	21.75536	
51	1.207115	10.31495	0	64.5038	74.63541	-85.57373	15.92608	
52	0.9726794	7.501773	0	59.81516	68.16652	-82.1301	9.539341	
53	-2.543793	10.31495	0	55.82981	61.47032	-77.86932	6.791397	
54	0.2693864	9.846096	0	52.31334	57.35287	-74.89258	5.74141	
55	0.03495806	10.08052	0	37.77856	55.79532	-70.01556	6.588473	
56	-0.1994629	10.08052	0	24.1815	55.16898	-64.70645	8.421398	
57	-0.668335	3.047565	0	25.35366	53.78625	-58.37207	7.582763	
58	-5.591431	7.970638	0	22.77491	52.43126	-52.48587	6.563325	
59	-2.543793	10.08052	0	20.89945	51.12324	-47.38269	5.385324	
60	-0.4338989	11.95598	0	15.27309	49.22397	-42.00443	3.653008	
61	2.379272	12.19041	0	10.81888	47.83595	-37.44159	2.810288	
62	2.144844	11.72155	0	5.895807	44.52729	-33.33725	3.353684	
63	2.379272	7.736203	0	8.474559	39.44716	-29.84238	1.449307	
64	-2.309357	9.846096	0	5.426943	40.05296	-26.03229	-2.995331	
65	0.5038216	10.08052	0	6.833537	38.47604	-21.2291	-6.293732	
66	-0.668335	9.142795	0	5.661379	32.68741	-14.06821	-6.298187	
67	0.2693856	9.377231	0	5.426943	25.73752	-4.613678	-5.311279	
68	0.2693856	4.219723	0	11.05331	22.98446	3.850127	-2.693481	
69	-5.356995	6.329608	0	6.364673	21.20963	8.023664	1.581813	
70	-1.840515	6.564044	0	-0.4338684	16.3973	9.78649	5.294067	
71	0.2693858	6.329608	0	-1.371582	12.9195	12.24742	8.136785	
72	2.379272	-10.5495	0	-1.371582	13.78876	15.31945	10.3321	
73	2.379272	-18.52017	0	-0.90271	17.19446	16.77707	12.23819	
74	2.379272	-23.20883	0	1.910465	16.04596	18.46858	11.0791	
75	-2.309357	-20.39563	0	-3.715912	13.70615	19.35441	13.1674	
76	-0.902771	-20.63007	0	-4.419189	12.83492	19.70325	12.9675	
77	-0.1994934	-11.95609	0	-4.653625	13.02806	20.24162	12.62305	
78	-1.840515	-9.611755	0	-1.371582	14.07259	20.64945	9.291014	
79	-3.481537	-14.06598	0	2.379329	11.81267	20.17667	7.855639	
80	-8.170166	-11.72165	0	1.207171	9.567322	19.06434	7.270712	
81	-4.888123	-9.846191	0	-1.840454	7.877058	18.01142	5.13715	
82	-2.543793	-7.736328	0	1.441599	4.722214	17.99137	4.302499	
83	-0.902771	-8.908478	0	2.613757	1.215883	18.08921	3.610462	
84	-0.4338989	-9.611755	0	3.082621	1.359356	17.98886	1.719052	
85	-3.247101	-15.47256	0	9.881153	0.642396	17.92586	0.605063	
86	-8.873474	-9.611755	0	2.848193	0.1812112	17.61389	0.257354	
87	-3.247101	-9.611755	0	2.379329	0.0409054	16.74296	0.1592353	
88	-3.247101	-7.501862	0	-0.6682739	-0.09341431	16.38378	0.07434456	
89	-0.902771	-3.750977	0	-5.356934	-0.5266724	16.22952	-0.3011169	
90	1.675978	3.985291	0	-3.715912	-0.7779846	16.71354	-0.4874878	
91	-1.137207	1.875405	0	3.317058	-0.7924194	16.93221	-0.5113831	
92	-3.012665	4.21972	0	-4.888062	-0.7917786	16.93191	-0.5275879	
93	-0.4338989	4.21972	0	-5.122498	-0.864502	16.92369	-0.538269	
94	-0.1994934	4.688584	0	-4.184753	-0.9120789	16.96445	-0.5578003	
95	-0.902771	4.219719	0	-4.653625	-0.9145508	16.55059	-0.5438843	
96	-0.4338989	3.985291	0	-4.653625	-0.721405	15.98975	-0.5675964	
97	-1.371643	2.109833	0	-1.137146	-0.7983704	15.44755	-0.5117493	
98	-3.715973	4.92302	0	-4.888062	-0.809021	14.80735	-0.4992371	
99	0.0349559	4.454155	0	-4.888062	-0.7663574	13.21084	-0.4467773	
100	0.0349559	5.626313	0	-4.184753	-0.4474182	11.32945	-0.4376831	
101	-0.668335	5.391884	0	-4.888062	-0.5235901	9.076772	-0.3775635	
102	-0.4338989	0.7032397	0	1.676036	-0.337677	7.381669	-0.3430481	
103	-6.529144	3.985291	0	-0.90271	-0.4034424	4.730119	-0.2068481	
104	-3.012665	7.032906	0	-4.184753	-0.3424988	2.359059	-0.0949707	
105	-0.668335	6.095177	0	-5.122498	-0.2534485	1.033721	-0.04992676	
106	-0.1994934	6.564041	0	-5.122498	-0.2694702	-0.636322	0.04687058	
107	0.03495585	5.626312	0	-5.122498	-0.2202148	-1.205933	0.09766486	
108	0.03495585	-5.363177E-05	0	2.848194	-0.1948547	-2.094666	0.1351696	
109	-6.294708	5.626312	0	-5.122498	-0.1629944	-2.845886	0.1595566	
110	-0.1994934	6.79847	0	-4.653625	-0.1310425	-4.022614	0.2194847	
111	-0.1994934	6.79847	0	-4.653625	-0.1242065	-4.022736	0.2103125	
112	-0.1994934	6.329605	0	-4.653625	-0.1723022	-4.023071	0.2172435	
113	-0.1994934	1.172104	0	2.379329	-0.1977234	-4.646545	0.237945	
114	-6.060272	3.985291	0	-0.90271	-0.2066345	-5.301971	0.257297	


Angle MV instances
Rotate	6.060272	4.923065	2.344299	4.923059	6.329681	5.860809	6.095245	5.860809	6.095245	5.157501	5.626373	3.750916	2.34433	2.813202	6.329681	5.626373	2.813179	4.923096	3.047638	2.109894	5.62638	3.516479	2.109886	4.688629	3.282043	2.34433	2.813202	5.626373	5.626373	2.34433	2.578766	2.34433	3.750929	6.095245	3.516479	2.34433	6.329664	6.095215	5.860779	
ChildRotate	19.69235	3.282043	3.047638	3.047638	4.454193	4.688629	3.516479	3.282043	3.047638	3.985352	3.985352	2.813171	3.282043	4.454193	3.516479	9.84613	14.76923	2.109894	4.454209	2.57875	2.813179	2.813179	7.032959	4.923073	2.109887	3.985343	2.109893	5.157508	2.109886	16.87911	7.970673	4.68866	2.813202	8.673981	2.34433	4.454224	2.34433	2.109863	5.860809	5.860809	2.109894	3.750885	2.109886	2.344315	2.813187	4.688644	3.282051	3.047615	5.626366	5.626366	5.157501	2.813187	
RotateInverse	
ChildRotateInverse	120.533	2.109886	2.578751	4.454216	7.736252	5.860794	2.109886	17.34796	13.83149	9.377281	9.846138	3.516487	4.688637	3.985348	3.516472	14.53479	13.59706	2.578751	5.626366	4.454207	4.923074	2.578752	3.047616	5.626365	4.688636	6.798541	3.282043	6.798532	7.03296	4.68866	3.516479	3.750916	6.564097	3.282043	7.970692	7.970692	7.032955	
Docking x	84.93342	2.864456	2.898483	2.756119	6.468887	6.696201	4.117443	3.308662	5.080128	5.788628	6.949888	2.753063	4.812328	3.477809	3.405701	2.339811	2.259914	2.245349	3.154844	3.506331	
Docking y	24.45273	2.917511	2.82486	7.253418	5.249664	21.28098	37.65076	13.18158	3.443634	4.260773	2.976746	4.877014	5.309113	6.334381	5.8862	5.10318	5.378265	4.562836	4.10434	3.494873	3.810089	4.803192	7.160889	9.454529	4.173537	2.460927	3.072035	2.252681	2.65155	2.37106	
Docking z	126.8269	3.004059	4.996384	6.562355	4.579567	2.841484	26.26086	39.67588	13.49031	4.272852	5.829277	6.38674	2.747944	3.298401	2.617798	3.712254	2.842717	2.195319	2.088301	3.332035	2.133562	
Total MV Amount	1398.309


Angle TRE instances
Rotate	2	16	17	21	22	26	27	31	32	47	48	58	59	69	70	80	81	86	87	103	104	109	110	114	
ChildRotate	57	58	68	69	89	100	102	104	108	109	113	
RotateInverse	1	
ChildRotateInverse	71	85	86	89	90	93	94	105	108	109	110	
Docking x	83	
Docking y	68	69	103	114	
Docking z	61	65	68	70	82	
Total TRE Count	56


Correct Angles	Rotate	ChildRotate	RotateInverse	ChildRotateInverse	Docking x	Docking y	Docking z
	-9.832844E-32	0	0	4.446184E-31	0	0	0

Angle Error	Rotate	ChildRotate	RotateInverse	ChildRotateInverse	Docking x	Docking y	Docking z
	3.012665	7.50177	0	5.122498	0.2435913	6.055786	0.3004625

Time Taken	Hours	Minutes	Seconds	Milliseconds	Seconds float	Completion time
	0	0	6	806	6.80624	00h:00m:06s:806ms

Final Results	Tester Name	Time of Test	Dock Shape Style	Virtual Device Visible	Time Taken	Shape Precision %	Orientation Precision %	Overall Precision %	Efficiency %	Difficulty	Total MV	Total TRE	
	0	2018-11-02_08:23:29	ZEROING DATA	True	00h:00m:06s:806ms	97.8282	98.82291	98.23518	100	6.032743E-34	1398.309	56	
