
Angles Over Time
Frames	Rotate	ChildRotate	RotateInverse	ChildRotateInverse	Docking x	Docking y	Docking z	
0	-94.92468	-137.846	0	100.8263	16.69449	177.2104	44.79778	
1	-93.98697	-137.846	0	100.8263	16.53091	177.0714	44.53261	
2	-93.98697	-137.846	0	100.5918	16.50325	177.1581	44.36948	
3	-94.22137	-137.846	0	101.0607	16.64605	177.4059	44.5739	
4	-94.45581	-137.3772	0	101.9984	16.23029	176.6451	43.96363	
5	-95.62799	-137.6116	0	101.764	15.46612	175.5517	42.85512	
6	-94.69025	-138.0805	0	100.5918	15.1865	174.7613	42.20468	
7	-93.98697	-137.846	0	101.2951	14.91361	174.1104	41.73146	
8	-93.98697	-138.0804	0	100.8263	14.93218	174.0131	41.42575	
9	-93.98697	-137.846	0	100.8263	15.10855	174.4009	41.51656	
10	-94.22137	-137.3772	0	103.405	15.36153	174.2721	41.59135	
11	-95.86243	-137.846	0	101.0607	15.89573	174.1577	41.75772	
12	-93.98697	-138.0804	0	100.8263	16.33384	173.8704	41.76601	
13	-94.22137	-137.846	0	100.8263	16.03424	174.2929	41.53181	
14	-94.22137	-138.0804	0	101.0607	14.94442	175.8896	41.57924	
15	-93.75253	-137.846	0	100.8263	14.81942	178.0326	42.3946	
16	-93.98697	-137.3771	0	103.6395	15.24193	-179.7156	43.89456	
17	-96.09686	-137.846	0	100.8263	14.65703	-179.2916	43.93298	
18	-94.22137	-138.0804	0	100.8263	13.28584	178.084	42.19422	
19	-93.98697	-138.0804	0	101.0607	11.58293	173.6245	40.1237	
20	-93.75253	-138.3149	0	100.8263	10.71001	167.0472	36.65478	
21	-93.75253	-138.0804	0	100.8263	10.03254	159.0509	32.88246	
22	-93.5181	-137.846	0	101.764	7.659752	150.7205	29.03543	
23	-94.92468	-138.0804	0	100.8263	2.612123	144.2712	27.84786	
24	-93.98697	-137.846	0	100.8263	-1.821655	137.7567	28.48018	
25	-93.98697	-138.0804	0	101.2951	-6.209198	125.8339	30.09412	
26	-94.45581	-137.846	0	101.0607	-8.61911	113.5816	30.42147	
27	-94.45581	-137.3771	0	103.1706	-9.821655	98.70399	33.65232	
28	-95.62799	-137.846	0	102.4673	-11.95264	87.55074	44.64011	
29	-94.92468	-138.0804	0	100.8263	-9.139435	77.30996	56.59787	
30	-94.22141	-138.0804	0	101.2951	-2.989655	67.92236	65.02834	
31	-93.98697	-138.0804	0	101.0607	-0.5992126	61.07371	67.4478	
32	-93.75253	-138.0804	0	100.8263	0.1735554	54.61187	67.66011	
33	-93.51813	-137.846	0	101.9984	3.637572	49.48014	65.21325	
34	-94.92471	-137.846	0	100.5918	8.351878	45.03524	58.53464	
35	-93.98697	-138.0804	0	100.8263	13.63081	38.53728	49.36295	
36	-93.98697	-138.0804	0	101.0607	16.33259	28.15221	39.32224	
37	-94.22141	-138.0804	0	100.8263	12.75651	22.2191	36.84686	
38	-94.22141	-137.6116	0	103.405	12.67798	19.53572	34.81977	
39	-95.62799	-137.846	0	101.764	12.34902	16.94962	28.72638	
40	-94.22141	-137.846	0	100.8263	10.12699	13.39522	20.71392	
41	-94.22141	-138.0804	0	91.21456	7.90089	8.978376	15.26319	
42	-93.5181	-138.0804	0	80.43069	8.083281	7.031638	13.20414	
43	-93.5181	-138.0804	0	49.25124	8.389765	6.460675	18.86306	
44	-93.5181	-137.846	0	29.32452	4.737285	4.240663	26.94409	
45	-94.92468	-137.846	0	26.04247	3.43775	3.795206	24.19175	
46	-93.75253	-137.846	0	26.27691	4.368857	4.686491	20.06726	
47	-85.54742	-137.846	0	27.6835	1.927763	3.338932	14.47398	
48	-73.59137	-137.846	0	26.74577	-0.06848145	2.080244	11.20386	
49	-64.68298	-137.3771	0	33.30987	-0.5694885	0.8556076	9.760643	
50	-61.63535	-137.6116	0	28.15236	-0.9330139	-0.1262817	9.256392	
51	-50.38263	-137.846	0	26.27691	-0.7414246	-1.336365	6.889683	
52	-34.20682	-138.0804	0	24.40145	-1.026794	-2.727234	3.012971	
53	-0.2141724	-138.0804	0	17.83736	-1.856232	-3.825317	0.8184578	
54	-0.4486084	-138.0804	0	12.67985	-2.06723	-4.054413	0.9572971	
55	-0.2141724	-137.6116	0	13.85201	-2.087799	-4.102386	1.049448	
56	-5.60611	-137.846	0	9.86667	-1.263641	-3.492279	0.7387567	
57	-2.324066	-137.846	0	6.115754	-2.046722	-3.483185	1.180491	
58	-2.08963	-131.2819	0	-0.2138977	-2.099243	-3.395782	1.096558	
59	-2.324066	-107.8387	0	0.02052394	-2.039368	-3.42926	0.2535967	
60	-2.558502	-86.50537	0	6.819054	-2.359894	-1.777344	-1.418365	
61	-8.419281	-69.39185	0	2.83371	-2.550049	-1.192383	-2.41153	
62	-4.199524	-58.60797	0	-0.2138977	-1.33017	-2.376862	-0.756897	
63	-2.08963	-51.10614	0	0.02052323	-0.6870422	-2.448486	-1.089691	
64	-0.2141724	-41.49445	0	0.02052323	-0.4769287	-2.515015	-0.2154541	
65	0.02026324	-26.95966	0	0.02052323	-0.2970886	-2.025146	-0.4373169	
66	-1.620758	-22.73987	0	7.522346	0.06664019	-1.616394	-0.3815918	
67	-5.60611	-1.875427	0	0.02052378	-0.01193237	-1.815308	-0.2449646	
68	-2.08963	-0.2344055	0	0.2549522	-1.606384	-2.370789	0.1713998	
69	-0.2141724	0.9377516	0	0.4893882	-1.629913	-2.353943	0.2277726	
70	-0.6830139	0.7033155	0	0.9582526	-1.451477	-2.360199	0.2250627	
71	-0.91745	0.2344588	0	0.0205237	-1.281525	-2.35849	0.2140935	
72	0.02026428	-4.219757	0	2.83371	-1.135712	-2.356903	0.2116365	
73	-4.199493	2.243453E-05	0	0.02052339	-1.31311	-2.357941	0.2632216	
74	0.02026439	1.17218	0	0.7238162	-1.353485	-2.358246	0.2720025	
75	-0.91745	-0.9377136	0	0.4893879	-1.329315	-2.358124	0.2634951	


Angle MV instances
Rotate	94.92468	2.109894	8.205109	11.95605	8.908386	3.047638	11.25272	16.17581	33.99265	5.391937	3.282043	5.860779	4.219757	2.109894	3.985352	3.516479	4.219758	4.219758	
ChildRotate	137.846	6.564102	23.44321	21.33333	17.11353	10.78387	7.501831	9.611694	14.53479	4.219788	20.86444	4.454216	4.219779	
RotateInverse	
ChildRotateInverse	100.8263	2.578758	2.344322	2.813187	2.813187	2.109886	2.578751	9.611717	10.78387	31.17945	19.92672	3.282051	6.5641	5.157511	6.564091	5.157509	3.985344	3.750916	6.329652	6.79853	3.985344	3.047608	7.501823	7.501822	2.813186	2.813186	
Docking x	16.69449	2.372786	5.047629	4.387543	2.409912	2.130981	2.813202	6.14978	2.390442	3.464017	4.714306	5.278934	2.701779	3.57608	2.222024	2.226102	3.65248	2.441094	
Docking y	177.2104	2.142914	4.459518	6.577286	7.996277	8.330444	6.449249	6.514572	11.92281	12.25224	14.87762	11.15326	10.24078	9.387596	6.848656	6.461834	5.131733	4.444901	6.497963	10.38507	5.933104	2.683382	2.586102	3.554396	4.416847	2.220012	
Docking z	44.79778	2.070518	3.468918	3.772324	3.847033	3.23085	10.98779	11.95776	8.43047	2.419456	2.446861	6.678608	9.171692	10.04071	2.475388	2.027084	6.093391	8.012461	5.45073	2.059044	5.658912	8.081038	2.752344	4.124493	5.593275	3.270126	2.366709	3.876711	2.194514	
Total MV Amount	1385.397


Angle TRE instances
Rotate	54	56	57	61	62	67	68	
ChildRotate	68	
RotateInverse	1	
ChildRotateInverse	59	60	61	66	67	
Docking x	24	25	30	34	44	
Docking y	45	
Docking z	53	
Total TRE Count	20


Correct Angles	Rotate	ChildRotate	RotateInverse	ChildRotateInverse	Docking x	Docking y	Docking z
	-2.159491E-20	-4.656515E-42	0	2.513838E-20	0	0	0

Angle Error	Rotate	ChildRotate	RotateInverse	ChildRotateInverse	Docking x	Docking y	Docking z
	2.08963	0.9377136	0	1.192681	1.312836	2.357635	0.2794154

Time Taken	Hours	Minutes	Seconds	Milliseconds	Seconds float	Completion time
	0	0	4	472	4.47151	00h:00m:04s:472ms

Final Results	Tester Name	Time of Test	Dock Shape Style	Virtual Device Visible	Time Taken	Shape Precision %	Orientation Precision %	Overall Precision %	Efficiency %	Difficulty	Total MV	Total TRE	
	0	2018-11-02_08:30:13	ZEROING DATA	True	00h:00m:04s:472ms	99.41389	99.51166	99.35159	100	5.192588E-23	1385.397	20	
