
Angles Over Time
Frames	Rotate	ChildRotate	RotateInverse	ChildRotateInverse	Docking x	Docking y	Docking z	
0	-96.34045	-53.68494	0	68.69981	5.154804	-93.96042	1.512893	
1	-96.34045	-54.38824	0	69.63754	5.159139	-93.961	1.490345	
2	-96.34045	-53.68494	0	68.69982	5.144186	-93.69363	1.481574	
3	-96.34045	-54.15381	0	68.69982	5.14414	-93.61053	1.475229	
4	-96.34045	-53.91937	0	68.46538	5.137424	-93.4574	1.554038	
5	-96.34045	-54.15381	0	68.69982	5.146101	-93.21951	1.664788	
6	-96.34045	-55.79483	0	71.27857	5.151134	-93.29736	1.765837	
7	-96.34045	-53.91937	0	68.69982	5.168525	-93.14545	1.779352	
8	-96.34045	-53.91937	0	68.69982	5.186049	-92.77838	1.830449	
9	-96.34045	-53.91937	0	68.69982	5.17955	-92.642	1.732878	
10	-96.34045	-54.15381	0	68.69982	5.173614	-92.43369	1.628312	
11	-96.34045	-55.32599	0	69.40311	5.180638	-92.27231	1.523288	
12	-96.34045	-54.15381	0	69.16869	5.197748	-92.14636	1.429771	
13	-96.34045	-53.91937	0	68.69982	5.218562	-91.98068	1.3746	
14	-96.34045	-53.68494	0	67.52766	5.259631	-91.62753	1.043286	
15	-96.57489	-53.45053	0	61.66686	5.327208	-90.76736	0.6330431	
16	-96.34045	-52.74722	0	56.74379	5.494127	-88.77203	0.1546398	
17	-96.34045	-54.15381	0	53.69617	5.598385	-84.72162	-0.1094666	
18	-96.34045	-53.21609	0	49.24196	5.848478	-79.31097	-0.4324341	
19	-96.10602	-53.21609	0	48.77311	5.167109	-71.58289	0.8325251	
20	-96.34042	-53.21609	0	48.77311	4.826449	-65.03647	1.574695	
21	-93.76169	-53.45053	0	48.30424	4.610391	-57.34821	1.296431	
22	-88.36975	-54.62268	0	50.1797	4.284746	-48.0213	1.493376	
23	-82.97781	-53.68494	0	49.71083	4.015459	-39.18704	1.44025	
24	-73.13168	-53.4505	0	48.06981	3.981969	-31.73013	1.275612	
25	-60.23792	-57.43585	0	47.83538	3.610041	-23.35602	1.800651	
26	-40.54562	-71.26733	0	48.06981	3.387248	-15.23209	2.36066	
27	-12.64822	-75.01825	0	48.06981	0.264468	-9.37616	1.303742	
28	-0.2233276	-75.48712	0	49.4764	0.4029931	-6.278137	1.694367	
29	-3.036499	-75.25269	0	46.19436	0.8078552	-2.110504	0.7463889	
30	-1.395477	-75.01825	0	43.14675	0.7129681	1.584871	0.6928634	
31	-1.395477	-70.79849	0	33.76947	0.7336204	2.713665	0.6146104	
32	-1.161041	-61.4212	0	22.51673	0.7862179	3.29492	0.5572832	
33	-1.864349	-48.29303	0	20.64127	0.6081515	3.128109	0.6127368	
34	-5.380829	-38.4469	0	18.06252	0.8520353	1.784379	0.5503905	
35	-2.567627	-31.64835	0	13.84274	1.112717	-0.00970459	0.4796278	
36	-1.395477	-23.67767	0	9.1541	0.8590981	-0.5901184	0.4749785	
37	-0.9266052	-13.59711	0	8.685237	1.512488	-1.455414	0.3722195	
38	-0.4577637	-3.750946	0	7.747509	0.8784921	-1.968292	0.396052	
39	-0.9266052	-5.157532	0	9.857405	0.8342565	-1.428406	0.3997895	
40	-2.802063	-1.406616	0	-0.223175	2.022701	-0.07290649	-0.07723999	
41	-0.9266052	-1.641052	0	-0.223175	2.968288	0.2632359	-0.3321838	
42	-1.161041	-1.406616	0	-0.223175	3.067711	0.2723212	-0.1508484	
43	-1.629913	-1.406616	0	-0.223175	0.3523584	0.3139588	0.5016094	
44	-1.161041	-1.172211	0	-0.223175	0.3685396	0.2888143	0.5056622	
45	-1.395477	-3.047668	0	2.121145	0.4004129	0.28347	0.5129817	
46	-3.270935	-0.4689026	0	-0.4576111	0.3684939	0.2985367	0.5054679	
47	-0.2233276	-1.172211	0	0.2456867	0.3433946	0.2726322	0.5082636	
48	-1.864349	-1.406616	0	-0.223175	0.3200462	0.3545365	0.4936806	
49	-1.395477	-2.109924	0	-0.223175	0.3103225	0.3544889	0.4997374	
50	-1.395477	-5.391968	0	4.699896	0.295698	0.2873507	0.4970861	
51	-5.146393	-2.109924	0	-0.4576111	0.2932974	0.286793	0.4715799	
52	-1.161041	-2.109924	0	-0.4576111	0.2520156	0.2860492	0.4703239	
53	-1.161041	-0.4689026	0	0.2456879	0.2617359	0.2860975	0.4642614	
54	-0.9266052	-0.9377747	0	-0.223175	0.2520645	0.2763276	0.4705298	
55	-0.2233276	-0.4689026	0	0.4801239	0.2215396	0.2282899	0.4638571	
56	-0.6921997	-3.282074	0	1.417853	0.4663396	-1.345001	0.4439143	
57	-2.567627	-1.406616	0	-0.4576111	0.5578953	-3.070801	0.5360549	
58	-1.395477	-1.406616	0	0.4801239	0.5126422	-3.205353	0.5281762	
59	-1.864349	-1.641052	0	-0.223175	0.4820675	-3.272827	0.5226928	
60	-1.395477	-1.641052	0	0.01125946	0.3486377	-3.275208	0.529134	
61	-1.629913	-5.157532	0	6.106489	0.2501451	-3.27713	0.5260229	
62	-5.849701	-1.875488	0	2.121146	0.2501451	-3.27713	0.5260229	
63	-1.629913	-0.7033386	0	-0.223175	0.2509279	-3.318451	0.5266262	
64	-0.6921997	-0.4689026	0	0.01125962	0.235039	-3.318817	0.523465	
65	-1.395477	-0.7033386	0	-0.223175	0.235039	-3.318817	0.523465	
66	-0.2233276	-0.4689026	0	0.4801241	0.2255135	-3.318878	0.5298309	
67	-1.161041	-2.578796	0	2.355582	0.2255135	-3.318878	0.5298309	
68	-3.270935	-1.172211	0	-0.223175	0.2096245	-3.319214	0.5266699	
69	-0.2233276	-0.4689026	0	0.4801241	0.2096245	-3.319214	0.5266699	
70	-0.9266052	-1.641052	0	0.01125972	0.1937354	-3.31958	0.5235093	
71	-1.395477	-1.641052	0	-0.223175	0.1937354	-3.31958	0.5235093	
72	-1.395477	-5.86084	0	4.465468	0.1842098	-3.319641	0.529875	
73	-5.146393	-1.641052	0	-0.223175	0.1683205	-3.320007	0.5267143	
74	-1.395477	-2.109924	0	-0.6920471	0.1683205	-3.320007	0.5267143	
75	-1.161041	-1.406616	0	-0.223175	0.1683205	-3.320007	0.5267143	
76	-1.395477	-1.406616	0	0.0112595	0.1659733	-3.196106	0.5248136	
77	-1.395477	-4.923096	0	3.058874	0.1659733	-3.196106	0.5248136	


Angle MV instances
Rotate	96.34045	2.578735	5.391937	5.391937	9.84613	12.89377	19.69229	27.8974	12.4249	2.813171	3.516479	2.813202	3.047607	3.750916	3.985352	4.219788	4.219788	2.109894	3.047607	3.750916	3.750916	
ChildRotate	53.68494	3.985352	13.83148	3.750916	4.219757	9.377289	13.12817	9.84613	6.798553	7.970673	10.08057	9.846161	3.750916	2.578766	3.282043	3.282043	2.813171	3.516479	3.282043	2.109894	4.219788	4.219788	3.516479	
RotateInverse	
ChildRotateInverse	68.69981	2.578751	2.578751	5.860794	4.923077	3.047615	4.454208	3.282043	3.047607	9.377281	11.25274	2.578749	4.219774	4.688644	2.109895	10.08058	4.923071	5.157507	6.09523	3.985343	2.578757	4.688643	4.688643	3.047615	
Docking x	5.154804	3.12278	2.715353	
Docking y	93.96042	4.050415	5.410645	7.728088	6.546417	7.688263	9.326904	8.834259	7.456909	8.374115	8.123932	5.855927	3.098022	4.167633	
Docking z	
Total MV Amount	786.1345


Angle TRE instances
Rotate	29	34	35	51	52	62	63	73	74	
ChildRotate	40	50	51	61	62	72	73	
RotateInverse	1	
ChildRotateInverse	41	61	62	
Docking x	21	
Docking y	30	
Docking z	1	
Total TRE Count	21


Correct Angles	Rotate	ChildRotate	RotateInverse	ChildRotateInverse	Docking x	Docking y	Docking z
	-7.382504E-21	-6.417947E-43	0	2.51165E-21	0	0	0

Angle Error	Rotate	ChildRotate	RotateInverse	ChildRotateInverse	Docking x	Docking y	Docking z
	5.380829	1.641052	0	0.7145523	0.163272	3.056305	0.5226941

Time Taken	Hours	Minutes	Seconds	Milliseconds	Seconds float	Completion time
	0	0	4	608	4.608388	00h:00m:04s:608ms

Final Results	Tester Name	Time of Test	Dock Shape Style	Virtual Device Visible	Time Taken	Shape Precision %	Orientation Precision %	Overall Precision %	Efficiency %	Difficulty	Total MV	Total TRE	
	0	2018-11-02_08:08:47	ZEROING DATA	True	00h:00m:04s:608ms	98.9255	99.33722	99.08899	100	1.09935E-23	786.1345	21	
