
Angles Over Time
Frames	Rotate	ChildRotate	RotateInverse	ChildRotateInverse	Docking x	Docking y	Docking z	
0	-73.69122	-67.98529	0	80.56531	48.27708	42.13671	128.9009	
1	-71.81577	-67.04755	0	78.68986	48.34356	42.38199	128.9887	
2	-70.64362	-66.81314	0	79.39315	48.3551	42.42222	128.8136	
3	-71.11246	-67.28198	0	78.92429	48.2314	42.45286	128.6637	
4	-70.87805	-66.81314	0	79.15872	48.33807	42.52459	128.898	
5	-70.64362	-69.86075	0	82.44078	48.48906	42.74091	129.2356	
6	-73.92566	-66.81314	0	80.56532	48.45089	43.02643	129.5362	
7	-71.11249	-66.81314	0	78.9243	47.74702	43.42149	129.3443	
8	-70.64362	-65.8754	0	80.79975	45.55321	43.58717	127.8051	
9	-62.67291	-64.93768	0	82.20634	43.77387	42.55367	124.0238	
10	-57.51541	-61.18677	0	83.61295	43.58157	41.33533	121.3159	
11	-53.99893	-61.18677	0	87.12942	43.21874	41.28163	118.7044	
12	-51.6546	-56.02927	0	87.12942	42.03926	41.29609	116.8854	
13	-47.90372	-25.08423	0	89.00488	40.51677	39.61893	114.2159	
14	-47.66928	-3.750916	0	94.63124	39.53679	38.87302	107.5126	
15	-47.43484	-4.454224	0	95.1001	38.41172	38.59297	104.2475	
16	-47.43484	-8.439575	0	97.67885	37.40788	36.98161	101.422	
17	-50.71689	-5.860809	0	96.27226	37.27646	34.00871	96.86127	
18	-47.66928	-3.750916	0	94.86567	36.8344	31.53606	92.36607	
19	-46.02826	-3.047638	0	95.1001	36.5859	30.35529	88.6677	
20	-39.46414	-2.578766	0	94.86567	35.58904	29.13864	86.3932	
21	-34.30664	-2.813202	0	94.86567	33.99973	26.88408	84.43684	
22	-27.50812	-5.391968	0	91.81805	32.0577	24.15213	80.9275	
23	-23.28836	-3.985352	0	88.77044	29.53656	21.64357	71.50766	
24	-16.2554	-3.282074	0	88.536	23.12568	19.06029	55.08344	
25	-9.92572	-3.750916	0	88.06714	17.94726	16.42614	31.79514	
26	-6.409241	-3.985352	0	86.66054	15.46819	13.59799	12.47335	
27	-3.127197	-8.205139	0	58.52871	13.85472	9.252796	7.026759	
28	-8.050262	-4.923096	0	51.02688	13.11608	3.688118	6.419297	
29	-4.533783	-4.219788	0	47.97926	15.41059	0.2874863	4.453333	
30	-2.892761	-1.641052	0	39.53971	16.72635	-3.303436	1.00683	
31	-2.189453	-1.875458	0	9.532413	14.24602	-5.542114	-0.6154175	
32	-1.955048	-2.109894	0	-0.07928467	12.12786	-6.171265	2.865401	
33	-1.720612	-5.391968	0	2.03059	10.33303	-6.501251	-1.071808	
34	-4.533783	-4.219788	0	-0.5481567	10.26571	-4.936646	-0.06445313	
35	-2.423889	-3.282074	0	-0.3137207	10.52177	-4.4888	3.040057	
36	-2.892761	-3.51651	0	-0.07928467	11.02967	-4.864594	5.047906	
37	-3.127197	-3.51651	0	0.3895681	11.13374	-5.063477	4.63779	
38	-3.361633	-7.501831	0	4.60934	10.66758	-4.359467	3.868087	
39	-7.815826	-5.391968	0	2.968319	9.854845	-3.338593	3.094277	
40	-5.237091	-3.282074	0	0.6239964	9.220517	-2.699127	3.159683	
41	-3.596069	-2.109894	0	-0.07928467	9.255975	-2.485687	3.235636	
42	-1.25174	-3.282074	0	-0.5481567	9.566637	-2.644775	3.179163	
43	-1.017303	-3.282074	0	0.6239965	9.906291	-2.886658	2.869219	
44	-3.596069	-8.674011	0	6.015934	9.544449	-3.0289	2.474388	
45	-7.815826	-3.985352	0	1.327289	9.188861	-2.553986	2.125756	
46	-2.658325	-3.750916	0	-0.5481567	9.099342	-2.204895	1.693968	
47	-2.892761	-3.750916	0	-0.5481567	9.247653	-2.078033	1.622477	
48	-1.017303	-3.282074	0	-0.7825928	9.208728	-1.436798	1.817724	
49	-2.892761	-3.51651	0	0.1551316	8.771031	-0.5794983	1.795802	
50	-3.127197	-7.736267	0	4.374912	8.522386	-0.5662231	1.727337	
51	-7.815826	-3.51651	0	1.561725	8.551631	-0.3603821	1.667259	
52	-3.361633	-3.51651	0	0.1551318	8.646333	0.4233212	1.643156	
53	-2.892761	-1.875458	0	0.3895679	8.594007	0.5423585	1.587974	
54	-1.720612	-3.047638	0	-0.3137207	8.606977	0.6916757	1.585581	


Angle MV instances
Rotate	73.69122	3.282043	2.813171	7.970703	5.157501	3.516479	2.34433	3.750885	3.282043	3.047607	6.564117	5.157501	6.798523	4.219757	7.032959	6.329681	3.516479	3.282043	4.923065	3.516479	2.813171	2.109894	4.454193	2.578735	2.34433	2.578766	4.219757	5.157501	4.688629	4.454193	
ChildRotate	67.98529	3.047607	3.047607	3.750916	5.157501	30.94504	21.33331	3.985352	2.578766	2.109894	2.578766	4.219788	3.282043	2.578735	3.282074	3.985321	2.109863	2.109894	5.391937	4.68866	4.219757	4.219757	
RotateInverse	
ChildRotateInverse	80.56531	3.282059	3.516472	5.626366	2.578751	3.047623	3.047607	28.13183	7.501827	3.047615	8.439552	30.0073	9.611698	4.219772	2.344323	5.391937	4.688645	4.21978	2.813187	
Docking x	48.27708	2.193813	2.521135	6.410883	5.178417	2.479075	2.294506	2.480324	2.118156	
Docking y	42.13671	2.972908	2.472645	2.254553	2.731949	2.508562	2.583281	2.634151	2.828148	4.345196	5.564678	3.400631	3.590923	2.238678	
Docking z	128.9009	3.781303	2.707909	2.611534	2.669556	6.703247	3.265114	2.825508	4.560738	4.495201	3.698372	2.274498	3.509346	9.419838	16.42422	23.28831	19.32178	5.446594	3.446503	3.480818	3.104511	2.007849	
Total MV Amount	1008.445


Angle TRE instances
Rotate	29	39	41	45	46	51	52	
ChildRotate	15	16	18	22	23	27	28	33	34	38	40	44	45	50	51	
RotateInverse	1	
ChildRotateInverse	33	44	45	
Docking x	
Docking y	29	31	34	37	38	
Docking z	30	36	37	
Total TRE Count	33


Correct Angles	Rotate	ChildRotate	RotateInverse	ChildRotateInverse	Docking x	Docking y	Docking z
	-2.282061E-14	-1.811922E-30	0	0	0	0	0

Angle Error	Rotate	ChildRotate	RotateInverse	ChildRotateInverse	Docking x	Docking y	Docking z
	1.25174	4.219788	0	0.3137207	8.737124	0.7655585	1.590718

Time Taken	Hours	Minutes	Seconds	Milliseconds	Seconds float	Completion time
	0	0	3	233	3.232705	00h:00m:03s:233ms

Final Results	Tester Name	Time of Test	Dock Shape Style	Virtual Device Visible	Time Taken	Shape Precision %	Orientation Precision %	Overall Precision %	Efficiency %	Difficulty	Total MV	Total TRE	
	0	2018-11-13_12:39:08	ZEROING DATA	True	00h:00m:03s:233ms	99.1965	99.56365	98.66042	100	2.535623E-17	1008.445	33	
