
Angles Over Time
Frames	Rotate	ChildRotate	RotateInverse	ChildRotateInverse	Docking x	Docking y	Docking z	
0	-1.282318	-3.282104	0	0.3588871	-0.1759338	0.3954326	-0.2997131	
1	0.2984902	-0.234436	0	0.2984902	0.1685896	-0.05044556	-0.1267395	
2	0.5329263	-1.406586	0	2.408376	0.3668253	-0.09469604	-0.05691528	
3	-1.108093	-0.4688721	0	1.236219	0.4075159	0.03954403	-0.2271118	
4	0.2984904	-5.336041E-08	0	0.2984902	-0.02560425	-0.4460144	-0.1578674	
5	0.2984904	0.4688644	0	0.2984902	-0.5219421	-2.149841	-0.210907	
6	0.7673546	0.4688644	0	0.7673545	2.053788	-5.12616	-1.47168	
7	0.2984903	-0.9377441	0	10.61349	7.145136	-11.1987	-3.181732	
8	-6.265594	-25.78754	0	24.67942	8.584942	-18.43994	-10.09009	
9	-7.906616	-35.39923	0	33.82226	5.313417	-18.91852	-12.95334	
10	-7.437775	-35.63367	0	35.93216	2.649307	-18.17389	-11.89456	
11	-14.70517	-35.63367	0	36.63546	4.40777	-16.90674	-7.895782	
12	-15.40845	-48.76184	0	36.40102	9.244065	-14.11304	1.07395	
13	-24.08243	-50.87173	0	37.80761	11.20661	-11.08676	9.220119	
14	-34.63187	-51.80948	0	37.33875	7.750158	-12.22153	5.897143	
15	-34.39746	-51.80948	0	36.63546	5.841902	-12.07639	3.099086	
16	-33.92859	-51.80948	0	36.63546	4.382245	-10.6994	0.8948064	
17	-29.7088	-46.41754	0	42.02739	12.45567	-7.926331	-3.686981	
18	-6.734467	-17.34796	0	49.06035	31.01469	-3.293579	-12.32953	
19	0.06406104	-15.4725	0	48.82592	47.63656	-1.02063	-13.4035	
20	-1.108093	-30.00729	0	43.66842	60.13551	-9.975098	-18.53214	
21	-0.4048157	-29.77286	0	46.95046	58.07519	-37.07553	-47.83389	
22	-0.1703796	-29.77286	0	60.07865	54.74224	-50.05521	-67.03064	
23	-0.6392517	-29.77286	0	60.3131	53.75567	-55.93875	-82.66327	
24	-0.8736572	-36.57141	0	57.73434	55.85516	-49.32626	-78.54193	
25	-1.811401	-44.54208	0	57.49991	57.49332	-46.58398	-76.63351	
26	-0.8736572	-44.30765	0	61.71968	59.02946	-48.39539	-83.685	
27	-0.4048157	-43.83878	0	76.72334	60.12383	-38.59882	-81.62076	
28	0.064061	-44.07321	0	71.09697	62.71646	-26.68707	-78.20901	
29	0.2984894	-45.4798	0	86.33505	65.57429	-13.276	-62.33362	
30	-1.108093	-51.80948	0	86.80392	66.12589	-8.506287	-57.81561	
31	-2.749115	-51.80948	0	86.10063	67.82861	-13.16504	-61.40366	
32	-1.576965	-51.57504	0	86.33505	71.2142	-22.66348	-66.01361	
33	-6.968903	-49.23071	0	92.19585	71.14344	-26.93774	-67.84875	
34	-22.44141	-35.39923	0	102.7453	70.12849	-30.03235	-68.71194	
35	-37.21063	-16.64468	0	107.1995	65.46039	-35.35757	-73.51157	
36	-40.96155	-14.76923	0	99.69769	61.35082	-38.26215	-75.48352	
37	-40.72711	-14.30035	0	92.89915	60.29648	-31.43652	-67.64319	
38	-40.25824	-13.83148	0	83.52187	61.26236	-27.133	-59.86758	
39	-41.19598	-14.30035	0	58.43764	62.30475	-22.19876	-47.5845	
40	-56.19962	-21.33331	0	15.77102	60.64801	-12.79553	-21.26761	
41	-68.15564	-23.91208	0	4.283852	58.07556	-6.417725	-10.58521	
42	-68.85895	-23.67764	0	3.111686	57.30104	-6.179352	-10.43228	
43	-68.62451	-24.14648	0	1.236236	57.84907	-7.317841	-11.60953	
44	-71.90656	-30.47617	0	0.7673719	59.42352	-8.485382	-10.43466	
45	-75.18863	-33.0549	0	0.7673719	62.79483	-11.70032	-9.750244	
46	-80.58057	-36.57138	0	2.877258	65.42704	-14.09412	-9.22583	
47	-81.28387	-36.80582	0	1.705093	67.42136	-14.76407	-8.875336	
48	-81.98715	-38.2124	0	0.7673718	67.45736	-14.52954	-6.164734	
49	-82.22159	-39.15015	0	0.7673718	66.07552	-10.14682	0.5931909	
50	-82.22159	-40.79117	0	0.7673718	65.33374	-5.898987	5.229544	
51	-82.22159	-40.79117	0	0.7673718	65.56474	-6.740753	4.30222	
52	-82.22159	-41.49448	0	1.705093	64.73562	-11.50378	-0.2779846	
53	-82.45602	-41.0256	0	0.7673718	63.04171	-14.75232	-3.08905	
54	-82.22159	-41.0256	0	0.5329357	61.86134	-19.05743	-8.324921	
55	-82.22159	-40.79117	0	0.5329357	61.05796	-17.33234	-7.318573	
56	-82.22159	-20.86444	0	0.7673718	58.25013	-15.35834	-8.705505	
57	-82.22159	-7.032959	0	3.814987	54.89455	-15.12393	-14.83206	
58	-81.51828	-7.970673	0	4.518281	56.20494	-18.27356	-18.17004	
59	-78.47067	-7.970673	0	3.346123	59.12439	-21.28894	-21.0173	
60	-68.15567	-19.69229	0	3.111687	60.38155	-20.56415	-20.76138	
61	-58.54395	-35.39923	0	3.111687	60.65133	-19.08353	-20.58466	
62	-48.69781	-48.99628	0	3.111687	61.13262	-18.40918	-21.00406	
63	-39.55496	-50.16846	0	5.456009	61.44509	-16.43542	-18.67184	
64	-41.19598	-49.46515	0	4.752717	60.7821	-14.03003	-16.45398	
65	-40.25824	-49.46515	0	3.814988	60.29609	-13.35831	-16.06793	
66	-40.02383	-49.23071	0	3.814988	59.89341	-11.86618	-13.34052	
67	-42.6026	-50.40289	0	3.580551	60.22349	-12.10046	-12.14487	
68	-44.9469	-51.34061	0	3.814987	61.62322	-14.00613	-13.40976	
69	-45.18134	-52.04391	0	5.690437	61.98916	-15.10751	-14.32318	
70	-45.65021	-51.57504	0	3.111687	61.3809	-15.56519	-15.4996	
71	-45.18134	-51.57504	0	3.111687	60.80822	-16.19049	-16.5997	
72	-45.41577	-51.34061	0	3.111687	60.24957	-16.22699	-16.29956	
73	-45.18134	-51.57504	0	3.580551	59.75386	-16.2926	-16.19891	
74	-45.41577	-51.34061	0	3.346123	59.97302	-15.69116	-15.34241	
75	-44.9469	-52.04391	0	4.752717	59.13206	-11.43768	-11.84137	
76	-46.11905	-51.57504	0	2.877259	57.12463	-4.546051	-7.010529	
77	-45.65021	-51.80948	0	3.111687	51.67834	4.763889	-0.2023926	
78	-45.41577	-52.27835	0	2.877259	46.3125	10.80523	5.352881	
79	-45.41577	-52.04391	0	2.877259	44.06804	11.98391	6.437081	
80	-45.41577	-53.21606	0	4.752717	44.11685	11.65418	6.043721	
81	-46.35349	-52.51279	0	4.049416	45.0675	11.49027	5.877219	
82	-45.41577	-52.51279	0	3.111687	45.1221	12.64421	7.778656	
83	-45.18134	-52.74719	0	3.580551	45.13435	13.81181	9.253405	
84	-45.18134	-52.74719	0	3.346123	45.00322	14.36744	9.62598	
85	-44.9469	-53.21606	0	3.111687	45.02588	14.24842	9.465635	
86	-45.18134	-53.21606	0	4.049416	45.33131	13.58687	8.766462	
87	-45.65021	-52.98163	0	3.111687	45.349	13.13772	8.66516	
88	-45.18134	-52.98163	0	3.111687	45.11386	12.64895	8.965428	
89	-45.18134	-52.98163	0	3.111687	44.29661	12.747	9.551084	
90	-44.71246	-52.98163	0	3.111687	43.42633	13.34886	10.48182	
91	-44.9469	-52.98163	0	3.580551	43.21595	13.62489	10.7304	
92	-44.9469	-53.4505	0	4.049415	43.15078	13.80443	11.08189	
93	-45.65021	-52.98163	0	2.877259	43.05151	13.75064	11.41222	
94	-45.18134	-52.98163	0	3.580551	43.07633	13.66881	11.58122	
95	-45.41577	-52.98163	0	3.346123	42.94619	13.63246	11.82895	
96	-45.18134	-52.98163	0	3.346123	42.75697	13.65433	12.29878	
97	-45.41577	-53.4505	0	5.221581	42.86376	13.56716	12.60475	
98	-45.88464	-53.4505	0	4.518281	42.90228	13.45168	12.77089	
99	-45.88464	-52.98163	0	3.111688	42.5507	13.5703	13.59451	
100	-44.94693	-53.21606	0	3.111688	42.34606	13.61749	14.17311	


Angle MV instances
Rotate	6.564085	7.267395	8.673981	10.54944	4.219788	22.97433	6.798528	5.391937	15.4725	14.76923	3.750916	15.00363	11.95602	3.282043	3.282074	5.391937	3.047607	10.315	9.611725	9.84613	9.142853	2.578766	2.344299	
ChildRotate	3.282104	3.047668	24.84979	9.611694	13.12817	2.109894	5.391937	29.06958	14.53479	6.798553	7.970673	6.329681	2.34433	13.83148	18.75455	7.032959	2.578766	6.329681	2.578735	3.516479	19.92673	13.83148	11.72162	15.70694	13.59705	
RotateInverse	
ChildRotateInverse	2.109886	9.846138	14.06593	9.142843	2.109894	5.391933	7.032963	5.157497	3.28204	13.12819	2.578758	4.219772	15.00365	5.626366	15.23808	5.860802	10.54944	4.454208	7.501816	6.798538	9.377281	25.08423	42.66662	11.48717	2.109886	3.047615	2.344322	2.57875	
Docking x	5.091348	3.271524	2.664111	4.836296	3.456449	8.073429	18.55902	16.62187	12.49895	2.060326	3.332951	2.099483	2.592625	2.85783	3.385597	4.668098	4.109566	2.572449	3.371307	2.632214	2.807831	3.355583	2.919456	2.007431	5.446281	5.365841	2.244469	
Docking y	2.976318	6.07254	7.241241	2.793701	3.026276	2.773071	4.632751	2.272949	8.954468	27.10043	12.97968	5.883545	6.612488	2.742279	9.79657	11.91174	13.41107	4.769714	4.658752	9.498444	4.274261	3.094604	5.325226	2.904572	6.825623	4.303528	4.934235	9.403229	6.377808	3.214935	2.393799	4.382721	4.247833	4.763031	3.248535	4.305115	3.149628	3.015381	2.405396	4.253479	6.891632	6.041344	
Docking z	6.908356	2.863251	3.998779	8.969732	8.146168	3.322975	2.798057	2.20428	4.581788	8.642548	5.128632	29.30176	19.19675	15.63263	4.121338	7.051483	2.06424	3.411743	15.8754	4.518005	3.588043	4.609955	4.799622	7.840332	7.775604	12.28308	26.31689	10.6824	2.710602	6.757925	4.636353	4.580204	2.811066	5.23587	6.126556	3.337982	2.84726	2.332214	2.217865	2.727417	3.501038	4.830841	6.808136	5.555274	
Total MV Amount	1384.321


Angle TRE instances
Rotate	
ChildRotate	10	12	24	25	34	35	45	56	61	62	
RotateInverse	1	
ChildRotateInverse	1	7	41	63	64	69	70	97	98	
Docking x	
Docking y	
Docking z	
Total TRE Count	18


Correct Angles	Rotate	ChildRotate	RotateInverse	ChildRotateInverse	Docking x	Docking y	Docking z
	-110	-37.88852	0	8.543051E-26	81.94884	52.14027	102.5683

Angle Error	Rotate	ChildRotate	RotateInverse	ChildRotateInverse	Docking x	Docking y	Docking z
	64.81866	15.32755	0	3.111688	39.55041	38.51848	88.43713

Time Taken	Hours	Minutes	Seconds	Milliseconds	Seconds float	Completion time
	0	0	5	950	5.949619	00h:00m:05s:950ms

Final Results	Tester Name	Time of Test	Dock Shape Style	Virtual Device Visible	Time Taken	Shape Precision %	Orientation Precision %	Overall Precision %	Efficiency %	Difficulty	Total MV	Total TRE	
	0	2018-11-13_12:53:17	Presets_dockPreset_4	False	00h:00m:05s:950ms	88.4364	76.4897	80.17747	87.69759	0.4272732	1384.321	18	
