
Angles Over Time
Frames	Rotate	ChildRotate	RotateInverse	ChildRotateInverse	Docking x	Docking y	Docking z	
0	10.32438	4.688641	0	-4.444702	0.05044892	-0.3580322	-0.2832642	
1	0.04852028	0.4688644	0	-0.1859131	0.04347796	-0.1154785	-0.1286926	
2	0.5173846	-0.234436	0	-0.4203491	0.05368734	-0.1965027	-0.1250916	
3	0.5173845	-2.109894	0	3.330564	0.007635071	-0.3479919	-0.2626953	
4	-2.530243	0.2344282	0	0.7518056	-0.1026001	-0.7590332	-0.1956787	
5	0.04851986	0.4688642	0	0.2829489	0.09363444	-1.355103	0.2013841	
6	0.2829483	0.2344282	0	-0.4203491	0.3281541	-1.990631	0.2430799	
7	0.5173843	-2.401233E-07	0	-0.6547852	0.1929811	-3.075256	0.06513273	
8	0.5173843	0.2344282	0	-0.6547852	0.111293	-3.462891	-0.3515625	
9	0.5173843	-1.17218	0	1.689535	0.0783925	-3.577911	-0.5250854	
10	-1.123657	0.2344281	0	0.2829488	0.2214955	-3.881744	-0.4379272	
11	0.5173842	0.2344281	0	-0.4203491	0.1829418	-3.937317	-0.1860657	
12	0.5173842	-3.074571E-07	0	-0.4203491	0.2552226	-4.049164	-0.06210327	
13	1.220677	0.4688641	0	0.04851276	0.3830913	-4.086334	-0.1762085	
14	0.04851976	0.234428	0	-0.6547852	0.6317712	-4.236176	0.1051596	
15	0.7518126	-1.875458	0	2.158399	1.050367	-4.39325	1.235296	
16	-1.123657	-4.268296E-07	0	0.2829486	1.868411	-4.679443	2.991253	
17	0.5173841	-4.268296E-07	0	-0.6547852	2.21485	-4.934998	4.106021	
18	0.5173841	0.9377284	0	-0.4203491	2.051911	-4.769897	4.442879	
19	0.9862485	0.7032925	0	-0.4203491	2.194606	-4.276062	4.298612	
20	1.220677	0.7032925	0	-0.1859131	2.140751	-4.193085	4.639855	
21	0.7518125	-0.9377441	0	0.5173769	3.476152	-4.936768	5.119436	
22	-0.4203491	-2.134363E-07	0	-0.6547852	7.446618	-7.878937	5.458364	
23	0.5173841	-2.134363E-07	0	-0.6547852	15.55442	-13.00284	7.280226	
24	0.5173841	-15.4725	0	-0.4203491	23.80767	-16.65491	12.3833	
25	-7.687744	-21.56775	0	-0.4203491	29.77658	-17.87207	20.57959	
26	-15.42398	-22.97433	0	18.33421	33.66181	-17.86029	24.62794	
27	-28.31775	-22.03662	0	35.44774	41.08661	-17.94525	28.39841	
28	-50.35437	-21.33331	0	39.90195	49.51022	-17.53833	41.34169	
29	-65.82687	-20.86444	0	53.73343	53.48078	-20.88928	43.68573	
30	-66.06131	-20.86444	0	54.20229	54.21114	-23.73911	40.86554	
31	-65.82687	-20.86444	0	54.20229	55.03313	-25.00247	40.41705	
32	-65.82687	-26.72525	0	55.37445	59.36575	-23.44894	46.43343	
33	-66.29575	-37.04025	0	54.90559	66.18024	-22.88931	53.18472	
34	-66.06131	-41.0256	0	54.90559	69.74223	-15.52655	63.3495	
35	-66.06131	-41.96332	0	55.14001	74.41481	-7.306091	73.66655	
36	-66.06131	-41.96332	0	54.67115	77.64713	6.673616	90.97711	
37	-66.06131	-43.1355	0	56.31218	78.30488	14.73037	103.3581	
38	-67.23346	-42.66663	0	55.37445	79.09247	17.42121	107.3031	
39	-66.99902	-42.19775	0	54.67115	84.16821	15.59855	102.0343	
40	-66.53018	-41.49448	0	54.67115	85.73309	3.351753	86.76153	
41	-66.29575	-41.49448	0	55.14001	86.07214	-24.82224	56.20485	
42	-66.53018	-42.19775	0	55.14001	86.33419	-32.39691	47.13114	
43	-66.53018	-42.43219	0	61.93855	84.66586	-40.43719	37.41831	
44	-66.99902	-41.96335	0	51.85797	85.51664	-30.13199	42.21648	
45	-66.76462	-41.49448	0	83.74072	85.4849	-33.24179	30.26083	
46	-63.24814	-41.72891	0	91.24255	84.69102	-38.65936	15.10368	
47	-57.15289	-41.72891	0	91.94584	84.73806	-47.5528	2.439557	
48	-56.68402	-42.66663	0	92.41471	84.12483	-48.18048	2.045438	
49	-54.33972	-43.83881	0	92.18027	84.21328	-42.46124	7.138469	
50	-51.99539	-44.07324	0	91.7114	83.69411	-39.99734	9.478347	
51	-51.52652	-43.83881	0	91.94584	83.56091	-49.00931	0.5023824	
52	-51.52652	-44.07324	0	95.93118	84.1532	-60.07135	-11.00858	
53	-51.29211	-43.83881	0	98.04107	84.20353	-69.94058	-22.00592	
54	-51.29211	-44.77652	0	98.50993	84.82827	-72.87292	-24.19006	
55	-51.99539	-44.30765	0	98.2755	85.98244	-70.40817	-21.38571	
56	-51.76096	-45.24539	0	98.50994	86.01897	-67.40863	-18.66718	
57	-51.76096	-45.47983	0	98.27551	85.76373	-71.18597	-22.58524	
58	-51.52652	-46.18311	0	98.04107	85.60693	-70.91534	-22.49896	
59	-51.76096	-48.05856	0	98.50993	85.40845	-64.91116	-16.18961	
60	-52.22983	-47.35529	0	98.2755	85.66027	-58.37524	-10.38895	
61	-52.22983	-46.88641	0	98.04107	87.46278	-55.9465	-9.584625	
62	-51.76096	-46.41754	0	98.04107	88.08582	-23.1073	24.24878	
63	-51.52652	-46.41754	0	95.69675	85.60662	-11.0574	36.30381	
64	-51.76096	-46.41754	0	94.05573	83.93713	-7.366699	39.59875	
65	-52.46426	-47.12085	0	94.29015	84.39867	-7.765778	38.82059	
66	-55.74631	-41.96332	0	94.05573	84.86141	-20.54041	25.02204	
67	-60.66937	-30.00729	0	94.29015	84.3414	-38.92392	4.610752	
68	-69.57779	-20.16116	0	94.05573	82.98969	-46.91437	-4.92627	
69	-76.14188	-18.28571	0	94.05573	82.75899	-51.62537	-11.4339	
70	-77.31403	-19.69229	0	94.75902	83.21091	-51.05771	-10.91721	
71	-78.25177	-16.87912	0	94.29016	83.41853	-51.54327	-11.18558	
72	-79.18951	-15.00366	0	94.05573	82.78536	-54.68439	-14.40005	
73	-80.5961	-13.59705	0	94.05573	82.50593	-57.36963	-17.06238	
74	-81.53381	-14.06592	0	94.05573	82.28065	-59.33304	-19.28568	
75	-81.76825	-13.83148	0	94.05573	82.53226	-58.88843	-19.06998	
76	-82.23712	-15.00366	0	94.99346	82.53139	-59.50504	-20.45746	
77	-83.40927	-12.19046	0	94.05573	82.69973	-58.9606	-20.65881	
78	-82.70599	-12.65933	0	94.05573	82.76749	-60.49857	-23.05203	
79	-82.94043	-11.95602	0	94.05573	82.84313	-62.98505	-25.13391	
80	-82.70599	-20.86444	0	91.94584	83.05686	-61.86719	-21.28745	
81	-82.70599	-31.64832	0	90.77369	82.55402	-67.21262	-25.93372	
82	-82.70599	-37.50912	0	89.83595	83.09402	-68.95099	-28.13507	
83	-82.94043	-37.74356	0	89.36708	82.7184	-67.9071	-27.01254	
84	-82.70599	-37.74356	0	89.36708	83.19231	-67.33963	-26.25113	
85	-82.70599	-38.21243	0	89.36708	84.07156	-64.60498	-23.48798	
86	-82.94043	-37.978	0	89.36708	84.33874	-62.59604	-21.66983	
87	-82.70599	-39.15015	0	90.30482	84.79938	-64.13123	-23.37878	
88	-83.40927	-38.44684	0	89.36708	84.75263	-63.9921	-23.46121	
89	-82.94043	-37.74356	0	89.36708	84.51892	-62.76147	-23.05377	
90	-82.70599	-37.74356	0	89.36708	84.30485	-60.8187	-21.38187	
91	-82.94043	-37.50912	0	89.36708	84.24694	-57.41687	-18.06079	
92	-82.94043	-37.74356	0	89.36708	84.18243	-56.7023	-17.54352	
93	-82.70599	-39.15015	0	90.53925	84.15222	-56.08646	-17.12878	
94	-83.40927	-37.978	0	89.36709	83.99094	-53.52353	-14.81216	
95	-82.94043	-37.50912	0	89.36709	83.89269	-51.80786	-13.55399	
96	-82.94043	-37.74356	0	89.36709	84.01129	-49.88043	-12.03174	
97	-82.70599	-37.50912	0	89.36709	84.25427	-50.28867	-12.4545	
98	-82.70599	-37.50912	0	89.36709	84.36661	-50.89365	-12.8562	
99	-82.70599	-38.44684	0	89.83595	84.28979	-50.25	-12.32803	
100	-82.94043	-37.50912	0	89.36708	84.33899	-48.77094	-11.17313	
101	-82.70599	-37.74356	0	89.60152	84.47795	-48.99203	-11.37585	
102	-82.94043	-37.74356	0	89.60152	84.48797	-49.04871	-11.36743	
103	-82.94043	-37.50912	0	89.60152	84.49153	-49.47363	-12.00909	
104	-82.94043	-38.68127	0	90.30482	84.52392	-49.17426	-11.78857	
105	-83.40927	-37.74356	0	89.83595	84.68681	-48.20673	-10.99677	
106	-82.70599	-37.978	0	89.36708	84.78368	-48.87653	-11.95493	
107	-82.70599	-37.50912	0	89.36708	84.82736	-49.67444	-12.93234	
108	-82.94043	-37.27469	0	89.60152	84.85155	-49.57645	-12.75665	
109	-82.94043	-37.50912	0	89.36709	84.80506	-48.50787	-11.80704	
110	-82.70599	-38.44684	0	89.83595	84.75596	-45.84543	-9.392395	
111	-82.94043	-37.74356	0	89.36708	84.91338	-46.91479	-10.19342	
112	-82.94043	-37.74356	0	89.60152	84.8855	-48.68024	-11.99832	
113	-82.94043	-37.50912	0	89.83595	84.85383	-49.09143	-12.07397	
114	-82.94043	-37.74356	0	89.36708	84.90865	-48.98474	-11.98544	
115	-82.94043	-38.68127	0	90.07038	84.84326	-47.1091	-10.02725	
116	-83.40927	-38.21243	0	89.83595	84.51713	-46.84079	-9.574127	
117	-82.94043	-37.50912	0	89.60151	84.51927	-45.9321	-8.310974	
118	-82.94043	-37.27469	0	89.36708	84.35847	-45.50803	-8.055145	
119	-82.70599	-37.27469	0	89.60151	84.49544	-43.7077	-6.130341	
120	-82.70599	-37.978	0	89.36708	84.68098	-45.21826	-7.42627	
121	-82.70599	-38.68127	0	90.07038	84.67951	-45.42447	-7.426239	
122	-82.94043	-37.74356	0	89.36708	84.60341	-44.9108	-7.006805	


Angle MV instances
Rotate	10.32438	10.27586	3.047627	2.578763	8.205128	7.736237	12.89377	22.03662	15.4725	3.516479	6.095245	2.344299	2.34433	3.282043	4.923065	8.908417	6.564087	
ChildRotate	4.688641	4.219776	15.4725	6.095245	5.860809	10.315	3.985352	5.157532	11.95602	9.84613	2.813171	2.813202	8.908417	10.78387	5.860809	
RotateInverse	
ChildRotateInverse	4.444702	4.258789	3.750913	2.578758	18.75456	17.11353	4.454208	13.83148	6.798531	10.08058	31.88276	7.501831	3.985344	2.109886	2.344322	2.109894	
Docking x	3.970466	8.107804	8.253244	5.968912	3.885233	7.424801	8.423607	3.970562	4.332619	6.814491	3.561989	4.672585	3.232323	5.075737	2.479202	
Docking y	2.942169	5.123901	3.652069	3.350952	2.849823	7.362762	8.220459	8.05675	2.690846	12.2468	28.17399	7.574677	8.040283	10.30521	3.109802	5.417572	8.893433	5.719238	2.463898	9.011963	11.06204	9.869232	2.932343	2.464752	2.999542	3.777344	6.004181	6.535919	2.428741	32.8392	12.0499	3.690704	12.77463	18.38351	7.990448	4.710999	3.141113	2.685242	2.486481	5.345428	2.73465	2.008942	3.401825	2.562927	2.662445	
Docking z	5.103074	8.19629	4.048353	3.77047	12.94328	2.34404	2.82019	6.016384	6.751286	10.16478	10.31705	17.31056	12.38103	3.944969	5.268776	15.27281	30.55668	9.073711	9.71283	4.798168	11.95564	15.15715	12.66413	5.093031	2.339878	8.975965	11.51096	10.99734	2.184143	2.804352	2.718536	3.91806	6.309357	5.800659	33.83341	12.05503	3.294941	13.79856	20.41129	6.507629	3.214478	2.662323	2.223297	2.393219	2.081879	3.846466	4.646271	2.201355	2.763153	3.321075	2.31662	2.414642	
Total MV Amount	1175.457


Angle TRE instances
Rotate	
ChildRotate	59	66	
RotateInverse	1	
ChildRotateInverse	47	52	64	
Docking x	41	43	44	46	55	64	
Docking y	59	62	73	81	85	94	
Docking z	1	21	47	49	51	52	67	69	
Total TRE Count	24


Correct Angles	Rotate	ChildRotate	RotateInverse	ChildRotateInverse	Docking x	Docking y	Docking z
	-90	-51.04062	0	89.99999	90	-60	0

Angle Error	Rotate	ChildRotate	RotateInverse	ChildRotateInverse	Docking x	Docking y	Docking z
	7.05957	13.29706	0	0.3984833	5.42025	15.73343	6.628601

Time Taken	Hours	Minutes	Seconds	Milliseconds	Seconds float	Completion time
	0	0	7	242	7.241678	00h:00m:07s:242ms

Final Results	Tester Name	Time of Test	Dock Shape Style	Virtual Device Visible	Time Taken	Shape Precision %	Orientation Precision %	Overall Precision %	Efficiency %	Difficulty	Total MV	Total TRE	
	0	2018-11-13_12:42:47	Ltd Random	True	00h:00m:07s:242ms	97.11735	95.85889	96.14783	86.87685	0.4233785	1175.457	24	
