
Angles Over Time
Frames	Rotate	ChildRotate	RotateInverse	ChildRotateInverse	Docking x	Docking y	Docking z	
0	8.121955	0.2344496	0	-2.661865	-0.2008972	0.1668117	0.09303461	
1	-0.328064	-3.750916	0	3.657296	0.1346669	-0.08004761	0.1478452	
2	-4.313416	-1.641022	0	1.312974	0.420044	-0.1545715	0.1546309	
3	-1.500214	0.2344286	0	-1.031342	0.7882333	-0.4177551	0.3767051	
4	0.609673	-0.7033081	0	-1.031342	1.032736	-0.4234619	0.3586174	
5	0.3752445	1.600796E-07	0	-0.5624695	0.8978769	-0.3874207	0.3321176	
6	-0.09362793	-0.4688721	0	-1.031342	0.869963	-0.5980835	0.1811507	
7	0.3752445	-4.923065	0	4.829453	0.7517081	-0.7203674	0.3307043	
8	-4.782257	-1.641022	0	0.6096728	0.9919756	-0.5718384	0.8837079	
9	-0.5624695	-4.268431E-07	0	-0.3280334	2.547747	-0.8279419	2.30505	
10	-4.313416	-1.17218	0	25.45946	7.608496	-1.787323	4.696492	
11	-12.51852	-10.54944	0	36.47778	11.94814	-3.767273	11.08859	
12	-18.84818	-22.7399	0	36.7122	14.3428	-5.352905	15.797	
13	-18.84818	-37.27469	0	38.1188	16.41995	-6.121094	18.5423	
14	-20.25479	-42.66663	0	36.47778	19.5944	-7.233704	22.83449	
15	-20.4892	-44.30765	0	37.41549	21.42681	-8.355286	25.52861	
16	-20.72363	-44.77652	0	36.47778	22.7569	-8.374207	26.76305	
17	-28.22546	-44.77652	0	38.58766	24.10631	-8.939545	31.42113	
18	-41.82251	-46.65198	0	51.01256	24.54881	-10.08261	34.4355	
19	-50.96536	-34.22708	0	56.40449	25.01868	-11.00986	31.54341	
20	-47.91776	-24.84979	0	70.23598	25.99827	-10.55511	28.0333	
21	-47.68332	-17.5824	0	78.20667	27.3528	-11.41101	25.53224	
22	-47.21445	-14.30035	0	82.42645	29.18647	-13.04657	26.03961	
23	-46.98004	-12.89377	0	86.17737	31.98021	-13.62631	27.94699	
24	-48.85547	-15.94138	0	88.05282	36.69073	-12.99182	33.33899	
25	-50.73093	-14.30035	0	88.28725	43.24007	-11.7189	41.68261	
26	-49.55878	-14.30035	0	88.52169	50.26372	-9.107574	51.68414	
27	-49.32434	-14.53479	0	86.64623	55.0316	-5.483612	60.22181	
28	-49.32434	-14.53479	0	88.75612	55.29537	-3.436676	64.20204	
29	-49.79321	-19.22342	0	90.63158	53.08425	-3.949554	63.17347	
30	-52.37195	-15.47253	0	89.22498	51.07692	-6.33667	59.45639	
31	-49.55878	-14.30035	0	89.22498	49.66875	-8.090149	56.79889	
32	-49.79318	-13.1282	0	88.99055	49.2364	-8.515289	57.26091	
33	-48.62103	-13.1282	0	88.99055	49.80838	-8.784332	58.6314	
34	-48.15216	-13.1282	0	89.22498	50.43267	-9.517548	57.7662	
35	-48.3866	-15.94138	0	89.92828	51.18738	-10.77881	56.29562	
36	-50.26205	-14.76923	0	88.99055	51.72922	-12.05603	53.77587	
37	-48.85547	-14.30035	0	89.22499	52.17811	-12.92627	52.70715	
38	-49.32434	-14.30035	0	89.22499	52.31821	-14.46014	51.3798	
39	-49.0899	-14.30035	0	88.99055	52.48092	-16.23676	50.20911	
40	-49.0899	-18.05127	0	91.33488	52.73658	-16.07678	50.72873	
41	-52.13751	-15.94138	0	89.92829	52.92091	-14.98639	51.99103	
42	-49.32431	-14.30035	0	88.75613	52.95252	-14.48724	52.47528	
43	-49.0899	-14.76923	0	88.99057	52.88304	-14.46039	52.54692	
44	-48.15216	-13.36261	0	88.75614	52.81872	-14.42191	52.64355	
45	-48.15216	-13.1282	0	89.45943	52.92059	-14.14008	52.91629	
46	-48.62103	-16.41025	0	89.9283	52.94498	-13.71265	53.2558	
47	-50.26205	-14.06592	0	88.99058	52.99778	-13.55444	53.24767	


Angle MV instances
Rotate	8.121955	8.450019	3.985352	2.813202	5.157502	4.219788	3.750946	8.205109	6.329651	7.501831	13.59705	9.142853	3.047607	2.578735	2.813171	3.047607	2.813202	
ChildRotate	3.985365	2.109894	4.454193	3.282043	9.377258	12.19046	14.53479	5.391937	12.4249	9.377289	7.267395	3.282043	3.047607	4.688629	3.750885	2.813171	3.750916	2.109894	3.282043	2.34433	
RotateInverse	
ChildRotateInverse	2.661865	2.344323	5.860795	4.21978	25.7875	11.01832	2.109882	12.4249	5.39193	13.83149	7.97068	4.21978	3.750923	2.109886	2.34433	
Docking x	5.060749	4.339643	2.394666	2.077146	3.174446	2.793732	4.710522	6.549339	7.023655	4.767879	2.211121	2.007328	
Docking y	2.611328	3.623962	2.046936	2.387115	
Docking z	2.391442	6.392103	4.708404	2.745307	4.292185	2.694124	4.658081	3.014374	2.892099	3.510105	2.50106	5.391994	8.343624	10.00153	8.537678	3.980228	3.717087	2.657497	2.519756	
Total MV Amount	457.8152


Angle TRE instances
Rotate	
ChildRotate	
RotateInverse	1	
ChildRotateInverse	
Docking x	
Docking y	
Docking z	1	11	
Total TRE Count	1


Correct Angles	Rotate	ChildRotate	RotateInverse	ChildRotateInverse	Docking x	Docking y	Docking z
	-30	-69.81049	0	30	90	-90	0

Angle Error	Rotate	ChildRotate	RotateInverse	ChildRotateInverse	Docking x	Docking y	Docking z
	19.0899	55.51013	0	59.45943	36.8981	76.71701	53.42384

Time Taken	Hours	Minutes	Seconds	Milliseconds	Seconds float	Completion time
	0	0	2	831	2.8313	00h:00m:02s:831ms

Final Results	Tester Name	Time of Test	Dock Shape Style	Virtual Device Visible	Time Taken	Shape Precision %	Orientation Precision %	Overall Precision %	Efficiency %	Difficulty	Total MV	Total TRE	
	0	2018-11-13_12:55:15	Ltd Random	False	00h:00m:02s:831ms	81.38063	75.89984	76.1033	97.44941	0.3442339	457.8152	1	
