
Angles Over Time
Frames	Rotate	ChildRotate	RotateInverse	ChildRotateInverse	Docking x	Docking y	Docking z	
0	-62.06818	-106.1976	0	99.68987	84.25278	75.79491	102.0697	
1	-60.896	-108.5419	0	101.0965	84.29192	75.15504	101.4384	
2	-62.06815	-108.3075	0	101.3309	84.30006	75.13931	101.3937	
3	-62.06815	-108.542	0	101.3309	84.29865	75.08736	101.2654	
4	-60.66156	-108.542	0	101.3309	84.36872	75.11072	100.8431	
5	-56.91064	-105.7288	0	99.92431	84.36305	73.67016	99.11414	
6	-53.15973	-106.9009	0	87.03055	83.34805	49.08619	79.54556	
7	-52.92529	-108.5419	0	60.77416	79.46169	10.22734	52.92334	
8	-52.45645	-109.0108	0	37.79983	70.705	-19.67587	33.13875	
9	-28.07553	-101.7434	0	0.2907026	62.34508	-30.67728	21.67273	
10	-12.13416	-94.24158	0	0.05627424	55.40236	-36.5029	13.09602	
11	-2.52243	-86.97421	0	0.7595671	49.45682	-36.91257	12.54992	
12	-1.584717	-74.54932	0	0.2907027	44.24023	-38.35828	11.91368	
13	-1.584717	-67.04749	0	0.2907027	41.30531	-40.28394	10.36072	
14	-1.584717	-57.43576	0	0.2907027	36.24062	-41.89825	9.703821	
15	-1.584717	-51.57498	0	0.05627432	31.34491	-41.87891	5.556815	
16	-1.350281	-45.47974	0	9.667985	22.73542	-39.48007	1.959198	
17	-1.584717	-41.02554	0	4.979347	13.1449	-36.8031	0.8730844	
18	-1.584717	-39.85336	0	0.05627416	0.4081592	-32.80954	3.583843	
19	0.7596184	-26.25632	0	0.2907026	1.244981	-32.69141	1.35376	
20	0.5251824	-3.98526	0	-0.1781616	1.59825	-32.25821	1.162349	
21	0.7596184	-3.98526	0	0.0562742	1.314541	-31.32693	1.233124	
22	0.7596184	-3.98526	0	1.462868	1.003743	-26.93732	1.040532	
23	0.5251824	-2.578674	0	0.5251388	0.8807225	-17.77792	0.938266	
24	0.7596184	-1.875397	0	0.2907027	0.6911347	-12.65436	0.7474999	
25	0.7596184	-1.640961	0	0.5251388	0.7330902	-12.52524	0.7650595	
26	0.7596184	-1.640961	0	0.2907027	0.8194351	-9.416107	0.7534634	
27	0.9940466	-1.640961	0	0.2907027	0.7399799	-2.26767	0.6190411	
28	0.5251823	-1.875397	0	0.9940032	0.6075238	0.6366976	0.5517283	
29	0.5251823	-1.875397	0	0.05627435	0.5907598	-0.5921021	0.6012802	
30	0.5251823	-1.875397	0	0.2907027	0.5458818	-0.6550598	0.5679251	
31	0.5251823	-1.875397	0	0.05627435	0.4998141	-0.6565857	0.5338807	
32	0.7596184	-1.875397	0	0.05627435	0.4771174	-0.5489197	0.5028679	
33	0.7596184	-1.640961	0	0.05627435	0.4265625	-0.8216248	0.5229505	
34	0.7596184	-2.109833	0	0.5251388	0.416656	-0.8224487	0.4900375	
35	0.5251823	-1.875397	0	0.05627438	0.4099511	-0.04788208	0.4181303	
36	0.7596183	-1.875397	0	0.2907028	0.3831247	2.261902	0.3718574	
37	0.7596183	-1.875397	0	0.05627438	0.3525011	3.637264	0.354834	
38	0.7596183	-1.875397	0	0.05627438	0.3468465	3.625633	0.3328394	
39	0.7596183	-1.875397	0	0.9940032	0.3436995	3.658628	0.3211857	
40	0.2907539	-1.875397	0	0.7595672	0.3379567	3.65809	0.2990019	
41	0.2907539	-1.640961	0	0.05627434	0.3080073	3.821264	0.2800167	
42	0.5251823	-1.640961	0	0.05627433	0.3293157	3.871526	0.2736405	
43	0.7596184	-1.640961	0	0.05627433	0.2526258	4.012866	0.3024655	
44	0.9940467	-1.875397	0	0.2907027	0.2386898	4.012515	0.2942032	
45	0.9940467	-1.875397	0	0.7595671	0.2076548	3.811281	0.2587361	
46	0.5251824	-1.875397	0	0.2907027	0.1896501	3.905147	0.2378635	
47	0.5251824	-1.875397	0	0.05627431	0.1868025	3.904894	0.2267663	
48	0.7596185	-1.875397	0	0.0562743	0.1729435	3.893462	0.2187245	
49	0.7596185	-1.640961	0	0.2907027	0.1724437	3.704288	0.2107387	
50	0.7596185	-2.109833	0	0.7595671	0.1565666	3.867836	0.1997465	
51	0.2907541	-1.875397	0	0.7595671	0.1537976	3.856491	0.1888598	
52	0.7596185	-1.875397	0	0.2907026	0.1512749	3.842295	0.1779196	
53	0.7596185	-1.875397	0	0.2907026	0.1373255	3.841966	0.1696778	
54	0.7596185	-1.875397	0	0.05627423	0.1387938	3.703125	0.1721071	
55	0.9940467	-1.640961	0	0.2907026	0.1359267	3.702879	0.1610154	
56	0.7596184	-1.875397	0	0.759567	0.1219686	3.702553	0.1527915	
57	0.5251823	-1.875397	0	0.5251386	0.107132	3.793833	0.1429028	
58	0.7596183	-1.875397	0	0.2907025	0.1039523	3.807543	0.1316497	
59	0.7596183	-1.875397	0	0.05627413	0.09936883	3.960099	0.1179154	
60	0.7596183	-1.875397	0	0.05627413	0.08379514	4.101487	0.1072148	
61	0.5251822	-1.875397	0	0.994003	0.08126563	4.056846	0.09698931	
62	0.7596183	-1.875397	0	0.5251387	0.06390885	4.373247	0.08311788	
63	0.7596183	-1.875397	0	0.2907026	0.06686029	4.351269	0.0946682	
64	0.9940467	-1.875397	0	0.05627424	0.06686029	4.351269	0.0946682	
65	0.9940467	-1.640961	0	0.5251387	0.06323127	4.442703	0.08184962	
66	0.9940467	-1.640961	0	0.5251387	0.06224462	4.526066	0.080419	
67	0.7596184	-2.109833	0	0.5251387	0.06330445	4.431593	0.08207113	
68	0.7596184	-1.875397	0	0.2907026	0.06724779	4.326248	0.09505027	
69	0.7596184	-1.875397	0	0.05627424	0.06390885	4.373247	0.08311788	
70	0.7596184	-1.640961	0	0.5251387	0.079353	4.242957	0.09366029	
71	0.7596184	-1.875397	0	0.05627428	0.06717324	4.337356	0.09482952	
72	0.7596184	-2.109833	0	0.7595671	0.06383546	4.384356	0.08289649	
73	0.5251823	-1.875397	0	0.5251387	0.06383546	4.384356	0.08289649	
74	0.7596183	-1.640961	0	0.2907027	0.06080466	4.645549	0.07838155	
75	0.7596183	-1.875397	0	0.5251387	0.06178839	4.562192	0.07981407	
76	0.9940466	-1.640961	0	0.5251387	0.06178839	4.562192	0.07981407	
77	0.7596183	-1.640961	0	0.05627433	0.06390885	4.373247	0.08311788	
78	0.7596183	-1.875397	0	0.7595672	0.06337768	4.420482	0.08229262	
79	0.5251822	-1.875397	0	0.5251388	0.05535167	4.892607	0.06289433	
80	0.7596182	-1.875397	0	0.2907027	0.05528105	4.903729	0.06267131	
81	0.7596182	-1.875397	0	0.2907027	0.05535167	4.892607	0.06289433	
82	0.7596182	-1.640961	0	0.05627435	0.05684177	4.762016	0.06516264	
83	0.7596182	-2.109833	0	1.462868	0.05691288	4.750899	0.06538539	
84	0.5251822	-2.109833	0	0.7595673	0.05698402	4.73978	0.0656081	
85	0.9940465	-1.640961	0	0.05627443	0.05535167	4.892607	0.06289433	
86	0.7596182	-1.640961	0	0.05627443	0.05217814	5.187149	0.05767715	
87	0.7596182	-1.640961	0	0.05627443	0.05203893	5.209406	0.05722982	
88	0.7596182	-1.640961	0	0.05627443	0.05217814	5.187149	0.05767715	
89	0.9940465	-1.875397	0	0.7595673	0.05203893	5.209406	0.05722982	
90	0.5251822	-1.875397	0	0.2907028	0.05019229	5.36496	0.05456331	
91	0.7596183	-1.875397	0	0.05627448	0.05019229	5.36496	0.05456331	
92	0.7596183	-1.875397	0	0.05627448	0.05012326	5.376092	0.05433929	
93	0.7596183	-1.640961	0	0.05627448	0.04640379	5.470327	0.04153293	
94	0.5251822	-2.109833	0	1.228432	0.04475361	5.634308	0.03856929	
95	0.5251822	-1.875397	0	0.5251389	0.04488788	5.612031	0.03901941	
96	0.7596182	-1.640961	0	0.2907028	0.05217814	5.187149	0.05767715	
97	0.7596182	-1.640961	0	0.2907028	0.04697836	5.411958	0.04259455	
98	0.9940466	-1.875397	0	0.05627446	0.04697836	5.411958	0.04259455	
99	0.7596183	-1.875397	0	0.05627446	0.04677496	5.445361	0.04192055	
100	0.9940466	-1.875397	0	0.9940033	0.04697836	5.411958	0.04259455	
101	0.5251823	-1.640961	0	0.05627446	0.0508435	5.295465	0.05584608	
102	0.9940467	-1.875397	0	0.05627446	0.05306979	5.114929	0.05889663	
103	0.9940467	-1.875397	0	0.05627446	0.0546917	4.962088	0.06161686	
104	0.7596184	-1.875397	0	0.2907028	0.05476213	4.950965	0.06184003	
105	0.7596184	-2.109833	0	1.228432	0.05684177	4.762016	0.06516264	
106	0.290754	-1.875397	0	0.5251389	0.05684177	4.762016	0.06516264	
107	0.7596184	-1.640961	0	0.5251389	0.05528105	4.903729	0.06267131	
108	0.7596184	-1.640961	0	0.2907028	0.05535167	4.892607	0.06289433	
109	0.7596184	-1.640961	0	0.2907028	0.05587145	4.845369	0.06372511	
110	0.7596184	-1.640961	0	0.2907028	0.05646274	4.787017	0.06477828	
111	0.7596184	-2.109833	0	0.5251389	0.05646274	4.787017	0.06477828	
112	0.5251823	-1.875397	0	0.2907028	0.06178839	4.562192	0.07981407	
113	0.7596184	-1.875397	0	0.05627446	0.05639174	4.798136	0.06455545	
114	0.9940467	-1.875397	0	0.2907028	0.0567707	4.773135	0.06493988	
115	0.7596184	-1.875397	0	0.2907028	0.05698402	4.73978	0.0656081	
116	0.7596184	-2.109833	0	0.9940033	0.06058734	4.678895	0.07771555	
117	0.290754	-1.875397	0	0.9940033	0.06217174	4.537178	0.08019728	
118	0.5251823	-1.640961	0	0.2907028	0.06171564	4.573304	0.07959227	
119	0.9940467	-1.640961	0	0.2907028	0.05712644	4.717549	0.06605341	
120	0.7596184	-1.640961	0	0.05627446	0.05624989	4.820374	0.06410976	
121	0.7596184	-1.875397	0	0.05627446	0.05320964	5.092677	0.05934357	
122	0.9940467	-1.875397	0	0.5251389	0.05320964	5.092677	0.05934357	
123	0.7596184	-2.109833	0	0.2907028	0.05166335	5.234385	0.0568433	
124	0.7596184	-1.640961	0	0.5251389	0.05070502	5.317727	0.05539832	
125	0.7596184	-1.875397	0	0.2907028	0.04704624	5.400825	0.04281917	
126	0.7596184	-1.875397	0	0.05627446	0.05166335	5.234385	0.0568433	
127	0.7596184	-2.109833	0	0.9940033	0.05217814	5.187149	0.05767715	
128	0.5251823	-1.875397	0	0.525139	0.05372651	5.045438	0.06017614	
129	0.7596183	-1.640961	0	0.2907029	0.05528105	4.903729	0.06267131	
130	0.9940466	-1.640961	0	0.525139	0.6712222	4.774889	-0.02877808	
131	0.9940466	-1.875397	0	0.0562746	-0.4786072	4.429685	0.1830754	
132	0.9940466	-1.875397	0	0.290703	0.1944568	4.39792	0.1324376	
133	0.9940466	-2.109833	0	0.525139	0.4122925	4.54176	0.1105178	
134	0.5251823	-2.109833	0	0.05627465	0.2069058	3.805618	0.116965	
135	0.7596184	-1.875397	0	0.290703	0.1741133	2.422	0.1761257	
136	0.7596184	-1.875397	0	0.05627464	0.1676156	1.362117	0.1629642	
137	0.7596184	-1.875397	0	0.290703	0.1726327	1.100223	0.1309527	
138	0.7596184	-2.109833	0	0.9940035	0.1117731	1.302556	0.1322169	
139	0.5251823	-1.875397	0	0.9940035	0.04928813	1.396099	0.1240232	
140	0.5251822	-1.640961	0	0.2907031	0.05894804	1.4937	0.1193703	
141	0.9940466	-1.640961	0	0.05627467	0.0875677	1.871701	0.1037161	
142	0.9940466	-1.875397	0	0.05627467	0.09798418	2.169446	0.1067709	
143	0.9940466	-1.875397	0	0.05627467	0.1346077	2.37313	0.1165393	
144	0.9940466	-2.109833	0	0.5251391	0.08280228	2.502952	0.1042031	
145	0.7596183	-1.875397	0	0.0562747	0.265526	2.777191	0.08545315	
146	0.7596183	-1.875397	0	0.0562747	0.1730081	2.859738	0.09670594	
147	0.7596183	-1.875397	0	-0.1781616	0.07377787	2.833953	0.1236261	
148	0.7596183	-1.875397	0	0.290703	0.04573457	2.833318	0.1073892	
149	0.7596183	-1.875397	0	0.7595674	0.03466453	2.833239	0.1103412	
150	0.5251822	-2.109833	0	0.7595674	0.03640975	2.680481	0.1130505	
151	0.5251822	-1.640961	0	0.290703	0.03831624	2.535817	0.1154728	
152	0.7596182	-1.640961	0	0.05627459	-0.01370239	2.429275	0.09613152	
153	0.7596182	-1.640961	0	0.05627459	0.0008022562	2.632778	0.1117276	
154	0.9940466	-1.640961	0	0.290703	-0.01852417	2.654975	0.1282807	
155	0.7596183	-2.109833	0	0.525139	0.02061184	2.655689	0.1415044	
156	0.5251822	-1.875397	0	0.290703	0.07785814	2.739732	0.13632	
157	0.7596182	-1.875397	0	0.525139	0.2585105	2.764302	0.146848	
158	0.7596182	-1.875397	0	0.05627465	0.1672788	2.907388	0.1210212	
159	0.7596182	-1.875397	0	0.290703	0.109939	2.834433	0.1258408	
160	0.7596182	-1.875397	0	0.290703	0.2771271	2.811425	0.1291323	
161	0.7596182	-1.875397	0	0.7595675	0.07737461	2.775893	0.1357262	
162	0.7596182	-1.875397	0	0.0562746	0.262966	2.751841	0.07471748	
163	0.7596182	-1.875397	0	0.0562746	0.3096266	2.74397	0.2047749	
164	0.7596182	-1.875397	0	0.0562746	0.1276901	2.709788	0.2778705	
165	0.7596182	-1.875397	0	0.290703	-0.01229858	2.802608	0.2896124	
166	0.9940465	-2.109833	0	0.9940034	-0.06796265	4.29143	0.2599975	
167	0.5251822	-1.875397	0	0.7595674	-0.1109314	5.496726	0.2205627	
168	0.5251822	-1.875397	0	0.290703	-0.04608154	7.730886	0.109998	
169	0.7596183	-1.875397	0	0.05627458	-0.007720947	8.843841	0.1016146	
170	0.9940466	-1.875397	0	0.05627457	-0.02185059	8.901953	0.09165957	
171	0.7596183	-1.875397	0	0.05627457	0.003872852	8.819119	0.09965802	
172	0.7596183	-1.875397	0	1.228432	0.1354856	8.447448	0.102637	
173	0.2907539	-1.875397	0	0.525139	0.1430122	6.69651	0.1354311	
174	0.5251822	-1.875397	0	0.2907029	0.09184866	4.386761	0.19399	
175	0.7596183	-1.875397	0	0.05627456	0.04410594	3.063068	0.1980014	
176	0.7596183	-2.109833	0	0.05627456	-0.02453613	2.550429	0.1914798	
177	0.7596183	-1.875397	0	0.05627456	-0.009399414	1.850551	0.2260183	
178	0.7596183	-2.109833	0	1.228432	0.04895161	1.256553	0.2460663	
179	0.5251822	-1.875397	0	0.5251389	0.04989355	0.9588955	0.2400881	
180	0.5251822	-1.640961	0	0.2907028	0.04917801	1.01713	0.2390589	
181	0.9940465	-1.640961	0	0.05627446	0.03627483	1.020778	0.2784283	
182	0.9940465	-1.875397	0	0.2907028	0.03832532	0.8870336	0.2806158	
183	0.9940465	-1.875397	0	0.05627446	0.03832532	0.8870336	0.2806158	
184	0.9940465	-2.109833	0	0.7595674	0.04693547	0.8286635	0.267486	
185	0.5251822	-1.640961	0	0.2907029	0.05233469	0.6731176	0.2810997	
186	0.7596183	-1.875397	0	0.2907029	0.05233469	0.6731176	0.2810997	
187	0.7596183	-1.875397	0	0.05627454	0.03816329	0.6727785	0.2732476	
188	0.7596183	-1.640961	0	0.05627454	0.03816329	0.6727785	0.2732476	


Angle MV instances
Rotate	62.06818	3.750916	3.750916	24.38092	15.94138	9.611725	
ChildRotate	106.1976	2.344315	2.813202	7.267395	7.501831	7.267365	12.4249	7.501831	9.611725	5.860779	6.095245	4.454193	13.59705	22.27106	
RotateInverse	
ChildRotateInverse	99.68987	12.89376	26.25639	22.97433	37.50913	9.611711	4.688638	4.923073	
Docking x	84.25278	3.886353	8.756691	8.359921	6.942726	5.945538	5.216583	2.934929	5.06469	4.89571	8.609486	9.590519	12.73674	
Docking y	75.79491	24.58397	38.85884	29.90322	11.0014	5.825623	2.398834	2.676971	3.993561	4.389618	9.159393	5.123566	3.109131	7.148438	2.309784	2.234161	2.309749	
Docking z	102.0697	19.56858	26.62223	19.78459	11.46602	8.576713	4.147006	3.597617	2.710759	2.230083	
Total MV Amount	1152.047


Angle TRE instances
Rotate	12	
ChildRotate	21	
RotateInverse	1	
ChildRotateInverse	10	16	17	
Docking x	19	
Docking y	28	86	103	121	129	167	174	
Docking z	17	
Total TRE Count	14


Correct Angles	Rotate	ChildRotate	RotateInverse	ChildRotateInverse	Docking x	Docking y	Docking z
	0	0	0	0	0	0	0

Angle Error	Rotate	ChildRotate	RotateInverse	ChildRotateInverse	Docking x	Docking y	Docking z
	0.7596183	1.875397	0	0.9940034	0.02715121	0.6726788	0.276408

Time Taken	Hours	Minutes	Seconds	Milliseconds	Seconds float	Completion time
	0	0	11	156	11.15551	00h:00m:11s:156ms

Final Results	Tester Name	Time of Test	Dock Shape Style	Virtual Device Visible	Time Taken	Shape Precision %	Orientation Precision %	Overall Precision %	Efficiency %	Difficulty	Total MV	Total TRE	
	1	2018-11-21_13:25:55	ZEROING DATA	True	00h:00m:11s:156ms	99.49597	99.82424	99.63451	100	0	1152.047	14	
