
Angles Over Time
Frames	Rotate	ChildRotate	RotateInverse	ChildRotateInverse	Docking x	Docking y	Docking z	
0	-0.6964417	0.4688387	0	111.3621	38.70765	84.29935	-139.4317	
1	-1.39975	0.937703	0	111.3621	38.61028	84.2236	-139.5976	
2	-0.9308777	0.937703	0	111.3621	38.44577	83.83041	-139.7749	
3	-0.9308777	0.7032748	0	111.3621	38.21901	83.31826	-140.3274	
4	-1.165314	0.7032748	0	111.3621	37.84612	81.44801	-143.5252	
5	-0.9308777	0.7032748	0	111.3621	36.79557	76.16564	-152.5539	
6	-1.165314	0.2344103	0	101.5159	35.66769	65.48474	-164.0654	
7	-1.39975	-10.54947	0	56.7394	35.1171	48.276	-175.9366	
8	-0.6964417	-12.19049	0	21.80903	28.84951	36.11357	-174.3911	
9	-0.4620056	-2.53447E-05	0	19.93358	20.23276	29.98332	176.5054	
10	-0.4620056	-0.2344666	0	4.226634	6.504774	25.37139	173.5993	
11	-0.6964417	-1.641052	0	-0.4620056	4.307432	23.36686	175.7533	
12	-1.634186	-2.550387E-05	0	-1.399719	1.096781	19.89604	-178.1524	
13	-0.4620056	-2.550387E-05	0	-1.399719	4.424847	15.63508	-176.4172	
14	0.006845686	0.4688389	0	-0.9308777	6.175025	13.85373	-176.7902	
15	-0.2276001	0.2344105	0	-1.634155	7.314482	14.12605	-176.7467	
16	0.006845699	0.2344105	0	-1.634155	7.214474	15.72289	-177.9005	
17	0.2412741	-0.4689026	0	-0.4620056	4.48077	18.17634	176.0175	
18	-0.6964417	0.2344105	0	-1.165314	3.884627	21.80487	167.4153	
19	-0.2276001	-2.550644E-05	0	-1.399719	4.124831	22.78465	160.0316	
20	0.006845592	-2.550644E-05	0	-1.399719	4.992444	20.27516	152.4436	
21	-0.2276001	-2.550644E-05	0	-1.165314	6.008899	19.06487	140.1429	
22	-0.2276001	-1.17218	0	-0.6964417	7.371357	19.71979	128.6963	
23	-1.39975	-0.2344666	0	-0.6964417	5.376156	22.22079	118.3866	
24	-0.6964417	0.2344105	0	11.49403	2.006602	25.98519	109.1973	
25	-0.2276001	0.4688389	0	47.83099	-0.1527405	30.71035	98.98207	
26	0.2412739	-2.550628E-05	0	-1.634155	-5.365021	36.70067	84.21706	
27	0.006845444	-2.550628E-05	0	87.21557	-9.1745	41.65299	66.86166	
28	-0.2276001	-0.4689026	0	87.45	-9.256531	45.48157	51.7964	
29	-1.39975	-0.2344666	0	95.18625	-10.69672	45.14426	42.23585	
30	-0.2276001	0.2344105	0	95.18625	-12.22916	44.36404	43.26133	
31	-0.2276001	-6.564117	0	94.95181	-14.60828	46.03874	38.2663	
32	0.2412738	-0.4689026	0	78.54157	-16.80112	45.43832	42.9744	
33	-13.82465	-0.2344666	0	78.30714	-19.65491	46.51025	41.27276	
34	-12.65247	-0.9377441	0	78.54157	-21.96622	47.34862	29.08286	
35	-4.212921	-1.406616	0	77.83827	-24.81094	49.12922	23.22238	
36	-1.39975	-26.95972	0	71.27418	-21.67099	47.27596	32.23791	
37	-1.39975	-34.93039	0	52.98848	-20.23236	50.19801	41.32029	
38	-0.9308777	-33.99268	0	15.94823	-19.9574	55.66021	37.65867	
39	-1.165314	-8.908447	0	20.63687	-22.89709	60.01133	21.22469	
40	-1.634186	-0.4689026	0	7.743108	-26.82104	62.70364	0.5758375	
41	-1.39975	-0.2344666	0	6.570951	-22.84738	64.09517	1.848741	
42	-0.9308777	-2.307852E-05	0	40.79802	-15.62524	64.18417	7.637368	
43	-0.4620056	-0.2344666	0	43.84563	-11.7478	63.02637	0.477171	
44	0.4757096	-0.4689026	0	40.09472	-11.13293	61.62258	0.5859881	
45	-0.2276001	-1.875488	0	38.68813	-9.113312	60.79717	5.060448	
46	-1.39975	-0.9377441	0	3.992193	-6.955292	54.88016	15.47464	
47	-18.51328	-0.4689026	0	-1.165314	-4.627899	46.53331	36.40645	
48	-35.86124	-0.4689026	0	4.226622	-3.252502	39.51272	30.56716	
49	-35.62683	-0.4689026	0	13.13504	-3.249023	34.66735	22.49482	
50	-23.90521	-0.2344666	0	20.40243	-1.602478	27.13821	-2.010956	
51	-1.634186	-0.9377441	0	6.570944	-2.016388	19.22768	-1.386932	
52	-2.337463	-0.4689026	0	-1.634186	-1.693817	12.50861	-1.308502	
53	-1.634186	-0.4689026	0	-1.634186	-1.792938	7.689446	-0.8662109	
54	-1.634186	-0.4689026	0	-1.39975	-1.864838	6.681376	-0.7932434	
55	-1.634186	-0.4689026	0	-1.165314	-1.919373	6.600922	-0.7606506	
56	-1.634186	-0.9377441	0	-0.2276001	-1.869476	6.59226	-0.7483826	
57	-2.337463	-0.7033081	0	-0.4620056	-1.738953	6.413222	-0.7359009	
58	-2.337463	-0.2344666	0	-1.165314	-1.6875	5.901315	-0.6867371	
59	-1.868622	-2.349143E-05	0	-1.165314	-1.631042	3.946922	-0.5635376	
60	-1.39975	-0.2344666	0	-1.165314	-1.585144	1.374705	-0.432373	
61	-1.634186	-0.4689026	0	-1.39975	-1.506348	-1.588226	-0.2434082	
62	-1.634186	-1.406616	0	0.00684946	-1.455231	-2.443024	-0.1933899	
63	-2.571899	-0.9377441	0	-0.9308777	-1.341125	-3.132141	-0.1612549	
64	-1.634186	-0.4689026	0	-1.39975	-1.288727	-3.312775	-0.1470032	
65	-1.39975	-0.7033081	0	-1.39975	-1.202057	-3.731628	-0.1300659	
66	-1.634186	-0.7033081	0	-1.39975	-1.131958	-4.083862	-0.1131287	
67	-1.39975	-0.4689026	0	-1.165314	-1.089233	-4.223297	-0.1075745	
68	-1.868622	-1.641052	0	0.4757138	-1.063812	-4.216461	-0.1042786	
69	-3.040771	-0.4689026	0	-1.39975	-1.029022	-4.215942	-0.09417725	
70	-1.634186	-0.2344666	0	-1.165314	-1.019592	-4.215759	-0.08764648	
71	-1.634186	-0.7033081	0	-1.165314	-0.9949036	-4.076202	-0.1300354	
72	-1.634186	-0.4689026	0	-1.634186	-1.020203	-3.623169	-0.2155457	
73	-1.39975	-0.4689026	0	-1.39975	-0.9821777	-2.793335	-0.2678528	
74	-1.868622	-0.9377441	0	-0.9308777	-0.9414063	-1.873993	-0.3067017	
75	-1.868622	-0.4689026	0	-1.39975	-0.8768921	-1.586975	-0.3105164	
76	-1.39975	-0.4689026	0	-1.165314	-0.8506775	-1.119568	-0.3469238	
77	-1.634186	-0.7033081	0	-1.39975	-0.8257446	-1.078033	-0.3439331	
78	-1.39975	-0.2344666	0	-1.39975	-0.8005066	-1.077789	-0.3396301	
79	-1.634186	-1.406616	0	0.006849354	-0.7844849	-1.077728	-0.3421021	
80	-2.571899	-0.4689026	0	-1.39975	-0.7592163	-1.077484	-0.3377991	
81	-1.39975	-0.4689026	0	-1.39975	-0.7592163	-1.077484	-0.3377991	
82	-1.634186	-0.4689026	0	-1.39975	-0.7592163	-1.077484	-0.3377991	
83	-1.634186	-0.4689026	0	-1.39975	-0.75	-1.077301	-0.3310242	
84	-1.39975	-1.406616	0	-0.4620056	-0.7338562	-1.070465	-0.3338318	


Angle MV instances
Rotate	14.06592	8.439545	2.813171	17.11353	17.34796	11.72162	22.27103	
ChildRotate	10.78388	12.19046	6.798528	6.095215	25.5531	7.970673	25.08423	8.439545	
RotateInverse	
ChildRotateInverse	111.3621	9.846146	44.77652	34.93037	15.70695	4.68864	12.19047	36.33696	49.46515	88.84972	7.736252	16.41023	6.564095	18.28569	37.04025	4.688637	12.89376	34.22707	3.047611	3.750919	34.69593	5.157507	5.391935	8.908417	7.267395	13.83149	8.20513	
Docking x	38.70765	6.26759	8.616753	13.72799	2.197341	3.210651	3.328066	2.733704	3.369554	5.21228	3.809479	2.37912	2.192841	2.85379	2.31131	2.844727	3.139954	2.939697	3.92395	3.973663	7.222137	3.877441	2.019623	2.15802	2.327393	
Docking y	84.29935	5.282364	10.6809	17.20874	12.16243	6.130253	4.611927	2.004532	3.470818	4.260965	2.453447	3.628534	2.509489	2.501005	3.764395	4.725164	5.99032	4.952316	3.828583	2.922054	5.462196	4.351128	2.69231	5.917007	8.346855	7.020588	4.845364	7.529144	7.91053	6.719068	4.819167	2.572217	
Docking z	139.4317	3.197815	9.028748	11.51152	11.87117	350.8965	2.906143	2.154022	353.9057	8.602203	7.383682	7.587982	12.3007	11.44658	10.30975	9.189308	10.21519	14.76501	17.35539	15.06526	9.560551	4.995029	4.708107	12.1899	5.860485	9.015528	9.082378	3.661617	16.43398	20.64885	5.788627	7.160197	4.47446	10.41419	20.93182	5.839293	8.07234	24.50578	
Total MV Amount	2416.33


Angle TRE instances
Rotate	1	33	35	47	51	
ChildRotate	1	7	9	31	32	36	40	
RotateInverse	1	
ChildRotateInverse	11	24	26	27	46	49	52	
Docking x	12	14	17	21	24	26	47	
Docking y	60	
Docking z	41	42	43	45	50	
Total TRE Count	30


Correct Angles	Rotate	ChildRotate	RotateInverse	ChildRotateInverse	Docking x	Docking y	Docking z
	0	0	0	7.80699E-23	0	0	0

Angle Error	Rotate	ChildRotate	RotateInverse	ChildRotateInverse	Docking x	Docking y	Docking z
	2.806335	0.4689026	0	0.9308777	0.7338562	1.070465	0.3338318

Time Taken	Hours	Minutes	Seconds	Milliseconds	Seconds float	Completion time
	0	0	4	995	4.995234	00h:00m:04s:995ms

Final Results	Tester Name	Time of Test	Dock Shape Style	Virtual Device Visible	Time Taken	Shape Precision %	Orientation Precision %	Overall Precision %	Efficiency %	Difficulty	Total MV	Total TRE	
	1	2018-11-21_13:41:20	ZEROING DATA	True	00h:00m:04s:995ms	99.41582	99.73994	99.49648	100	8.674433E-26	2416.33	30	
