
Angles Over Time
Frames	Rotate	ChildRotate	RotateInverse	ChildRotateInverse	Docking x	Docking y	Docking z	
0	-103.2921	-88.38086	0	78.86121	-42.88013	67.26157	121.2563	
1	-103.5265	-88.6153	0	78.86121	-42.58887	67.54826	121.5617	
2	-103.5265	-88.6153	0	78.62679	-42.50299	67.68398	121.8	
3	-103.5265	-88.6153	0	78.86121	-42.09338	67.54398	122.9101	
4	-103.7609	-88.6153	0	78.62679	-41.07425	67.08395	123.6487	
5	-103.5265	-88.6153	0	78.62679	-40.48291	66.82032	123.1376	
6	-103.5265	-88.6153	0	78.39235	-40.6795	68.9248	118.4046	
7	-102.1199	-88.38086	0	78.39235	-38.23062	72.76273	106.5773	
8	-90.63272	-88.38086	0	78.39235	-37.42233	76.33898	96.41293	
9	-88.9917	-87.67755	0	78.39235	-37.31158	78.51575	90.10335	
10	-85.00635	-87.44312	0	78.86121	-36.40472	82.27256	79.33874	
11	-75.16022	-83.45776	0	74.40701	-34.56888	85.81393	67.30713	
12	-68.83054	-73.84607	0	74.40701	-33.08896	89.57005	59.31461	
13	-68.12726	-61.65561	0	65.96745	-32.15952	91.57011	49.28466	
14	-59.92212	-45.4798	0	28.69276	-29.54523	92.24982	38.11512	
15	-48.43497	-30.24173	0	3.374106	-26.96323	90.47872	22.99972	
16	-39.99539	-12.19046	0	2.905242	-27.29373	86.58015	12.42777	
17	-39.99539	-10.78387	0	-0.1423645	-28.01285	82.52525	9.896042	
18	-36.94778	-10.78387	0	0.09206266	-23.67395	76.71774	9.774623	
19	-35.5412	-11.25275	0	-0.1423645	-21.0954	73.05408	8.609351	
20	-24.99176	-13.36261	0	0.326491	-19.00922	67.73311	8.005039	
21	-17.25549	-25.55307	0	10.6415	-15.27634	61.25101	10.44946	
22	-14.44232	-23.44318	0	32.67811	-7.703308	54.63522	7.857689	
23	-13.03571	-34.69592	0	0.3264939	-0.2043762	47.97422	-1.042236	
24	0.09247041	-31.17944	0	0.3264939	-1.853607	47.79048	2.961723	
25	0.09247041	-14.30035	0	0.3264939	-0.8001404	47.28312	0.7333846	
26	0.3268988	-2.344299	0	0.3264939	0.9317572	47.42726	0.6958135	
27	-0.1419678	-1.641022	0	1.733087	0.3535517	47.62581	0.4731757	
28	-1.314117	1.406602	0	0.09206564	-0.06817627	47.6272	0.2984018	
29	0.09247065	1.172166	0	0.3264941	-0.2980652	47.52608	0.04714062	
30	0.09247065	1.875467	0	0.09206565	-0.1191101	46.02834	0.09552928	
31	0.3268991	2.109895	0	0.3264941	0.5771698	41.57608	-0.002091718	
32	0.3268991	1.875467	0	0.09206565	1.566943	36.66288	-0.2001038	
33	0.3268991	1.172166	0	0.7953585	2.513966	30.7301	0.00823665	
34	-0.6108093	1.406602	0	0.09206568	2.390139	26.1877	0.1228581	
35	0.09247059	1.641031	0	0.09206568	2.606782	22.31284	0.1715566	
36	0.09247059	1.406602	0	0.09206568	2.606574	21.82808	0.2337679	
37	0.09247059	1.64103	0	0.3264941	2.75659	19.82227	0.3503106	
38	0.09247059	0.7033015	0	0.7953585	2.706096	17.81527	0.2613668	
39	-1.079681	1.172166	0	1.029794	2.543475	16.44575	0.1036614	
40	-0.3764038	1.406602	0	0.3264939	2.258284	13.97981	0.1082584	
41	0.09247059	1.875466	0	0.09206552	1.269493	11.99098	0.6292812	
42	0.326899	1.875466	0	0.3264939	2.156431	8.016191	0.7358208	
43	0.326899	1.406602	0	0.09206555	2.089772	6.506751	0.8021235	
44	0.09247059	0.7033014	0	1.733087	1.712289	6.457242	0.4151811	
45	-1.079681	1.406602	0	0.56093	1.642123	6.421663	0.3391211	
46	0.3268991	1.406602	0	0.3264939	0.9821323	5.528221	0.370139	
47	-0.1419678	1.64103	0	0.09206555	0.3024123	4.851028	0.3044988	
48	0.3268991	1.406602	0	0.09206555	0.1158102	3.561653	0.2262288	
49	0.09247066	1.406602	0	0.09206555	-0.02407837	1.13085	0.2384233	
50	-0.1419678	0.2344368	0	2.201952	0.06316091	0.1198356	0.3086702	
51	-1.548553	1.406602	0	0.09206544	0.01800603	0.1025977	0.2739301	
52	-0.1419678	1.64103	0	0.3264939	-0.05541992	0.1580533	0.2171578	
53	-0.1419678	1.406602	0	0.09206547	-0.1146851	0.36048	0.1560367	
54	0.09247069	1.64103	0	0.3264939	-0.1792297	1.224685	0.04329268	
55	0.09247069	1.64103	0	0.0920655	-0.1917419	1.638866	-0.02770996	
56	0.09247069	1.406602	0	0.7953584	-0.163269	1.638742	-0.06362915	
57	0.09247069	1.875466	0	0.09206551	-0.1507568	1.622347	-0.09741211	
58	0.3268991	1.875466	0	0.09206551	-0.1703796	1.612762	-0.1276855	
59	0.3268991	1.875466	0	0.09206551	-0.1741333	1.612313	-0.1598816	
60	0.3268991	1.875466	0	0.09206551	-0.2009277	1.595662	-0.1809387	
61	0.5613351	0.937737	0	0.7953584	-0.2206116	1.578984	-0.210968	
62	-0.3764038	1.406602	0	0.09206551	-0.240448	1.578415	-0.2413025	
63	0.09247067	1.64103	0	0.56093	-0.2584229	1.578067	-0.2555237	


Angle MV instances
Rotate	103.2921	11.48715	3.985352	9.84613	6.329681	8.205139	11.48715	8.439575	3.047607	10.54944	7.736267	2.813171	13.12818	
ChildRotate	88.38086	3.985352	9.611694	12.19046	16.17581	15.23807	18.05127	2.109863	12.19046	2.109894	11.25275	3.516479	16.87909	11.95605	
RotateInverse	
ChildRotateInverse	78.86121	4.454201	8.43956	37.27469	25.31866	3.047606	10.31501	22.03661	32.35162	2.109886	2.109886	
Docking x	42.88013	2.448883	2.614288	2.582001	4.338898	2.578552	2.086182	3.73288	7.573029	7.498932	
Docking y	67.26157	2.104485	3.837921	3.576256	2.176773	3.756805	3.541374	3.756119	2.000061	3.898567	4.054909	5.80751	3.663651	5.320976	6.482101	6.615791	6.660995	4.452263	4.9132	5.932772	4.5424	3.874868	2.005814	2.007006	2.46594	3.974791	2.430802	
Docking z	121.2563	4.732941	11.82737	10.16434	6.309586	10.76461	12.03161	7.992523	10.02994	11.16954	15.1154	10.57196	2.531724	2.444424	2.591774	8.899925	2.228338	
Total MV Amount	1150.426


Angle TRE instances
Rotate	25	
ChildRotate	27	
RotateInverse	1	
ChildRotateInverse	16	21	23	
Docking x	24	
Docking y	48	
Docking z	24	
Total TRE Count	8


Correct Angles	Rotate	ChildRotate	RotateInverse	ChildRotateInverse	Docking x	Docking y	Docking z
	0	0	0	0	0	0	0

Angle Error	Rotate	ChildRotate	RotateInverse	ChildRotateInverse	Docking x	Docking y	Docking z
	0.1419678	1.406601	0	0.09206551	0.2853699	1.577552	0.2768555

Time Taken	Hours	Minutes	Seconds	Milliseconds	Seconds float	Completion time
	0	0	3	733	3.733185	00h:00m:03s:733ms

Final Results	Tester Name	Time of Test	Dock Shape Style	Virtual Device Visible	Time Taken	Shape Precision %	Orientation Precision %	Overall Precision %	Efficiency %	Difficulty	Total MV	Total TRE	
	1	2018-11-21_13:40:34	ZEROING DATA	True	00h:00m:03s:733ms	99.77213	99.65659	99.69997	100	0	1150.426	8	
