
Angles Over Time
Frames	Rotate	ChildRotate	RotateInverse	ChildRotateInverse	Docking x	Docking y	Docking z	
0	1.391187	-0.2344971	0	-0.9530334	0.02328659	-0.0002663996	-0.02529907	
1	0.2597199	-2.6876E-10	0	-0.209137	0.007762149	-8.765736E-05	-0.008422852	
2	0.0252839	0.2344284	0	0.4941483	0.02328635	-0.0002663968	-0.02526855	
3	0.2597199	0	0	0.02528395	0.0388105	-0.0004497032	-0.04214478	
4	-0.209137	0	0	-0.209137	0.04657249	-0.0005430683	-0.05056763	
5	0.25972	0	0	-0.209137	0.08681162	0.007204707	-0.06045532	
6	0.25972	0	0	0.02528395	0.09523955	0.007344221	-0.05270386	
7	0.25972	0.2344284	0	0.02528395	0.1191935	0.007287055	-0.0617981	
8	0.02528395	0	0	-0.209137	0.1802369	-0.007141113	0.04132487	
9	-0.209137	0.2344284	0	-0.209137	0.1802369	-0.007141113	0.04132487	
10	-0.209137	0	0	-0.209137	0.1802369	-0.007141113	0.04132487	
11	0.02528395	0	0	0.02528395	0.2055226	-0.00668335	0.06461164	
12	0.02528395	0	0	0.02528395	0.1647132	-0.006958008	0.05818289	
13	0.02528395	-0.234436	0	0.02528395	0.1802369	-0.007141113	0.04132487	
14	0.02528395	0	0	-0.209137	0.2997101	0.7313496	0.05240009	
15	0.02528395	0	0	-0.209137	0.2999175	1.18643	0.1121223	
16	0.02528395	0	0	0.02528395	-0.009094238	1.457155	-0.1658936	
17	0.4941483	0	0	0.02528395	-2.274078	1.893718	-3.578247	
18	0.7285845	0.7032928	0	0.4941483	-7.248688	2.071677	-6.789215	
19	0.7285845	0.9377288	0	0.2597124	-14.98099	3.420917	-11.92352	
20	0.7285845	0.9377288	0	2.604035	-22.09091	6.294614	-20.30548	
21	0.7285845	1.172157	0	12.45018	-28.27173	10.88082	-30.87283	
22	0.7285845	1.172157	0	24.40621	-33.29465	17.91537	-44.17538	
23	1.197449	1.406586	0	36.83111	-37.77563	26.09928	-59.12137	
24	0.9630129	1.406586	0	42.69191	-41.92804	37.63717	-76.85602	
25	0.9630129	1.406586	0	44.56736	-44.42697	48.57975	-89.70435	
26	0.9630129	1.172157	0	44.0985	-44.61728	62.51232	-105.4409	
27	0.9630129	1.406586	0	47.38055	-43.25323	75.11182	-116.1483	
28	-6.773224	1.172158	0	49.02157	-42.728	80.41224	-122.1631	
29	-11.22745	-0.9377136	0	49.49043	-42.03769	84.64382	-126.5695	
30	-17.32266	-1.641022	0	49.256	-43.086	88.48963	-129.2896	
31	-19.43256	-3.047607	0	49.49043	-44.49228	90.78657	-131.5225	
32	-21.54245	-10.54944	0	47.61499	-42.31741	94.72225	-135.0498	
33	-22.01132	-13.83148	0	46.91168	-38.47852	95.31507	-136.3025	
34	-21.77689	-14.53479	0	49.49043	-35.24722	93.14818	-136.2306	
35	-22.01132	-19.45786	0	48.55271	-30.76428	90.68639	-136.7176	
36	-21.30804	-26.72525	0	49.256	-25.83429	90.09801	-138.1338	
37	-21.77689	-37.74356	0	49.256	-21.12228	89.7536	-139.6557	
38	-22.01132	-38.2124	0	48.55271	-18.79767	87.4452	-140.0946	
39	-22.01132	-37.97797	0	49.72487	-17.41666	85.32569	-140.1639	
40	-22.01132	-37.97797	0	49.49044	-17.16855	85.95756	-141.3831	
41	-21.77689	-36.57141	0	48.55271	-17.78882	86.65301	-141.4818	
42	-21.30804	-37.97797	0	49.49044	-18.70557	86.79501	-141.1794	
43	-21.77689	-37.97797	0	49.49044	-19.58777	83.87251	-141.5839	
44	-21.77689	-38.2124	0	49.72488	-19.38828	82.45898	-141.8241	
45	-22.01132	-37.97797	0	49.72488	-18.36829	80.89928	-142.0467	
46	-22.01132	-38.2124	0	49.49044	-17.7677	79.3755	-142.1377	
47	-22.01132	-37.27469	0	49.25601	-17.55133	78.74748	-142.2965	
48	-21.54245	-37.74353	0	49.49044	-17.8811	77.03501	-142.1443	
49	-21.77689	-37.97797	0	49.49044	-17.73254	75.42011	-142.5081	
50	-22.01132	-37.74353	0	49.49044	-16.87048	74.64744	-143.2146	
51	-21.77689	-37.74353	0	49.72488	-16.7384	74.04585	-143.3515	
52	-21.77689	-36.57138	0	49.02158	-16.67377	73.02869	-143.2392	
53	-21.30804	-37.50912	0	49.25602	-16.6178	72.78194	-143.4363	
54	-21.77689	-37.74356	0	49.72488	-16.71857	71.02731	-143.5502	
55	-21.77689	-38.2124	0	49.49045	-16.98169	70.18251	-143.417	
56	-22.24576	-37.97797	0	49.49045	-16.92517	69.82598	-143.6745	
57	-22.01132	-38.2124	0	49.72489	-17.24756	68.9754	-143.8496	
58	-22.24576	-37.27469	0	49.25602	-16.0015	68.55453	-144.3973	
59	-22.01132	-37.50912	0	49.49045	-15.22498	69.16547	-145.0393	
60	-22.48019	-37.74356	0	49.72489	-14.93686	68.89856	-144.8254	
61	-22.48019	-37.74356	0	49.49045	-15.35681	66.71519	-144.1653	
62	-22.48019	-38.2124	0	49.49045	-15.30194	66.7756	-144.6053	
63	-22.94907	-37.27469	0	49.25602	-14.16568	65.2427	-144.6106	
64	-22.48019	-37.74356	0	49.25602	-13.23508	64.3902	-144.8638	
65	-22.94907	-38.2124	0	49.49045	-11.8334	63.55703	-145.5638	
66	-23.1835	-38.68127	0	49.49045	-9.010468	63.83904	-147.0152	
67	-23.41794	-38.68127	0	49.49045	-5.915161	63.79528	-148.6587	
68	-23.65234	-38.2124	0	49.72489	-2.519012	63.88131	-149.8013	
69	-23.41794	-37.04025	0	48.78716	-0.3985291	64.23687	-150.3826	
70	-22.94907	-38.2124	0	49.72488	-0.06509399	63.72716	-150.6557	
71	-23.65234	-38.44684	0	49.72488	-0.6472473	62.99382	-150.6649	
72	-23.65234	-38.68127	0	49.49045	-1.848541	62.95282	-149.6863	
73	-23.88678	-38.68127	0	49.49045	-3.849457	63.09941	-148.044	
74	-23.65234	-38.68127	0	49.49045	-6.225311	62.41573	-146.825	
75	-23.65234	-37.978	0	49.72489	-8.629944	60.58289	-145.3293	
76	-23.41794	-38.44684	0	50.42818	-10.82645	59.46866	-144.2148	
77	-23.65234	-38.2124	0	50.42818	-14.18018	62.92452	-143.5523	
78	-23.88678	-38.44684	0	50.42818	-16.82904	62.81086	-141.4863	
79	-23.41794	-38.68127	0	50.42818	-17.17026	61.63374	-140.628	
80	-23.41794	-39.15015	0	49.72489	-18.85641	62.50459	-139.7827	
81	-22.71463	-39.61902	0	50.89705	-21.20792	60.37856	-137.8864	
82	-23.1835	-39.85345	0	52.7725	-23.62189	58.24117	-136.1281	
83	-23.41794	-40.3223	0	52.7725	-23.25671	57.52564	-135.1261	
84	-23.65234	-40.08789	0	52.7725	-23.21109	59.70538	-134.9033	
85	-23.88678	-40.55673	0	52.7725	-23.71063	62.94685	-134.1981	
86	-23.88678	-39.61902	0	52.30364	-24.11105	67.18073	-134.541	
87	-23.41794	-39.85345	0	53.00694	-24.62238	71.32932	-135.2323	
88	-23.65234	-39.85345	0	52.53807	-24.2652	72.65944	-135.8485	
89	-23.41794	-30.7106	0	52.7725	-25.61301	71.54378	-135.9493	
90	-23.65234	-25.5531	0	52.7725	-26.71927	70.65806	-136.219	
91	-23.65234	-20.3956	0	52.30365	-26.43649	70.52808	-137.3342	
92	-22.94907	-15.47253	0	52.30365	-25.57541	68.43911	-137.3348	
93	-23.1835	-15.70694	0	52.53807	-23.01471	67.2164	-137.4401	
94	-23.41794	-30.7106	0	53.00694	-17.4794	66.51196	-137.7603	
95	-23.88678	-51.34061	0	52.53808	-11.09949	65.32977	-138.7427	
96	-23.88678	-62.59335	0	52.53809	-5.250122	63.13923	-139.5191	
97	-24.12122	-60.01459	0	51.83479	-1.601135	62.26074	-140.2852	
98	-23.65234	-62.12448	0	52.53809	1.368003	62.22596	-140.1103	
99	-24.12122	-62.12448	0	52.77253	0.44146	58.97459	-139.7531	
100	-24.35565	-63.29663	0	52.53809	0.1173205	56.12675	-140.0663	
101	-24.35565	-63.29663	0	52.53809	1.779496	54.78313	-139.8415	
102	-24.35565	-63.29663	0	52.77253	2.930425	53.23006	-139.736	
103	-24.12122	-61.65564	0	14.56011	3.489374	53.35746	-140.3805	
104	-23.65234	-62.35892	0	53.71026	1.707239	53.07432	-141.0352	
105	-23.65234	-62.35892	0	52.77253	3.403767	55.0369	-142.085	
106	-23.65234	-62.12448	0	53.00696	1.268001	54.61282	-141.5271	
107	-24.12122	-62.35892	0	53.24139	-0.6682129	55.46419	-142.6622	
108	-25.05896	-60.7179	0	52.30366	0.4311367	56.42229	-143.4491	
109	-24.12122	-61.4212	0	52.53809	-0.8766479	55.22873	-143.6004	
110	-24.35565	-61.4212	0	52.77253	-4.611206	53.38647	-143.4519	
111	-24.59009	-62.12451	0	52.77253	-6.506287	52.98568	-143.5135	
112	-25.05896	-61.89008	0	52.77253	-7.006439	53.58414	-143.5845	
113	-25.05896	-61.4212	0	52.77253	-7.024841	53.56173	-143.5064	
114	-24.59009	-58.13916	0	51.60038	-6.866272	54.27929	-143.4896	
115	-23.65237	-61.4212	0	52.30367	-6.329926	54.26941	-142.6003	
116	-25.05896	-61.65564	0	52.77253	-7.732513	53.29212	-141.8734	
117	-25.05896	-62.12451	0	52.77253	-9.062836	52.37585	-140.9053	
118	-25.52783	-62.59335	0	53.00696	-9.256592	50.73759	-139.9813	
119	-25.52783	-62.82779	0	53.00696	-9.342316	50.11034	-139.4784	
120	-25.52783	-60.7179	0	52.5381	-9.079956	49.39001	-139.1091	
121	-24.82452	-62.12451	0	52.77253	-9.647156	49.32681	-139.4071	
122	-25.2934	-62.12451	0	53.24141	-9.688812	49.73772	-139.685	
123	-25.2934	-61.89008	0	53.00697	-9.153198	50.28254	-139.9193	
124	-25.2934	-61.89008	0	53.00697	-9.105682	49.98316	-140.2508	
125	-25.2934	-59.78018	0	51.83481	-8.675293	50.24113	-141.0847	
126	-24.12122	-60.95233	0	52.53811	-9.679413	49.79416	-141.6293	
127	-25.05896	-61.65564	0	53.00697	-11.22357	48.8123	-142.2382	
128	-26.46555	-62.82779	0	53.24141	-11.40259	47.72121	-142.6944	
129	-27.16885	-62.82779	0	52.77254	-10.14325	47.87371	-143.0359	
130	-26.93442	-61.65564	0	53.00697	-9.665649	48.53943	-143.1624	
131	-26.93442	-59.31131	0	22.76525	-9.261261	49.18465	-143.2387	
132	-25.52783	-61.89008	0	51.60039	-8.528137	49.90024	-143.601	
133	-27.16885	-62.12448	0	53.00697	-8.585815	50.02673	-143.4225	
134	-27.40329	-62.12448	0	53.00697	-8.332764	50.41171	-143.4318	
135	-27.87213	-62.35892	0	53.00697	-8.720856	49.53424	-143.1918	
136	-27.87213	-62.12448	0	53.00697	-8.689941	50.03291	-143.3134	
137	-27.87213	-61.18677	0	52.30368	-7.637756	50.01878	-143.4272	
138	-27.16885	-62.12451	0	52.53812	-7.184906	50.4153	-143.7117	
139	-27.63773	-61.89008	0	53.00698	-7.312042	51.21575	-143.9505	
140	-27.87216	-61.65564	0	52.77256	-7.841705	51.69149	-143.3998	
141	-29.04431	-61.65564	0	45.7396	-6.493469	51.56189	-143.4904	
142	-28.80988	-59.31131	0	46.91175	-5.323029	52.14912	-144.2292	
143	-27.87216	-60.7179	0	41.28539	-5.016541	52.60152	-144.51	
144	-28.57544	-62.12451	0	52.53812	-4.437073	53.20325	-145.4289	
145	-29.04431	-62.82779	0	52.06926	-3.379669	54.32677	-146.51	
146	-29.27875	-62.82779	0	49.4905	-3.519745	56.86992	-147.6985	
147	-30.68533	-62.12451	0	50.19381	-3.747589	57.16021	-147.5441	
148	-30.21646	-59.54575	0	51.36596	-3.55835	58.21354	-147.448	
149	-28.80988	-62.12451	0	52.30369	-3.041199	56.69268	-146.9805	
150	-29.98203	-61.89008	0	52.53812	-3.627777	55.38781	-147.0695	
151	-29.98203	-63.06223	0	52.3037	-4.4729	55.18102	-146.9958	
152	-30.21646	-62.82779	0	32.6114	-4.935059	53.44692	-146.6347	
153	-30.21646	-62.82779	0	52.06926	-6.284363	50.39301	-146.444	
154	-30.21646	-61.18677	0	51.83483	-6.033417	48.74426	-146.3353	
155	-29.51318	-62.12451	0	52.77256	-7.170807	48.65288	-145.9469	
156	-30.21646	-62.12451	0	52.53813	-7.864319	49.54958	-145.5794	
157	-30.21646	-62.12451	0	52.53813	-8.72229	50.3927	-145.2564	
158	-30.68533	-62.12451	0	52.53813	-10.01596	52.45797	-145.2432	
159	-30.91977	-59.78018	0	51.36597	-11.12946	55.3004	-145.1068	
160	-30.21646	-61.18677	0	52.06927	-11.32468	56.63992	-144.8751	
161	-30.68533	-62.12451	0	52.53813	-11.98273	57.58197	-144.5189	
162	-31.62308	-62.59338	0	52.53813	-13.03439	59.73486	-144.5763	
163	-34.20181	-62.82782	0	52.53813	-14.38962	60.56207	-144.0427	
164	-36.07727	-62.12451	0	52.53813	-17.01025	63.07633	-142.5147	
165	-37.48389	-59.31131	0	51.13154	-17.73242	64.7336	-140.7823	
166	-35.60843	-67.75085	0	52.53813	-18.21069	66.11405	-138.5208	
167	-38.18716	-80.87906	0	52.53813	-19.74893	68.38226	-136.3313	
168	-39.35934	-82.28564	0	52.53813	-21.54938	71.91901	-134.2238	
169	-40.06262	-82.28564	0	52.3037	-22.48761	73.58188	-131.9182	
170	-39.82819	-82.28564	0	52.3037	-23.021	75.8192	-128.9877	
171	-39.82819	-80.17575	0	51.60041	-24.00638	78.45641	-127.1208	
172	-38.65604	-81.11349	0	50.89711	-25.33032	82.10336	-126.0662	
173	-39.59375	-81.34793	0	48.08393	-25.9939	84.12459	-124.8235	
174	-39.59375	-86.271	0	38.23779	-26.46008	82.81148	-120.1862	
175	-39.35934	-96.82043	0	32.84585	-27.29837	82.12511	-117.2461	
176	-34.43625	-100.8058	0	26.51618	-28.12943	82.02044	-114.5394	
177	-27.87216	-108.0732	0	20.88981	-29.49576	82.14361	-109.9356	
178	-28.1066	-112.0585	0	21.12424	-30.49713	84.61664	-103.0823	
179	-28.34103	-115.575	0	21.12424	-31.33463	87.87463	-98.46786	
180	-28.80991	-115.575	0	21.12424	-32.36514	91.88293	-97.67563	
181	-29.04431	-116.0439	0	21.35868	-33.41418	96.39732	-100.4971	
182	-28.80991	-113.2307	0	21.12424	-34.39755	101.0948	-104.2003	
183	-27.63773	-116.0439	0	21.35868	-35.07962	105.9424	-106.1282	
184	-28.80991	-116.7472	0	27.21948	-33.86209	107.1049	-108.3929	
185	-28.80991	-113.2307	0	56.05461	-33.52731	107.8101	-114.9521	
186	-29.04431	-97.28931	0	91.21941	-35.4483	104.3296	-129.3513	
187	-17.55716	-85.56772	0	99.89339	-36.68091	105.2853	-134.0773	
188	-17.55716	-72.20508	0	103.4099	-35.40637	107.8038	-140.1467	
189	-16.85388	-70.32965	0	105.5198	-34.72937	108.5999	-142.9394	
190	-16.61945	-70.09521	0	105.2853	-34.71585	109.2153	-144.0409	
191	-13.33737	-70.32965	0	105.0509	-34.48483	110.4254	-145.243	
192	-11.22748	-71.03293	0	104.8165	-35.32343	111.3357	-145.3184	
193	-11.22748	-70.09521	0	102.2377	-36.78592	111.1654	-144.0468	
194	-7.945435	-71.26736	0	94.0326	-37.98987	111.0259	-143.1374	
195	-3.960114	-77.59705	0	90.98499	-37.61017	113.4041	-140.7214	
196	-3.725677	-83.9267	0	87.93737	-37.75888	115.1343	-138.9589	
197	-3.491241	-94.00726	0	83.48315	-37.96805	116.9417	-137.0743	
198	-3.491241	-99.86807	0	78.09122	-38.24869	118.7558	-133.9102	
199	-3.491241	-95.88272	0	73.63702	-37.50378	120.6792	-128.7708	
200	-3.491241	-98.22705	0	74.34032	-37.71976	122.6803	-127.8551	
201	-3.725677	-99.86804	0	75.27805	-39.08237	126.8194	-131.4133	
202	-3.725677	-101.0402	0	80.43555	-40.40811	130.417	-140.3679	
203	-3.256805	-101.0402	0	80.66998	-41.15305	134.1899	-149.4485	
204	-3.022369	-99.16476	0	71.76157	-40.43597	137.7041	-156.8269	
205	-2.553497	-95.64828	0	4.010728	-39.4758	137.7374	-154.7242	
206	-2.319061	-97.99261	0	0.4942481	-32.98389	136.526	-150.7508	
207	-2.319061	-99.63361	0	0.2598121	-30.69574	135.4039	-146.6641	
208	-2.319061	-105.26	0	0.2598121	-31.27054	134.2036	-142.1926	
209	-2.319061	-111.3552	0	0.02538368	-29.99954	132.9757	-138.9723	
210	-2.553497	-111.8241	0	0.02538368	-28.37366	132.3107	-134.185	
211	-2.553497	-108.0732	0	0.9631126	-27.18796	132.2577	-129.4782	
212	-14.97842	-112.9962	0	0.4942482	-26.05191	133.0008	-124.7375	
213	-26.23114	-112.2929	0	0.02538381	-26.4502	132.782	-120.4344	
214	-40.06262	-101.2747	0	0.2598122	-26.06906	131.9773	-112.657	
215	-60.69266	-90.49078	0	0.02538382	-27.46411	130.8945	-103.8433	
216	-73.58643	-86.271	0	6.589478	-27.34454	132.3552	-107.3622	
217	-73.35199	-84.39554	0	7.058342	-28.56595	132.0396	-107.4201	
218	-72.17981	-85.33325	0	7.058342	-28.35287	132.2438	-105.6261	
219	-76.63403	-85.09882	0	0.2598121	-26.92557	134.2849	-100.7501	
220	-81.5571	-85.33325	0	0.02538374	-27.2435	135.2992	-98.96954	
221	-81.08823	-86.271	0	0.2598121	-28.14114	134.4215	-94.56754	
222	-81.32266	-88.84973	0	0.2598121	-28.35779	138.138	-87.49725	
223	-80.85379	-88.14645	0	0.4942482	-29.28079	139.6004	-85.29419	
224	-79.91608	-89.3186	0	0.2598121	-30.55634	138.7396	-84.8808	
225	-81.5571	-86.50543	0	11.51255	-31.35754	137.1002	-88.12262	
226	-82.49481	-82.98895	0	11.27812	-30.99155	136.5153	-86.49026	
227	-85.77686	-79.94135	0	11.27812	-31.14185	136.6581	-86.56561	
228	-85.30801	-75.95599	0	11.51255	-32.38489	137.0766	-90.49207	
229	-82.02594	-78.06586	0	9.637094	-33.0253	137.8439	-93.26221	
230	-84.37027	-79.23804	0	0.2598141	-33.37131	140.3892	-92.7226	
231	-85.07358	-80.41019	0	0.2598141	-33.52115	142.7315	-91.00226	
232	-86.24573	-79.23804	0	0.2598141	-33.04141	144.4903	-90.79053	
233	-85.54245	-79.23804	0	0.2598141	-33.16119	145.1278	-90.61456	
234	-83.43256	-75.48712	0	0.9631145	-33.12848	146.6954	-90.78351	
235	-79.91608	-79.23804	0	0.0253856	-33.02008	148.4159	-90.50998	
236	-82.72925	-79.23804	0	0.259814	-32.75412	151.2789	-90.18814	
237	-82.49481	-79.23804	0	0.259814	-31.98486	152.2589	-89.20535	
238	-83.43256	-78.76917	0	0.02538561	-32.26349	153.073	-89.1319	
239	-83.66699	-79.70691	0	0.4942501	-32.54715	154.3162	-88.50037	
240	-83.66699	-77.59702	0	0.2598141	-32.27289	155.3197	-87.07043	
241	-81.32266	-79.23804	0	0.2598141	-32.03436	156.3952	-86.19208	
242	-82.26041	-77.12817	0	0.4942501	-32.43854	156.847	-86.11563	
243	-82.02597	-75.25269	0	0.2598141	-32.68631	157.7516	-87.85144	
244	-82.02597	-74.78381	0	0.02538566	-32.92639	158.8657	-88.17944	
245	-82.49481	-75.48712	0	0.2598141	-33.11609	159.9319	-89.1235	
246	-76.16516	-73.61166	0	0.4942501	-34.4668	161.0108	-92.56085	
247	-73.58643	-75.01825	0	0.2598141	-36.28662	166.4149	-96.34247	
248	-74.99298	-71.97064	0	0.02538566	-37.38525	167.9657	-96.72064	
249	-74.99298	-59.54575	0	0.2598141	-34.77878	167.4331	-94.29364	
250	-77.80618	-38.91574	0	0.02538566	-31.95447	169.3486	-93.0368	
251	-93.51312	-15.70697	0	0.7286785	-27.50491	170.2993	-94.39838	
252	-98.43622	-0.7033386	0	0.4942501	-24.82651	170.0268	-99.94269	
253	-101.015	1.172128	0	0.02538576	-23.37766	169.7485	-104.9705	
254	-102.1871	0.9376992	0	0.2598142	-21.53329	170.272	-108.4386	
255	-103.5937	2.109856	0	0.2598142	-24.32086	168.2536	-107.8121	
256	-102.4216	1.87542	0	0.2598142	-29.67035	165.7001	-107.1638	
257	-101.9527	2.109856	0	0.7286785	-29.81375	165.6645	-110.4514	
258	-99.1395	2.109856	0	0.2598142	-31.06287	166.4657	-110.7461	
259	-100.7805	1.87542	0	0.2598142	-31.18103	168.3981	-111.8224	
260	-101.4838	1.87542	0	0.2598142	-29.56494	170.08	-112.6047	
261	-102.4215	1.87542	0	0.2598142	-27.41238	171.2361	-115.0331	
262	-102.8904	1.87542	0	0.2598142	-25.91663	170.8569	-117.0959	
263	-101.7183	2.109856	0	0.9631147	-25.2663	170.7024	-118.0942	
264	-97.0296	1.87542	0	0.2598142	-26.63962	171.2083	-116.4629	
265	-101.2494	1.87542	0	0.2598142	-27.85355	173.8556	-115.6904	
266	-101.015	1.87542	0	0.2598142	-29.53406	177.2193	-116.3972	
267	-102.656	1.87542	0	0.2598142	-29.78641	-177.5078	-116.155	
268	-102.656	1.87542	0	0.2598142	-29.94876	-168.7418	-114.028	
269	-102.656	2.109856	0	0.4942503	-32.19162	-162.1766	-112.9925	
270	-99.37393	1.640992	0	0.2598142	-34.80295	-157.3932	-113.4796	
271	-100.7805	1.640992	0	0.2598142	-35.57431	-156.6816	-112.7236	
272	-101.015	1.640992	0	0.2598142	-32.44965	-159.9914	-110.0487	
273	-101.4838	1.640992	0	0.2598142	-31.20505	-161.543	-108.7605	
274	-101.2494	1.640992	0	3.073001	-34.93384	-160.4999	-109.2522	
275	-100.0772	1.875421	0	3.073001	-37.42834	-158.9952	-109.2372	
276	-99.60837	1.640992	0	3.073001	-37.9975	-156.6903	-106.973	
277	-101.7183	1.640992	0	3.073001	-37.50504	-156.5772	-105.3568	
278	-101.4838	1.87542	0	2.838572	-39.76593	-155.6126	-104.3246	
279	-100.0772	1.640992	0	2.838572	-41.26736	-154.1858	-104.7494	
280	-101.7183	1.87542	0	3.307429	-39.99042	-154.0376	-103.1522	
281	-97.26404	1.87542	0	3.307429	-40.19983	-152.3611	-102.1337	
282	-100.3116	1.640992	0	3.073001	-40.84186	-150.8773	-102.5402	
283	-101.4838	1.406556	0	2.838573	-41.96692	-150.9186	-101.1978	
284	-102.8904	1.640992	0	3.073001	-41.87674	-151.0921	-101.3592	
285	-102.4215	1.640992	0	3.073001	-41.18726	-152.0893	-99.77783	
286	-101.015	2.109856	0	3.541866	-42.00079	-152.5168	-99.61255	
287	-97.0296	1.640992	0	3.073001	-42.49313	-153.8869	-98.86105	
288	-101.4838	1.640992	0	2.838573	-42.66714	-154.9166	-98.32205	
289	-101.7183	1.406556	0	2.838573	-40.99112	-156.882	-97.99014	
290	-102.4215	1.640992	0	3.30743	-43.83328	-159.4864	-96.23541	
291	-102.4215	1.640992	0	3.541866	-42.25781	-159.7197	-101.5855	
292	-102.656	1.640992	0	3.541866	-34.25336	-165.0018	-102.4818	
293	-100.0772	1.640992	0	3.541866	-34.54718	-165.0303	-103.4325	
294	-101.015	1.406556	0	3.776294	-33.28052	-164.5579	-110.0492	
295	-102.8904	1.640992	0	3.541866	-29.20175	-170.3993	-107.8389	
296	-103.3593	1.640992	0	20.18653	-30.50687	-173.3412	-103.7238	
297	-103.1248	1.640992	0	36.36235	-33.77322	-173.282	-102.0026	
298	-104.297	1.640992	0	30.50155	-33.76941	-175.7453	-100.5848	
299	-102.1871	1.87542	0	0.2598199	-30.40219	-179.3705	-99.78372	
300	-93.27869	1.87542	0	0.4942559	-29.38239	178.4473	-125.9168	
301	-59.75494	1.640992	0	0.2598199	-27.28064	178.2618	-145.0208	
302	-55.06628	1.640992	0	0.02539148	-25.67221	177.7906	-152.4045	
303	-51.08093	1.640992	0	29.32939	-25.46445	178.8207	-166.0431	
304	-30.21649	1.87542	0	54.41362	-23.75928	-179.5755	172.8342	
305	-17.08832	1.87542	0	5.886204	-20.5621	-179.3247	158.3749	
306	-13.3374	1.87542	0	73.63705	-21.10776	-177.2999	152.5142	
307	-18.72931	1.87542	0	75.27807	-22.06537	-174.2549	149.9518	
308	-28.57547	1.640992	0	75.74693	-22.05023	-175.0473	148.3748	
309	-32.09195	1.640992	0	74.34035	-21.92242	-176.3467	147.2176	
310	-31.38867	1.87542	0	75.5125	-22.81601	-176.9328	147.6507	
311	-32.32639	1.640992	0	74.34035	-24.78738	-177.6455	148.0142	
312	-22.71469	-11.01834	0	43.86419	-27.83157	-178.0819	153.2946	
313	-2.319092	-14.30038	0	26.28179	-32.74237	-178.1252	164.8548	
314	-1.381378	-30.94507	0	0.2598321	-36.25949	-178.7859	-178.1544	
315	-1.146942	-30.71063	0	0.4942682	-46.66541	179.3032	-166.9299	
316	-1.146942	-24.61539	0	0.02540379	-59.022	176.3701	-160.4349	
317	-0.6780701	1.172127	0	0.2598322	-78.40335	145.9064	-126.8634	
318	0.0252216	0.9376985	0	0.0254038	-79.66531	67.49402	-45.25189	
319	0.0252216	0.9376985	0	0.2598322	-76.60422	65.84314	-37.79681	
320	0.2596577	2.109856	0	0.2598322	-66.73669	61.07183	-23.07877	
321	0.0252216	2.109856	0	0.4942682	-57.4118	68.94235	-17.48889	
322	0.0252216	2.109856	0	0.2598322	-49.0477	74.98411	-16.76712	
323	0.0252216	2.109856	0	0.2598322	-45.40305	77.875	-18.20941	
324	0.0252216	2.109856	0	0.2598322	-42.0282	86.28645	-21.78537	
325	0.0252216	2.109856	0	0.2598322	-35.71515	92.81522	-22.22043	
326	0.0252216	2.109856	0	0.9631327	-25.99902	98.53177	-16.2247	
327	-0.209198	2.109856	0	0.4942683	-20.32022	103.1935	-14.2699	
328	-0.209198	1.87542	0	0.02540388	-16.12546	104.4008	-13.42993	
329	0.0252216	2.109856	0	0.2598323	-12.59784	105.4507	-9.90625	
330	0.0252216	-6.329712	0	0.4942684	-9.902649	105.8694	-3.119141	
331	0.0252216	-22.27109	0	0.02540395	-10.5033	106.9305	2.460289	
332	0.0252216	-29.53845	0	0.9631329	-10.50644	108.1788	5.688925	
333	-0.209198	-30.00732	0	0.4942685	-9.764099	109.0558	5.098045	
334	0.0252216	-30.24176	0	0.02540409	-9.416656	110.4612	7.069259	
335	0.0252216	-30.4762	0	0.2598325	-6.857666	108.3909	8.608413	
336	0.0252216	-30.00732	0	0.2598325	-4.677246	107.7121	9.346474	
337	0.0252216	-35.86813	0	0.2598325	-5.731049	107.6415	7.50672	
338	0.2596577	-62.82782	0	0.4942686	-4.71106	108.0175	5.937603	
339	0.0252216	-67.04761	0	0.2598325	-9.065094	107.0324	0.7974786	
340	-4.663422	-33.05496	0	0.2598325	-20.44986	109.6392	-6.176086	
341	-34.43628	-27.66302	0	4.479612	-32.15027	115.4077	-20.65714	
342	-37.95276	-18.98904	0	28.6261	-41.2095	128.7921	-51.4559	
343	-38.18719	-15.94141	0	28.39168	-43.52936	141.5658	-82.09851	
344	-37.24945	-16.41028	0	28.15724	-44.26431	151.2578	-100.9182	
345	-42.17255	-10.31506	0	27.92281	-40.00046	154.1006	-104.7011	
346	-57.87949	-5.86084	0	21.82758	-36.66791	153.8432	-109.8461	
347	-59.52051	-3.985382	0	0.2598345	-33.02808	153.8813	-124.1751	
348	-51.31537	-4.219818	0	0.02540612	-32.53851	155.2131	-148.3232	
349	-32.56082	-3.985382	0	0.4942706	-32.33911	155.6954	-157.2805	
350	-25.52786	-4.219818	0	0.2598346	-35.01605	156.4246	-157.9136	
351	-25.99673	-3.985382	0	0.2598346	-35.73813	155.7732	-149.1808	
352	-25.99673	-3.985382	0	0.2598346	-35.45074	158.148	-150.5352	
353	-26.23117	-6.564148	0	0.02540615	-35.30389	161.5738	-149.4967	
354	-26.23117	-15.23813	0	0.2598346	-30.94199	161.0007	-139.1092	
355	-32.09195	-15.00369	0	0.963135	-31.19299	158.4886	-130.0585	
356	-37.01505	-15.00369	0	0.02540609	-28.65991	156.6179	-126.3401	
357	-46.39233	-15.23813	0	0.2598345	-27.45657	155.9807	-124.964	
358	-46.39233	-15.23813	0	0.2598345	-25.38608	159.6374	-128.5505	
359	-53.42529	-15.23813	0	0.2598345	-22.21753	163.1499	-125.2269	
360	-62.33368	-16.64471	0	0.4942705	-19.64603	160.7993	-121.1261	
361	-65.38129	-10.78391	0	0.4942705	-21.27142	158.6215	-122.4163	
362	-64.44357	2.34427	0	0.2598345	-24.31265	153.0374	-123.523	
363	-53.89413	2.109842	0	0.2598345	-28.74277	135.5974	-119.8699	
364	-20.83923	2.109842	0	0.2598345	-25.06421	119.3045	-110.8446	
365	-19.43262	1.875406	0	0.2598345	-13.68744	113.351	-95.10352	
366	-19.43262	2.344271	0	0.2598345	-3.748596	105.5304	-92.74951	
367	-19.43262	2.109842	0	6.355072	5.81713	102.5972	-94.71832	
368	-18.26047	2.109842	0	6.120637	9.551867	100.2142	-110.5941	
369	-8.883179	2.109842	0	6.120637	6.307976	98.33505	-118.81	
370	-7.945465	2.109842	0	8.230523	2.615886	100.6594	-128.9358	
371	-1.85022	2.109842	0	13.8569	2.661215	95.94292	-134.8267	
372	-1.615784	2.109842	0	18.77997	6.996682	85.15656	-145.1582	
373	-1.615784	1.875406	0	18.31111	12.92303	68.75266	-160.0077	
374	-0.443634	2.109842	0	27.45395	6.01129	55.5393	-167.582	
375	-0.443634	1.875406	0	31.4393	-0.5701904	53.00245	-171.3042	
376	-0.443634	1.875406	0	33.54919	-0.5102844	52.08912	-171.6095	
377	-0.209198	2.109842	0	37.3001	1.438546	52.20834	-172.248	
378	-0.443634	2.109842	0	36.83124	-0.5067444	52.40686	-176.7332	
379	-0.443634	1.875406	0	37.06567	0.5366059	53.41335	-177.7624	
380	-0.443634	1.875406	0	39.64443	3.179734	54.90635	-174.6068	
381	-3.256805	2.109842	0	39.40999	3.152988	56.47945	-171.6942	
382	-6.070007	2.109842	0	50.19387	1.752976	59.16036	-174.2412	
383	-10.75864	2.109842	0	53.71035	2.403799	63.70638	-174.0919	
384	-11.46194	-1.641083	0	53.94478	5.49614	67.90619	179.6695	
385	-11.46194	-33.5238	0	54.17921	2.177403	72.77706	171.69	
386	-10.5242	-34.69598	0	54.41365	1.109726	71.23817	171.5181	
387	-10.75864	-34.69598	0	54.41365	1.305072	66.42195	170.1114	
388	-10.5242	-34.69598	0	54.41365	1.289973	59.50815	169.1753	
389	-10.28976	-34.46155	0	54.41365	0.9640883	53.62558	166.8565	
390	-8.648743	-34.69598	0	54.64808	-0.4450378	49.21256	163.352	
391	-4.19455	-34.46155	0	55.35138	-3.048492	44.32505	160.8826	
392	-1.146942	-34.69598	0	3.541902	-3.548798	39.68729	163.7072	
393	1.666255	-34.46155	0	68.24512	-3.062744	38.9788	159.4184	
394	4.010569	-33.99268	0	67.77626	-3.598419	40.43266	159.3439	
395	3.541705	-34.69598	0	51.83489	-3.794769	41.95793	161.0649	
396	4.010569	-35.16486	0	68.24513	-2.658569	41.82178	161.6775	
397	4.010569	-35.16486	0	68.47957	-0.7110596	42.21554	163.2178	
398	4.479434	-35.86813	0	67.77626	1.151629	42.94172	164.0484	
399	4.245005	-35.39929	0	67.3074	4.035876	41.19388	164.0671	
400	4.479434	-34.93042	0	67.3074	6.164674	39.73349	165.2256	
401	4.245005	-35.6337	0	67.77626	8.190349	40.93116	167.0938	
402	4.245005	-35.39929	0	68.0107	9.850892	40.93742	167.8549	
403	4.245005	-35.16486	0	67.77626	8.10903	38.64607	167.5783	
404	4.245005	-35.39929	0	67.77626	3.84575	35.63171	168.0072	
405	4.245005	-33.99268	0	66.36967	0.5270824	31.45162	163.4337	
406	4.010569	-33.2894	0	60.97773	-1.819641	30.54434	160.508	
407	4.245005	-35.63373	0	68.47955	-3.486145	33.06489	158.8597	
408	4.010569	-36.10257	0	68.47955	-4.634888	36.47642	157.5527	
409	3.776142	-35.86816	0	68.47955	-2.591644	35.53195	161.3036	
410	4.010569	-35.16486	0	68.47955	-3.839417	34.7468	163.2191	
411	4.010569	-33.05496	0	68.0107	-5.136414	34.10659	164.7383	
412	3.776142	-33.05496	0	67.77626	-10.0144	29.24847	170.0844	
413	4.245005	-30.71063	0	35.89351	-11.78149	24.11001	174.5497	
414	4.010569	-29.53848	0	15.02906	-12.62833	20.99924	-178.7979	
415	4.479434	-26.95972	0	8.230526	-12.8811	18.45074	-176.7256	
416	3.776142	-21.33337	0	7.058368	-10.78806	17.67686	-175.1529	
417	4.010569	0.7032447	0	6.82394	-11.2493	17.30887	-179.1749	
418	4.245005	0.4688163	0	6.589504	-12.04773	15.81602	-179.2486	
419	4.245005	0.9376806	0	6.355076	-11.19028	13.22598	179.8994	
420	4.713871	2.578702	0	0.7287022	-1.461792	11.44384	178.5767	
421	4.948298	3.047567	0	0.7287022	-1.397156	11.13512	178.816	
422	4.948298	2.578702	0	1.900867	-1.50351	11.13583	178.5422	
423	4.245006	2.578702	0	0.7287021	-1.576233	11.13663	178.3921	
424	4.479434	2.578702	0	0.9631382	-1.536407	10.79533	178.485	
425	4.71387	2.578702	0	0.7287021	-1.56665	10.26823	178.4903	
426	4.71387	2.81313	0	0.7287021	-1.563904	8.239924	178.491	
427	4.71387	2.81313	0	0.9631382	-1.754303	6.05307	178.2339	
428	4.948298	3.047567	0	1.432003	-1.730286	1.699135	178.198	
429	4.948298	2.81313	0	0.4942738	-1.731018	-2.943085	178.378	
430	4.71387	2.81313	0	0.7287021	-1.6091	-5.066956	178.5728	
431	4.948298	2.81313	0	0.7287021	-1.637543	-4.822968	178.4955	
432	4.948298	3.281995	0	0.4942738	-1.560364	-5.4328	178.5215	
433	5.182735	3.047567	0	0.9631382	-1.539093	-5.905609	178.5399	
434	4.948298	3.047567	0	1.432003	-1.520538	-6.548615	178.5468	
435	4.948298	3.047567	0	0.7287021	-1.499268	-7.583557	178.5385	
436	4.948298	3.047567	0	0.7287021	-1.406097	-7.788239	178.6638	
437	4.948298	2.81313	0	0.7287021	-1.314758	-8.121338	178.9229	
438	4.948298	2.578702	0	0.7287021	-1.271912	-8.203674	179.0177	
439	4.71387	2.81313	0	1.666431	-1.267853	-8.611877	179.0025	
440	4.71387	2.81313	0	1.197567	-1.241425	-9.043091	179.1076	
441	4.71387	2.344266	0	0.7287022	-1.196442	-9.982788	179.2382	
442	4.948298	2.344266	0	0.494274	-1.213226	-10.97989	179.3209	
443	4.713871	2.578702	0	0.7287022	-1.20578	-11.88751	179.3902	
444	4.713871	2.344266	0	0.7287022	-1.17627	-13.13455	179.4392	
445	4.713871	2.344266	0	1.900867	-1.231995	-13.93015	179.4586	
446	4.479434	-0.7033386	0	1.197567	-0.7739258	-14.96442	179.6912	
447	4.479434	-5.157562	0	0.7287024	-0.05523682	-16.30701	-178.4868	
448	4.713871	-7.267456	0	0.7287024	1.277262	-16.75589	-178.2037	
449	4.713871	-16.64471	0	0.7287024	3.48912	-17.00281	-177.0813	
450	4.713871	-22.27109	0	0.7287024	5.952813	-16.78076	-173.7712	
451	4.713871	-20.39563	0	1.666431	6.553428	-16.66556	-168.4214	
452	4.479435	-20.39563	0	0.9631385	5.295826	-16.21191	-158.7354	
453	4.713871	-20.63007	0	0.494274	2.086014	-18.00262	-148.5607	
454	4.713871	-21.09894	0	0.7287024	4.705026	-16.53259	-146.3958	
455	4.713871	-20.8645	0	0.9631385	12.37656	-11.82623	-145.9265	
456	4.479435	-22.73996	0	0.7287024	15.8896	-8.575806	-140.3932	
457	4.713872	-28.36633	0	1.666431	18.55789	-5.94873	-135.6127	
458	4.713872	-32.35168	0	1.197567	19.53604	-6.154449	-127.5765	
459	4.713872	-32.58609	0	0.7287026	14.95936	-14.05783	-116.9081	
460	4.713872	-30.24179	0	0.7287026	13.8436	-12.44281	-108.9047	
461	4.713872	-30.00735	0	0.7287026	6.43857	-16.49368	-88.23203	
462	4.713872	-29.53848	0	0.4942743	-3.644073	-20.72379	-65.15924	
463	4.713872	-26.95975	0	1.900868	-5.035034	-26.43036	-49.32352	
464	4.713872	-28.36633	0	0.9631389	1.042773	-29.41318	-30.5816	
465	4.479436	-8.908478	0	0.4942745	7.670362	-27.18423	-18.46942	
466	4.9483	-5.626434	0	0.9631389	7.288451	-23.16632	-19.6684	
467	4.9483	-4.68869	0	0.7287028	9.08129	-18.64215	-19.51791	
468	4.9483	0.7032391	0	0.7287028	15.9093	-15.26917	-18.52551	
469	3.07285	0.7032391	0	2.135296	21.42785	-11.42755	-12.97925	
470	1.197393	0.7032391	0	1.197567	27.98635	-3.570343	-8.381775	
471	1.197393	-3.750977	0	0.7287031	30.23538	6.935763	1.176472	
472	1.197393	-3.750977	0	0.9631393	27.28797	9.260873	3.439064	
473	0.9629568	-4.454254	0	0.7287032	22.63825	6.893617	5.27658	
474	0.9629568	-9.142914	0	0.9631393	18.49198	3.011866	2.046736	
475	0.9629568	-9.846191	0	1.432004	14.39364	-0.004678857	2.193247	
476	1.197393	-10.08063	0	0.7287032	13.26745	-2.782074	0.9311485	
477	1.197393	-9.846191	0	0.7287032	11.83054	-5.029541	0.4632404	
478	0.9629567	-4.923126	0	0.7287032	7.963045	-6.666534	4.00382	
479	1.197393	2.34426	0	0.7287032	4.313041	-7.329529	7.140234	
480	0.2596638	2.34426	0	1.197568	4.686045	-7.300629	3.802215	
481	0.7285281	1.875396	0	1.432004	3.895701	-7.478302	0.1193568	
482	1.431821	1.640967	0	0.9631394	4.051178	-7.433868	0.2015967	
483	1.197392	2.109832	0	0.494275	3.949793	-7.439911	0.0898991	
484	1.431821	2.34426	0	0.9631394	3.217582	-7.776215	-0.1387329	
485	1.666257	2.34426	0	0.7287033	3.500625	-8.1586	-0.1109924	
486	1.900685	2.578696	0	1.197568	3.574049	-10.04694	-0.1526794	
487	1.900685	2.34426	0	0.9631394	3.502513	-12.5022	-0.2019043	
488	1.431821	2.578696	0	0.9631394	3.427316	-14.76163	-0.2199402	
489	1.666257	2.34426	0	0.494275	3.555701	-16.34119	-0.2207947	
490	1.900685	2.578696	0	0.9631394	3.117951	-17.259	-0.05303955	
491	2.36955	2.813124	0	0.9631394	2.248304	-17.25131	0.1902847	
492	2.36955	2.813124	0	1.197568	2.308606	-16.70938	0.3222927	
493	2.36955	2.578696	0	0.7287033	2.033599	-16.51361	0.8038898	
494	2.36955	2.34426	0	0.9631395	1.96325	-15.45792	3.636012	
495	1.900686	2.109832	0	0.7287034	1.95488	-13.47562	6.510343	
496	1.197393	2.34426	0	0.7287034	1.5122	-11.44858	7.816428	
497	0.02522777	2.109832	0	1.666432	1.196283	-8.646484	8.767879	
498	0.02522777	2.109832	0	1.197568	1.288759	-5.316925	8.551746	
499	-0.209198	1.875396	0	0.4942752	2.275201	-3.30249	8.174223	
500	0.02522778	2.109832	0	0.9631396	3.027352	-1.972992	8.280643	
501	-0.6780701	1.875396	0	0.7287035	3.794947	2.83028	4.677778	
502	-0.6780701	1.875396	0	0.7287035	1.70325	3.904773	0.6064894	
503	-0.6780701	1.875396	0	1.900868	1.430785	3.357285	0.5119184	
504	-0.6780701	1.875396	0	1.197568	1.519201	2.344378	0.4954373	
505	-0.443634	2.109832	0	0.7287034	1.686463	0.5698118	0.4826604	
506	-0.443634	2.109832	0	0.9631396	1.722617	-3.93808	0.3550598	
507	-0.443634	1.875396	0	0.4942752	1.834585	-8.406586	0.3621729	
508	-0.6780701	1.875396	0	0.7287036	1.856414	-11.10812	0.3947597	
509	-0.443634	1.875396	0	2.135297	1.588721	-11.61017	0.6613705	
510	-0.6780701	2.109832	0	0.9631398	1.443159	-11.51431	0.6247448	
511	-0.443634	1.875396	0	0.7287037	1.377979	-11.43375	0.5765271	
512	-0.443634	1.875396	0	0.7287037	1.32999	-11.45016	0.5833726	
513	-0.209198	2.109832	0	0.7287037	2.92153	-11.24252	0.6218846	
514	-0.209198	2.109832	0	0.96314	2.562454	-11.16135	0.6400384	
515	-0.443634	1.875396	0	1.197568	2.470447	-11.12875	0.6858683	
516	-0.443634	2.34426	0	0.728704	2.430189	-11.40869	0.8943142	
517	-0.443634	2.34426	0	0.728704	2.40857	-11.34546	0.8076636	
518	0.02522773	2.34426	0	0.728704	2.588246	-11.13687	0.4156286	
519	1.197393	2.34426	0	0.728704	2.832432	-11.06076	0.05499662	
520	1.431821	2.34426	0	1.432005	2.900526	-10.94696	0.02232586	
521	1.197393	2.109832	0	1.197568	3.003712	-10.96323	-0.0002625492	
522	1.431821	2.578696	0	0.7287041	3.088577	-10.86774	-0.0352478	
523	1.431821	2.578696	0	0.7287041	3.095189	-10.90714	-0.04486084	
524	1.666257	2.578696	0	0.9631402	3.109353	-10.90085	-0.06307983	
525	1.431821	2.578696	0	0.7287042	3.10023	-10.90118	-0.07003784	
526	1.666257	2.109832	0	1.197569	3.113745	-10.87665	-0.08792114	
527	1.431821	2.34426	0	0.9631402	3.120667	-10.87695	-0.0970459	
528	1.666257	2.34426	0	0.9631402	3.120995	-10.87003	-0.09701538	
529	1.666257	2.34426	0	0.7287042	3.123832	-10.62344	-0.1185303	
530	1.431821	2.34426	0	0.9631402	3.114753	-10.5434	-0.1244202	
531	1.431821	2.34426	0	1.666433	3.112264	-10.56708	-0.1407471	
532	1.197393	2.34426	0	1.432005	3.119853	-10.58563	-0.150238	
533	1.666257	2.578697	0	0.7287042	3.119252	-10.48706	-0.1488037	
534	1.666257	2.578697	0	0.7287042	3.109576	-10.35663	-0.1539001	
535	1.666257	2.34426	0	0.7287042	3.109861	-10.43005	-0.1549377	
536	1.666257	2.34426	0	0.7287042	3.109852	-10.44611	-0.1551514	
537	1.666257	2.578697	0	1.197569	3.115935	-10.27448	-0.1617737	
538	1.666257	2.34426	0	0.9631402	3.115368	-10.12762	-0.1596985	
539	1.666257	2.578697	0	1.197569	3.115368	-10.12762	-0.1596985	
540	1.431821	2.578697	0	1.197569	3.115955	-10.24231	-0.1613464	
541	1.431821	2.578697	0	0.7287043	3.114769	-10.02905	-0.1582642	
542	1.666257	2.34426	0	1.900869	3.114778	-10.013	-0.1580505	
543	1.666257	2.34426	0	0.9631404	3.114778	-10.013	-0.1580505	
544	1.666257	2.34426	0	0.7287043	3.114787	-9.996918	-0.1578369	
545	1.431821	2.34426	0	0.7287043	3.106002	-10.07065	-0.165863	
546	1.666257	2.34426	0	0.9631405	3.105972	-10.11887	-0.1665039	
547	1.666257	2.578697	0	1.197569	3.106292	-10.12796	-0.166687	
548	1.431821	2.34426	0	1.666433	3.108693	-10.16855	-0.1512146	
549	1.666257	2.578697	0	0.9631405	3.105991	-10.08673	-0.1660767	
550	1.431821	2.813125	0	0.7287044	3.108685	-10.18463	-0.1514282	
551	1.900685	2.813125	0	0.7287044	3.106002	-10.07065	-0.165863	
552	2.135121	2.578697	0	0.7287044	3.095781	-9.825562	-0.1694031	
553	1.666257	2.813125	0	1.432005	3.095781	-9.825562	-0.1694031	
554	1.900686	2.578696	0	0.7287045	3.096081	-9.866791	-0.1699829	
555	1.666257	2.578696	0	0.7287045	3.096382	-9.908051	-0.1705933	
556	1.666257	2.578696	0	0.9631405	3.096101	-9.834625	-0.1695862	
557	1.431821	2.34426	0	0.9631405	3.167328	-9.867188	-0.1872864	
558	1.666257	2.813125	0	1.666433	3.429373	-9.772003	-0.2438354	
559	1.900686	-0.9377747	0	0.9631405	4.729718	-8.572754	0.106184	
560	2.36955	-25.08429	0	0.7287045	5.065956	-7.04007	0.5053114	
561	2.36955	-34.93042	0	0.9631405	4.853878	-6.926819	1.550163	
562	2.135122	-34.46155	0	0.9631405	6.13294	-6.916779	2.563798	
563	2.135122	-33.75827	0	0.9631405	11.02121	-8.077515	1.88043	
564	2.135122	-19.22348	0	2.135298	15.54273	-9.772919	3.155936	
565	-7.476593	-0.4689331	0	0.9631405	19.22042	-13.04474	7.036105	
566	-27.16888	2.34426	0	0.7287045	21.71879	-17.64111	5.909493	
567	-28.80991	2.34426	0	4.245184	23.32139	-22.08926	-4.613861	
568	-28.1066	2.578696	0	7.761664	24.75608	-26.28165	-10.02615	
569	-21.30807	2.34426	0	7.761664	27.73358	-31.31482	-10.99817	
570	-21.54251	2.34426	0	7.9961	32.36744	-34.93497	-8.339233	
571	-20.83923	2.34426	0	7.761664	38.39949	-35.78561	-8.687439	
572	-21.07364	2.578696	0	7.761664	45.06134	-35.0332	-10.73508	
573	-21.07364	2.34426	0	7.9961	52.45282	-34.08078	-9.40097	
574	-20.6048	0.7032382	0	7.761664	62.76117	-29.84348	-3.732208	
575	-17.7916	-5.86087	0	8.230528	75.26141	-13.76135	15.58134	
576	-16.85388	-10.31506	0	7.996101	81.79254	47.75515	82.84775	
577	-17.08832	-16.87915	0	7.527236	79.96595	64.07498	101.2113	
578	-17.55719	-34.69598	0	7.292799	78.84415	65.02908	108.0499	
579	-6.773285	-41.02567	0	3.776321	79.40329	63.93184	110.8682	
580	-0.6780701	-44.77658	0	0.9631417	78.32082	82.07046	137.3837	
581	-0.443634	-43.37	0	1.432006	72.17849	108.0104	167.0549	
582	0.02522263	-45.47986	0	0.7287056	64.32505	122.2742	-177.7464	
583	-0.209198	-51.5751	0	0.7287056	59.54746	129.156	-168.4776	
584	0.02522264	-56.49817	0	0.7287056	55.95618	129.1017	-162.5387	
585	0.02522264	-60.01465	0	0.9631417	52.82324	131.5214	-156.067	
586	0.02522264	-59.78021	0	1.19757	49.53432	132.4384	-151.0199	
587	0.02522264	-64.46887	0	1.19757	46.82919	131.8181	-147.5576	
588	-0.209198	-67.75092	0	0.7287058	44.20277	131.4481	-145.9956	
589	-0.443634	-68.68863	0	0.963142	42.431	132.3551	-145.6137	
590	-0.443634	-66.81317	0	0.7287058	40.28896	132.985	-144.5427	
591	0.02522258	-67.04761	0	4.245185	39.65307	134.0441	-146.4498	
592	0.02522258	-62.59341	0	8.699394	39.99637	134.8211	-147.8743	
593	0.2596586	-67.04761	0	8.230529	40.22742	136.1812	-147.5746	
594	-0.209198	-67.75092	0	10.10599	40.06586	138.6192	-147.92	
595	-0.209198	-67.98535	0	13.62247	39.80915	140.1127	-148.8723	
596	-0.443634	-68.21979	0	18.54554	39.29465	140.6919	-150.8966	
597	-0.209198	-8.439606	0	22.76532	37.95624	139.6046	-152.3689	
598	-0.209198	0.9376733	0	23.70304	36.92431	138.4673	-154.9194	
599	0.02522261	0.7032374	0	28.15725	33.09168	138.2726	-154.4314	
600	0.02522261	0.7032374	0	29.79828	29.90999	138.1594	-156.149	
601	0.02522261	0.7032374	0	30.03271	27.66619	139.4383	-155.2872	
602	-1.615814	-3.282104	0	29.79828	25.74983	140.8355	-154.9536	
603	-8.179901	-4.454254	0	28.39169	23.01381	140.7036	-151.089	
604	-17.7916	-1.172211	0	28.62612	19.17417	140.1111	-151.4729	
605	-34.20184	1.40653	0	23.70304	15.17489	139.4586	-151.2623	
606	-38.18719	-9.611786	0	14.79464	10.57298	140.2584	-143.7257	
607	-41.46924	-15.94144	0	0.9631474	5.354283	142.4913	-134.4311	
608	-42.17255	-16.41031	0	0.7287114	1.046516	144.2361	-126.932	
609	-42.64139	-15.23813	0	1.432012	-1.920837	144.5576	-121.9435	
610	-40.53149	-16.41031	0	0.7287114	-2.441589	145.2183	-116.0023	
611	-42.17255	-15.00369	0	0.7287114	-0.5827637	145.3802	-111.5086	
612	-43.57913	-15.94144	0	0.9631475	-0.3417053	143.383	-108.7464	
613	-45.45459	-15.94144	0	0.7287114	-1.820892	143.0267	-109.5022	
614	-45.45459	-14.53485	0	1.66644	-1.653137	143.869	-108.025	
615	-44.28244	-14.76929	0	1.432012	0.3264387	145.05	-111.8165	
616	-46.1579	-15.47256	0	0.7287114	0.95246	145.1843	-115.02	
617	-46.86118	-16.64474	0	0.7287114	0.8773388	144.8655	-115.3367	
618	-50.84653	-16.41031	0	0.7287114	1.315169	145.0847	-115.5451	
619	-50.84653	-16.41031	0	0.9631475	0.3350603	144.3311	-114.8417	
620	-50.14322	-14.76929	0	1.900876	-2.660187	140.6778	-112.5723	
621	-51.3154	-16.41031	0	0.7287113	-5.865936	137.8007	-110.898	
622	-53.6597	-17.11359	0	0.7287113	-10.18869	134.7577	-110.0363	
623	-54.59744	-18.75461	0	0.9631474	-13.12738	134.5783	-108.0638	
624	-55.06628	-22.73996	0	0.9631474	-16.33075	134.6615	-106.0033	
625	-55.06628	-25.55316	0	0.7287113	-18.5274	135.9663	-104.9941	
626	-55.30072	-26.95975	0	1.197576	-22.73874	135.9214	-104.5506	
627	-53.89413	-26.95975	0	0.9631474	-28.89523	135.8653	-105.7029	
628	-54.59744	-26.72531	0	0.7287113	-35.94089	136.4401	-107.8634	
629	-49.90881	-26.72531	0	0.9631474	-39.70477	139.073	-111.5482	
630	-47.33005	-26.95975	0	0.7287113	-39.99707	139.5398	-111.7068	
631	-47.56448	-25.55316	0	1.900876	-39.72839	139.2857	-110.5543	
632	-43.57913	-26.72531	0	1.432012	-40.13284	138.6852	-110.6497	
633	-42.64142	-28.1319	0	0.7287114	-41.60483	138.9848	-110.9242	
634	-41.70367	-28.60077	0	0.7287114	-41.4408	139.8685	-112.2649	
635	-41.93811	-29.06964	0	0.7287114	-39.81165	141.4516	-112.4587	
636	-42.17255	-28.83521	0	0.9631475	-39.11197	141.7384	-112.5854	
637	-42.17255	-29.53848	0	1.432012	-39.04495	141.215	-112.5897	
638	-41.2348	-46.18317	0	0.9631474	-39.24338	140.5831	-113.1732	
639	-41.70367	-75.01831	0	0.9631474	-38.86511	140.473	-114.1924	
640	-24.35571	-87.67761	0	0.7287114	-38.84018	140.9765	-115.273	
641	-14.27515	-91.8974	0	0.7287114	-38.91681	141.4384	-115.834	
642	-11.93082	-88.61536	0	1.900876	-38.44302	141.2899	-115.5016	
643	-11.46194	-90.49081	0	1.197576	-38.01846	140.8525	-115.1002	
644	-11.69638	-92.36627	0	0.7287114	-37.71072	140.4388	-114.89	
645	-11.69638	-91.66296	0	0.7287114	-38.03363	140.601	-114.9925	
646	-23.418	-91.19409	0	1.197576	-38.03714	141.1282	-115.7618	
647	-23.418	-89.78751	0	0.7287114	-37.659	141.2083	-115.704	
648	-23.418	-86.50546	0	2.135304	-37.57367	141.197	-115.6669	
649	-22.48026	-90.25638	0	0.7287114	-36.89682	140.6522	-114.3239	
650	-23.418	-94.71057	0	0.9631475	-35.6492	140.0711	-111.6642	
651	-24.82458	-95.88275	0	0.7287114	-34.53876	139.9111	-110.317	
652	-25.52786	-96.35159	0	0.7287114	-34.13251	140.5695	-112.2649	
653	-26.23117	-96.35159	0	7.996107	-33.79291	140.985	-116.4235	
654	-28.34106	-89.55307	0	10.10599	-33.66824	141.0089	-118.9768	
655	-29.27878	-90.72525	0	9.871563	-33.61652	140.9207	-119.2925	
656	-29.27878	-90.72525	0	10.10599	-33.5744	141.1003	-119.8023	
657	-29.27878	-90.72525	0	9.871564	-33.14307	140.8971	-120.7519	
658	-29.04434	-90.72525	0	0.7287119	-31.64044	141.3426	-119.2782	
659	-29.04434	-86.7399	0	2.135305	-30.03781	142.2005	-116.9427	
660	-28.10663	-89.78751	0	1.197576	-29.13663	143.0816	-117.1547	
661	-29.04437	-91.19409	0	0.9631481	-28.89212	143.6841	-117.7423	
662	-28.80994	-95.41388	0	0.9631481	-28.56696	143.889	-119.1029	
663	-25.99673	-97.75821	0	0.728712	-28.5968	144.0025	-120.0988	
664	-23.18356	-98.22705	0	0.9631481	-28.54474	144.3602	-120.3682	
665	-22.94913	-96.11719	0	1.432012	-28.55057	144.5819	-119.8147	
666	-22.24582	-97.52377	0	0.728712	-28.53647	144.6762	-119.4272	
667	-22.71469	-97.0549	0	0.728712	-28.56927	144.6606	-119.1796	
668	-22.71469	-97.28931	0	0.9631481	-28.71539	144.5423	-119.0362	
669	-22.71469	-97.52374	0	0.9631481	-28.74374	144.3492	-118.842	
670	-22.71469	-92.60068	0	1.197577	-28.62103	144.2716	-118.6976	
671	-22.01141	-95.88272	0	1.666441	-28.56635	144.0775	-118.6472	
672	-22.71469	-97.99261	0	0.728712	-28.47809	144.0709	-118.5721	
673	-22.94913	-98.46149	0	0.728712	-28.41632	144.181	-118.5339	
674	-22.94913	-98.46149	0	0.728712	-28.3609	144.2839	-118.5508	
675	-22.71469	-98.46149	0	1.197576	-28.30667	144.241	-118.4731	
676	-22.71469	-95.88272	0	1.197576	-28.29163	144.3298	-118.3034	
677	-22.48026	-97.0549	0	0.7287121	-28.25549	144.2334	-118.2321	
678	-22.94913	-97.28931	0	0.7287121	-28.27405	144.3854	-118.2493	


Angle MV instances
Rotate	7.736237	4.454224	6.095215	2.109894	2.109894	2.578735	2.578735	4.923096	6.564087	11.48715	3.282074	2.109894	3.282043	3.985321	12.42493	11.25272	13.83148	20.63004	12.89377	4.454224	4.923065	3.282043	3.282074	2.34433	2.109894	3.516479	2.813171	2.34433	6.329651	2.578735	2.813202	15.70694	4.923096	2.578735	2.813202	4.68866	4.219788	3.282043	2.109894	4.454224	3.047607	3.985352	4.454224	2.578766	2.109879	8.908447	33.52374	4.68866	3.985352	20.86444	13.12817	3.750916	5.391907	9.846161	3.516479	9.611694	20.3956	4.688643	29.77286	3.516479	4.923096	15.70694	8.205139	18.75455	7.032959	5.860779	4.923096	9.377289	7.032959	8.908386	3.047607	10.54944	33.0549	9.377289	6.095245	2.813171	2.813202	4.688629	4.454193	3.047607	2.344315	9.611714	19.69229	6.798523	2.813202	10.78391	6.095215	6.564087	9.611694	16.41025	3.985352	3.282043	2.109894	3.985352	2.344299	4.688629	2.578766	3.985352	17.34796	10.08057	2.34433	11.72162	2.109894	2.813202	2.813171	
ChildRotate	7.501831	3.282043	4.923065	7.267395	11.01831	9.142853	5.157501	5.157501	4.923065	15.00366	20.63	11.25275	2.578766	2.109894	3.282043	3.282043	2.109894	2.109894	2.34433	2.578766	2.34433	2.578766	2.578766	2.34433	2.813202	8.439545	13.1282	2.109894	4.923065	10.54944	3.985352	7.267395	3.985352	3.516464	2.813171	2.813171	3.516479	15.94138	11.72159	13.36264	6.329681	6.329651	10.08057	5.860809	3.985352	2.34433	3.516479	2.34433	5.626389	6.09523	3.750931	4.92308	11.01828	10.78387	4.219788	2.578735	2.813171	3.516479	3.047607	3.985352	2.109863	3.750916	3.750916	2.109894	2.109863	3.047607	12.4249	20.63	23.20877	15.00363	12.65933	3.282043	16.64468	6.095245	25.78751	8.439568	15.94138	7.267365	5.860809	26.95969	4.219788	33.99265	5.391937	8.673981	3.047638	6.095215	4.454224	2.578766	8.673981	5.860809	13.12818	31.88272	2.34433	2.109894	2.34433	2.578766	5.626343	22.03662	4.454224	2.109894	9.377258	5.626373	5.626373	3.985352	2.344299	2.578735	19.45786	3.282043	5.391929	4.454216	4.68866	4.923065	7.267386	24.14651	9.84613	14.53479	18.75455	6.564109	4.454193	6.564087	17.81683	6.329681	3.750916	2.109863	6.095245	4.923065	3.516479	4.68866	3.282043	4.454193	4.454193	59.78018	9.377279	3.985342	3.282043	11.01832	6.329651	3.985352	2.813202	16.64468	28.83514	12.6593	4.219788	3.282043	3.282043	3.750916	4.454193	6.798523	3.985352	3.047607	4.219788	2.34433	2.109863	4.923065	3.282043	2.109894	2.578766	
RotateInverse	
ChildRotateInverse	2.344322	9.846148	11.95603	12.4249	5.860798	3.282047	2.578751	38.21242	39.15015	30.24172	28.83514	7.032959	5.626366	11.25273	2.578758	19.69229	19.45786	2.813179	9.846138	5.391941	6.329668	5.626366	5.860798	28.83513	35.1648	8.673981	3.516487	2.109886	2.578751	8.205124	3.047615	3.047615	4.454216	5.39193	4.454201	5.157501	8.908409	67.75085	3.51648	6.564094	6.79853	11.25274	9.37728	2.813187	16.64467	16.17581	5.860794	30.24173	29.304	25.08423	48.52742	67.75084	30.47616	17.5824	26.02196	4.21978	24.14649	6.09523	21.56775	6.095238	2.109886	5.626372	4.923075	9.142849	3.985342	2.10989	3.750916	2.578762	10.78387	3.516483	51.80947	64.70322	15.94137	16.41024	5.391937	7.501823	31.88276	20.86445	6.798532	5.626374	3.516479	3.51648	3.516479	2.813179	3.516479	4.454209	3.516481	4.923076	4.219778	4.454208	4.923073	8.908407	13.83149	7.267395	2.109886	9.142852	
Docking x	2.264984	4.974609	7.7323	7.109924	6.180817	5.022919	4.480988	4.152405	2.498932	2.174866	3.838898	3.231293	4.482941	4.929993	4.712006	2.324615	2.822937	3.095306	3.396149	2.120483	2.000916	2.375854	2.404633	2.196503	3.353729	2.648865	2.351501	2.413971	2.560699	5.535309	6.379913	5.849365	3.648987	2.135766	3.734558	2.620636	6.491913	2.288147	2.606476	2.82431	4.449554	2.678406	2.787567	5.349487	2.152557	2.242859	2.611328	3.124664	3.72879	2.494507	2.260895	2.842163	8.004456	4.078766	3.266357	3.367218	2.101746	3.197174	3.044189	4.910797	3.51712	10.40591	12.3566	19.38135	3.061096	9.867523	9.32489	8.364105	3.644653	3.374847	6.313049	9.716125	5.678802	4.194763	3.527618	2.69519	2.55899	2.18042	4.354034	11.38477	11.70041	9.059235	2.319855	4.263855	3.33255	3.639832	2.676941	4.361908	2.533081	2.070496	3.168549	2.571503	3.041229	4.430115	3.678558	11.37677	9.938843	9.565726	3.734736	3.243891	3.69209	4.335467	5.926353	6.911745	6.58148	2.643128	3.092341	3.318737	2.603455	2.884247	2.128798	2.025674	4.26328	3.318668	2.043243	4.877991	2.093048	9.728485	2.211858	2.463693	3.209812	2.619012	7.671535	3.513036	2.668289	4.57668	7.405027	10.08264	6.077806	6.627589	6.82801	5.518549	6.558502	2.249025	2.947403	4.649727	4.146263	4.098341	3.867494	3.650003	2.091697	4.888275	4.521518	3.677689	2.498365	2.977503	4.63386	6.032055	6.661846	7.391479	10.30835	12.50024	6.531128	6.142334	7.853439	4.777588	3.591278	3.132942	3.288925	2.705124	2.626419	2.14204	3.832626	3.181692	2.243797	2.736025	3.839642	3.999274	4.601912	5.218697	4.307767	2.995247	3.20575	4.322754	2.93869	3.203369	2.196655	4.211334	6.156494	7.045654	3.763885	
Docking y	2.873697	4.586202	7.034557	8.183908	11.53789	10.94258	13.93257	12.59951	5.300415	4.231583	3.84581	2.296936	3.935684	2.166893	2.461792	2.308403	2.119507	2.922501	2.183365	3.455856	2.126034	2.13739	2.179733	3.24147	4.233879	4.148598	2.088974	2.190548	3.251362	2.847839	2.543156	3.053917	2.065273	2.842434	2.152893	2.514263	2.268204	3.536751	2.23732	2.637215	3.646942	2.021233	2.47303	3.257996	4.008301	4.514381	4.697487	4.84758	3.480507	2.518501	2.378181	2.001091	4.139053	3.597633	3.772873	3.514267	2.041061	3.716446	2.545303	2.342285	2.863007	5.404083	2.018478	2.553452	2.647232	3.363678	8.766052	6.56514	4.783417	3.309738	2.304901	2.60437	5.282059	5.841446	2.94191	2.463348	3.625214	2.02478	3.044998	2.93309	30.46362	78.41243	4.771309	7.870522	6.041756	2.890892	8.411453	6.528763	5.716553	4.661743	2.070343	2.606773	5.768524	13.38443	12.77367	9.692017	2.842819	2.374802	3.425735	2.512131	3.656693	3.512512	2.350632	2.17778	5.584137	17.44005	16.29284	5.953514	7.82061	2.933182	2.383011	2.324333	4.716461	10.78636	16.40391	13.21336	2.53685	2.680912	4.546017	4.19981	4.870872	4.816216	6.913799	5.882572	4.413021	4.887505	4.637768	2.291351	3.014359	4.18009	2.520555	3.411526	4.858126	5.138462	3.110762	2.5485	2.590047	2.028301	2.186855	4.353934	2.123871	4.70636	3.250427	2.627075	7.903381	4.050873	4.230103	5.706573	2.982819	2.228943	4.017914	4.52417	3.372986	3.841614	7.857208	10.50611	2.32511	2.367256	3.881751	3.016545	2.777395	2.247467	2.455261	2.25943	2.027039	2.802094	3.329559	2.014435	4.507892	4.468506	2.701538	3.27182	4.596375	4.448151	4.192383	5.033173	3.620148	4.237305	16.08212	61.5165	16.31984	18.13862	25.93992	14.26382	6.881821	2.419769	2.438034	2.232941	3.653275	2.877136	3.042953	2.632965	
Docking z	3.412354	3.210968	5.134308	8.381958	10.56735	13.30255	14.94598	17.73465	12.84833	15.73651	10.70749	6.014755	4.406418	2.720078	2.23288	3.527283	2.065964	2.261505	2.189423	2.107544	2.305603	2.930511	4.637329	2.940155	2.706665	4.60379	6.853333	4.61441	2.821472	3.703156	2.264709	6.559204	14.3992	4.726028	6.069305	2.792709	2.416016	3.164108	5.139404	3.558182	8.954605	9.080627	7.378372	2.102692	3.973373	4.086746	4.471451	3.220337	4.787262	4.706818	4.740738	4.303055	7.77739	8.813751	3.518921	4.876007	4.402008	7.070282	2.203064	3.241821	3.926453	2.770142	3.437347	3.781616	2.427002	5.544312	5.027802	3.46814	3.287598	2.428406	2.06282	2.127014	2.674896	2.26416	5.350098	6.616669	2.210297	4.115112	26.13307	19.10396	7.383743	13.63861	338.8773	14.4593	5.860703	2.562424	5.280426	11.56024	343.0092	11.22447	6.495041	33.57153	81.61148	7.455078	14.71805	5.589874	3.575958	5.995728	3.523682	6.787109	3.228636	5.140124	6.973565	14.48105	30.79877	30.64261	18.81967	3.782959	5.144928	14.32904	24.14807	8.957291	8.732727	10.38747	9.050735	3.718414	3.586548	3.323639	4.1008	3.653137	9.025269	15.74109	2.354004	15.87579	8.215851	10.12587	5.890823	10.3315	14.84958	7.57431	3.722168	4.485291	3.155533	2.912628	2.546997	353.7614	7.979492	2.318741	3.504578	2.469391	2.824585	4.288773	4.573486	2.925766	3.7509	5.346191	4.465271	353.3476	2.072311	4.021942	3.310165	5.349731	9.686066	10.17471	2.164902	5.533295	4.780563	8.036209	10.66837	8.003433	20.67265	23.07278	15.83572	18.74191	12.11218	5.546265	4.597473	9.558247	2.262591	3.229844	3.54058	3.136413	3.338018	3.682858	2.832122	2.874331	3.602865	4.071288	3.880169	5.412292	2.658936	2.047638	5.668762	19.31355	67.2664	18.36358	6.838539	2.818314	26.51555	29.67119	344.8013	9.268768	5.938965	6.47168	5.047043	3.462372	2.024231	2.550507	3.864624	7.536575	9.294601	7.4991	4.98848	5.941223	4.493683	2.762192	3.791534	3.203415	2.269363	2.060516	2.160568	3.684799	2.659729	4.158569	2.553284	2.33548	
Total MV Amount	8357.882


Angle TRE instances
Rotate	
ChildRotate	38	89	250	251	337	338	386	406	407	411	561	564	578	580	581	582	
RotateInverse	1	
ChildRotateInverse	1	21	205	216	219	225	230	296	299	303	314	342	347	367	392	393	420	568	579	592	607	653	658	
Docking x	22	23	34	36	176	194	195	197	199	201	206	211	217	219	221	251	256	261	265	276	277	278	292	301	312	315	325	326	341	342	346	357	363	364	627	629	644	645	647	
Docking y	233	240	317	318	344	348	362	363	609	612	615	619	665	669	
Docking z	
Total TRE Count	91


Correct Angles	Rotate	ChildRotate	RotateInverse	ChildRotateInverse	Docking x	Docking y	Docking z
	-110	-38.66983	0	0	-32.77045	149.4647	-66.99084

Angle Error	Rotate	ChildRotate	RotateInverse	ChildRotateInverse	Docking x	Docking y	Docking z
	87.51974	58.38504	0	0.9631482	4.41922	5.016739	51.293

Time Taken	Hours	Minutes	Seconds	Milliseconds	Seconds float	Completion time
	0	0	39	953	39.95292	00h:00m:39s:953ms

Final Results	Tester Name	Time of Test	Dock Shape Style	Virtual Device Visible	Time Taken	Shape Precision %	Orientation Precision %	Overall Precision %	Efficiency %	Difficulty	Total MV	Total TRE	
	1	2018-11-21_13:20:07	Presets_dockPreset_4	False	00h:00m:39s:953ms	79.60168	89.57227	83.52406	25.49103	0.4421065	8357.882	91	
