
Angles Over Time
Frames	Rotate	ChildRotate	RotateInverse	ChildRotateInverse	Docking x	Docking y	Docking z	
0	0.01051094	-0.2343445	0	0.7137274	0.006910316	-0.0002134991	-0.02468872	
1	-0.4441833	0.2344284	0	-0.2097473	0.0076989	-4.87027E-05	-0.008483887	
2	-0.2097473	0.2344284	0	-0.6786194	0.0153977	-9.854527E-05	-0.01696777	
3	0.2591095	0.2344284	0	-0.6786194	0.02309649	-0.0001495282	-0.02545166	
4	0.02467349	0.4688645	0	-0.6786194	0.01460919	-0.0002643697	-0.03317261	
5	0.02467349	0.4688645	0	-0.6786194	0.01382062	-0.0004299713	-0.04934692	
6	0.02467349	0.2344284	0	-0.4441833	0.03000668	-0.0003695336	-0.05014038	
7	-0.2097473	0.2344284	0	-0.9130554	0.07007743	-0.0003061227	-0.06021118	
8	0.2591095	2.668037E-08	0	-0.6786194	0.1348208	-7.339077E-05	-0.06335449	
9	0.02467345	0.2344284	0	-0.6786194	0.0315838	-3.35457E-05	-0.01776123	
10	0.02467345	0.2344284	0	-0.6786194	0.06383724	0.008578802	-0.01937866	
11	-0.2097473	-0.234436	0	0.2591095	0.06383724	0.008578802	-0.01937866	
12	-0.4441833	5.336074E-08	0	0.02467349	0.06383724	0.008578802	-0.01937866	
13	-0.4441833	0.4688645	0	-0.4441833	0.07929138	0.01616884	-0.03646851	
14	-0.2097473	0.2344284	0	-0.6786194	0.05540522	0.01616148	-0.02719116	
15	0.2591094	0.2344284	0	-0.6786194	0.144885	0.0004152073	-0.02328491	
16	0.0246734	0.2344284	0	-0.6786194	0.1202122	0.0002296131	-0.03018188	
17	0.0246734	-0.234436	0	0.7279741	0.1381087	-0.03170776	0.001680774	
18	-0.6786194	5.336074E-08	0	-0.4441833	1.160353	-0.7339172	0.3817458	
19	-0.2097473	-33.52377	0	-0.6786194	3.532456	1.758824	2.257929	
20	0.02467334	-36.10254	0	22.06128	5.759607	3.541884	3.417358	
21	0.02467334	-35.8681	0	55.58506	7.713566	4.252913	5.281079	
22	0.02467334	-36.10254	0	61.91472	10.7802	5.325627	2.812139	
23	0.02467334	-12.65933	0	59.33598	13.79814	4.643698	0.759526	
24	-7.477142	-9.142853	0	63.08689	20.77335	4.821978	-2.053162	
25	-7.711578	-9.84613	0	62.61803	33.24733	6.83111	0.7340544	
26	-7.946014	-9.611694	0	59.57041	47.89442	12.64168	7.85974	
27	-7.946014	-9.611694	0	58.39825	64.63864	32.24973	30.86865	
28	-9.118164	-11.72162	0	64.25905	75.67978	70.54472	69.40839	
29	-11.69693	-13.12817	0	38.9404	79.69572	113.211	110.075	
30	-11.69693	-15.94138	0	72.22974	81.57056	134.449	130.2843	
31	-11.69693	-16.41025	0	73.4019	80.94497	159.3529	154.2218	
32	-11.69693	-16.41025	0	74.33963	79.57408	164.7204	158.7058	
33	-11.69693	-16.17581	0	77.15282	78.17903	167.3462	161.1931	
34	-12.16577	-3.282043	0	78.55941	78.56335	167.7117	159.5733	
35	-18.72989	3.282052	0	81.3726	78.64337	168.2386	159.122	
36	-20.83978	3.750909	0	85.1235	77.7271	170.5509	158.7328	
37	-20.60535	3.985345	0	84.88908	77.59584	170.4517	158.7188	
38	-20.60535	3.750908	0	84.88908	77.52848	169.8059	158.9258	
39	-20.60535	3.51648	0	83.71692	77.56137	170.0104	158.969	
40	-20.37091	3.51648	0	84.65464	77.45272	170.3849	159.2623	
41	-20.37091	3.51648	0	86.06124	77.19501	171.1311	159.5735	
42	-20.37091	3.985344	0	86.76453	76.80394	172.0007	159.3924	
43	-20.37091	4.219772	0	92.15647	75.40686	173.1827	160.1873	
44	-20.60535	3.985344	0	100.3616	73.41924	175.1425	163.1845	
45	-20.60535	3.750908	0	104.5814	71.63321	173.5633	161.0099	
46	-22.94965	3.985344	0	110.6766	68.42839	168.5966	157.6745	
47	-28.81046	3.750908	0	115.3652	66.23824	165.887	156.1643	
48	-32.56137	3.750908	0	116.303	63.79684	163.6197	156.0444	
49	-37.95331	3.750908	0	116.303	60.82412	161.8657	156.9182	
50	-42.1731	3.282051	0	113.7242	58.48763	161.3021	156.4335	
51	-42.1731	3.282051	0	114.8964	55.87615	161.9232	156.0572	
52	-42.64197	3.750908	0	115.5997	53.16936	163.4692	157.9098	
53	-43.34525	3.750908	0	115.3652	52.13827	164.6212	159.5406	
54	-43.57968	3.985344	0	111.8487	53.32078	165.5385	161.7472	
55	-47.09616	3.985344	0	103.1748	53.51933	166.658	167.5417	
56	-56.23901	3.516479	0	86.53009	54.16294	166.656	175.4422	
57	-69.83606	3.516479	0	68.47883	54.49345	163.9444	-174.6731	
58	-87.18402	-6.329681	0	27.68766	54.94384	160.7381	-165.8054	
59	-97.26459	-30.7106	0	31.673	56.1354	157.8717	-159.0326	
60	-100.7811	-51.34061	0	13.62174	57.22819	153.8693	-155.3546	
61	-101.4844	-65.17209	0	0.2591142	60.19667	152.0018	-152.4741	
62	-99.14008	-75.01825	0	-0.2097473	62.9445	152.6854	-148.1044	
63	-100.3122	-77.59698	0	-0.6786194	63.55945	156.2399	-146.7124	
64	-101.2499	-78.76917	0	-0.6786194	63.71487	159.8341	-146.5238	
65	-101.4844	-78.53473	0	-0.6786194	63.26577	159.748	-147.5273	
66	-101.9532	-74.54938	0	-0.6786194	61.86301	160.4087	-149.0521	
67	-101.2499	-67.75085	0	4.010023	60.42666	162.4637	-150.9657	
68	-98.67117	-67.28198	0	7.760938	60.65048	163.4652	-154.5281	
69	-101.0155	-63.53107	0	10.33969	59.95436	162.8509	-156.6159	
70	-101.2499	-61.18677	0	13.15288	59.89145	163.1042	-158.3329	
71	-101.9532	-56.2637	0	16.90378	58.83526	163.0586	-161.0335	
72	-101.4844	-56.02927	0	20.42026	58.49804	162.6608	-163.5954	
73	-101.9532	-55.32596	0	34.95504	58.47589	163.426	-170.2445	
74	-98.43674	-73.37723	0	45.73891	57.01076	163.8858	-179.2424	
75	-83.19867	-101.0402	0	57.22609	56.49674	168.4364	173.508	
76	-63.50638	-101.9779	0	66.60336	56.45743	172.0835	171.654	
77	-61.39648	-101.7435	0	57.46052	56.05533	172.6416	167.5425	
78	-56.23898	-99.86804	0	74.33962	56.40569	174.507	163.8609	
79	-48.50272	-101.0402	0	89.10884	55.751	175.7293	160.2136	
80	-45.92398	-103.1501	0	95.4385	55.02955	176.5762	158.9842	
81	-44.7518	-107.8387	0	95.90736	54.82114	178.0616	160.2451	
82	-44.98624	-113.2307	0	95.90736	55.11749	179.051	160.9796	
83	-44.7518	-121.2014	0	95.90736	55.60134	178.3569	160.1677	
84	-44.28293	-124.249	0	94.03191	55.22643	175.2238	158.5023	
85	-43.34521	-129.6409	0	95.4385	55.37076	176.2043	162.9791	
86	-44.28296	-130.3442	0	93.32861	55.10617	176.6126	165.6272	
87	-44.51736	-130.5786	0	92.39088	54.61046	177.5875	168.0163	
88	-45.92398	-131.7508	0	89.57771	54.06247	177.5828	169.2599	
89	-48.73715	-131.5164	0	85.82678	53.91726	176.7194	171.684	
90	-52.48807	-128.9376	0	79.73156	53.91012	176.4807	175.0961	
91	-54.36353	-130.3442	0	75.98064	54.40644	176.548	177.59	
92	-59.52103	-130.5786	0	68.94769	54.88431	176.5501	-178.4779	
93	-64.20966	-129.6409	0	62.14915	55.71157	177.2907	-174.9525	
94	-69.60159	-130.1098	0	30.9697	55.83378	178.1703	-171.0812	
95	-74.75909	-128.7032	0	23.70231	55.47844	178.107	-167.4555	
96	-75.22797	-132.2197	0	22.99901	54.97207	178.7581	-166.173	
97	-77.10342	-134.3295	0	34.95504	54.13616	178.9535	-165.7458	
98	-77.10342	-135.2673	0	3.306726	53.99661	179.1863	-165.8662	
99	-78.04114	-135.5017	0	48.5521	53.73238	177.854	-168.0642	
100	-78.74445	-135.2673	0	49.48983	53.45214	175.9492	-170.6121	
101	-78.51001	-131.9852	0	49.48983	53.7308	176.2138	-170.0421	
102	-77.33786	-134.564	0	48.5521	53.12994	176.2072	-170.3411	
103	-78.04114	-134.3295	0	45.73891	52.27773	177.0941	-171.7848	
104	-79.68219	-133.8607	0	51.83414	50.03634	176.4168	-177.9641	
105	-82.96423	-134.3295	0	52.53745	49.68671	177.4943	-179.4931	
106	-83.90195	-130.8131	0	53.24074	49.09048	177.1721	-179.034	
107	-85.54297	-133.1574	0	52.77188	47.59745	177.0774	-177.0377	
108	-92.34149	-134.3295	0	52.53745	45.18864	176.7174	-171.6612	
109	-99.14001	-134.7984	0	52.77188	41.46106	176.1487	-171.607	
110	-100.0778	-134.7984	0	52.53746	36.91114	175.4552	-173.8303	
111	-100.3122	-135.5017	0	52.77188	31.15889	175.5423	-174.9705	
112	-100.3122	-132.2197	0	53.47519	30.45251	176.2363	-175.7097	
113	-98.43674	-134.3295	0	54.88177	30.98489	176.1657	-177.1157	
114	-99.14001	-134.0951	0	58.63269	31.01075	176.7378	-177.6365	
115	-99.37445	-134.3295	0	65.43122	31.25233	177.4248	-178.1293	
116	-99.14001	-134.0951	0	66.83781	30.94027	178.3852	-178.0874	
117	-99.14001	-131.0475	0	65.43122	30.71405	178.9101	-178.4044	
118	-96.79572	-133.1574	0	28.6254	29.96456	179.7897	-177.8871	
119	-98.67117	-134.0951	0	64.49348	27.90697	-179.8415	-176.4322	
120	-99.60889	-135.0328	0	64.96235	25.30802	179.81	-175.0157	
121	-100.3122	-135.0328	0	47.37995	24.1334	178.1428	-175.0215	
122	-100.5466	-135.2673	0	49.25541	21.54921	177.4928	-174.4277	
123	-100.3122	-132.923	0	64.72791	19.88036	177.3049	-174.8051	
124	-97.96786	-133.8607	0	71.52644	18.68968	175.9014	179.606	
125	-93.74811	-134.0951	0	84.18577	17.75446	174.6718	167.1119	
126	-80.85434	-134.564	0	89.81213	17.98217	175.0201	159.3699	
127	-74.75909	-134.564	0	94.50078	18.48059	174.6113	157.1705	
128	-74.75909	-131.0475	0	93.32861	18.13179	174.8628	155.957	
129	-70.07047	-132.4541	0	97.31396	17.5783	174.7431	151.6662	
130	-63.97522	-134.3295	0	98.72055	16.03863	175.035	143.2622	
131	-62.3342	-135.5017	0	98.72055	14.20696	173.9794	135.9321	
132	-63.27194	-135.5017	0	98.48611	13.60059	172.28	135.2966	
133	-63.03751	-134.564	0	98.72055	11.03216	171.2979	132.9829	
134	-63.27194	-132.6885	0	98.01725	10.13092	170.9054	134.824	
135	-63.27194	-134.0951	0	89.57771	8.047243	168.9729	141.9298	
136	-70.53934	-134.3295	0	81.13815	4.006866	167.7464	148.5119	
137	-71.00818	-134.3295	0	78.5594	0.5288524	168.9167	151.4646	
138	-71.47705	-134.3295	0	75.51179	-1.899506	170.6203	155.0155	
139	-74.52469	-130.3442	0	74.33963	-3.137238	172.4557	159.6877	
140	-79.91663	-133.3918	0	75.04293	-3.223633	171.9488	166.2769	
141	-91.40378	-133.6262	0	75.74622	0.2372162	172.4893	174.1944	
142	-99.37448	-135.0328	0	75.74622	3.118856	173.1666	176.8697	
143	-100.5466	-135.5017	0	75.98065	4.721379	174.2277	178.5934	
144	-100.7811	-135.7361	0	75.74622	9.392364	175.7228	-175.3948	
145	-100.7811	-132.4541	0	75.27735	22.7552	-178.9538	-165.6518	
146	-99.14001	-134.7984	0	75.51179	22.18142	-177.0374	-164.8572	
147	-100.0778	-134.3295	0	75.74622	18.09763	-177.4838	-164.3611	
148	-100.0778	-134.3295	0	75.74622	15.28274	-174.4631	-161.1743	
149	-100.0778	-134.3295	0	75.51179	11.17835	-174.7301	-159.0688	
150	-100.0778	-130.3442	0	74.80849	6.501921	-175.8009	-159.136	
151	-97.9679	-133.3918	0	78.09054	0.9836869	-176.8783	-161.7014	
152	-100.0778	-133.8607	0	78.79384	-3.07901	-177.2528	-165.571	
153	-100.3122	-135.2673	0	78.79384	-4.683136	-177.4232	-168.6458	
154	-101.2499	-134.7984	0	79.02827	-6.234711	-177.5902	-170.5713	
155	-101.2499	-134.7984	0	78.5594	-7.628296	-178.2803	-172.4161	
156	-101.2499	-132.6885	0	78.32497	-8.461212	-178.6552	-173.4101	
157	-99.14001	-134.564	0	78.79384	-9.749603	-179.4323	-174.2009	
158	-100.0778	-134.564	0	78.55941	-10.67535	179.9805	-174.0967	
159	-100.0778	-133.8607	0	78.55941	-11.75848	179.3983	-174.2025	
160	-100.3122	-134.0951	0	78.55941	-11.59039	178.982	-174.1243	
161	-100.3122	-130.5786	0	77.62168	-11.51215	178.3224	-172.9548	
162	-97.73343	-134.3295	0	78.09055	-11.76495	177.4723	-172.3215	
163	-99.84332	-133.8607	0	78.55941	-10.09485	177.047	-171.1158	
164	-100.5466	-135.0328	0	78.55941	-8.748962	177.2546	-171.9524	
165	-101.2499	-135.5017	0	78.32497	-4.612	178.2167	-170.8567	
166	-101.2499	-135.7361	0	75.98066	-0.7208557	178.1794	-171.476	
167	-100.7811	-132.6885	0	75.74622	2.050941	177.9069	-172.1841	
168	-99.37445	-134.564	0	75.5118	3.961995	177.7144	-172.2686	
169	-100.0778	-135.0328	0	75.5118	4.838147	177.564	-171.6575	
170	-101.0155	-133.8607	0	74.57407	5.289284	177.5081	-170.9978	
171	-100.3122	-134.3295	0	74.1052	5.695154	177.5614	-170.5162	
172	-100.0778	-130.5786	0	72.69862	6.165916	177.6776	-170.9737	
173	-97.96786	-132.923	0	72.69862	5.979668	178.7762	-171.55	
174	-100.3122	-134.564	0	73.16748	3.0632	179.0315	-170.585	
175	-100.3122	-135.5017	0	73.16748	-0.1640625	177.8813	-168.4235	
176	-101.0155	-135.2673	0	73.40192	-3.981934	177.5853	-165.2796	
177	-101.2499	-135.2673	0	73.40192	-6.366791	178.1502	-164.1911	
178	-101.2499	-132.923	0	72.93305	-7.627411	176.8949	-163.4609	
179	-98.90558	-134.564	0	73.40192	-7.864777	176.0064	-162.9312	
180	-100.5466	-133.8607	0	72.22975	-8.364105	175.4955	-162.4166	
181	-100.5466	-134.3295	0	71.76089	-8.620453	175.9164	-165.9812	
182	-99.84332	-134.3295	0	71.52646	-10.13361	176.0458	-169.7894	
183	-99.84332	-130.8131	0	70.82316	-11.21832	176.7256	-173.4007	
184	-97.73343	-134.3295	0	71.76089	-9.889954	176.7409	-174.7067	
185	-100.0778	-134.564	0	71.76089	-9.436523	176.3013	-174.2285	
186	-99.84332	-134.564	0	71.76089	-6.300537	176.0247	-174.2623	
187	-100.5466	-135.5017	0	71.99532	0.7497457	175.1385	-173.3265	
188	-101.0155	-135.2673	0	71.99532	5.545188	175.0221	-172.9251	
189	-101.0155	-132.923	0	71.29202	5.992108	174.8234	-172.3069	
190	-98.67114	-134.3295	0	71.76089	6.849451	176.8353	-171.7171	
191	-100.0778	-135.5017	0	71.99532	7.108021	178.3754	-172.7895	
192	-100.781	-134.3295	0	71.76089	8.129541	-179.9055	-173.6449	
193	-99.84332	-134.3295	0	71.99532	9.498218	-177.7166	-174.1819	
194	-100.0778	-130.8131	0	71.05759	9.206288	-176.2588	-173.4176	
195	-97.26456	-132.923	0	71.52645	8.529656	-174.6691	-172.7148	
196	-100.0778	-134.3296	0	71.99532	7.609779	-173.6987	-172.5763	
197	-100.3122	-135.7361	0	71.76089	6.265388	-173.1799	-172.043	
198	-100.5466	-135.0329	0	71.99532	5.197291	-172.9644	-171.5337	
199	-101.0155	-135.5017	0	71.99532	4.731142	-172.8647	-171.1944	
200	-101.0155	-132.2197	0	71.52646	4.886043	-173.2149	-171.0634	
201	-99.14001	-134.564	0	71.76089	5.098999	-173.2461	-171.0144	
202	-100.3122	-134.3296	0	71.76089	5.202532	-173.3196	-171.0161	
203	-99.84329	-134.3296	0	71.76089	5.472687	-173.5567	-171.1491	
204	-99.60889	-133.8607	0	71.99532	5.540125	-173.812	-171.1474	
205	-100.0777	-130.8131	0	71.05759	5.363773	-173.7403	-171.0554	
206	-97.7334	-133.8607	0	71.76089	5.262511	-173.6915	-171.0701	
207	-100.3122	-134.564	0	71.99532	5.304909	-173.7078	-171.1596	
208	-100.0778	-134.3296	0	71.76089	5.125048	-173.8048	-171.2239	
209	-99.84332	-134.3296	0	71.76089	5.313034	-174.0393	-171.3413	
210	-100.0778	-130.8131	0	71.29202	5.816546	-174.578	-171.0695	
211	-97.96786	-133.1574	0	71.52646	7.514453	-175.063	-170.0344	
212	-99.14001	-134.564	0	71.76089	10.16778	-175.7422	-168.8911	
213	-100.3122	-135.5017	0	71.76089	12.68477	-175.7295	-167.9798	
214	-100.781	-135.5017	0	71.76089	13.76859	-175.0769	-166.8437	
215	-100.781	-135.5017	0	71.76089	15.18281	-174.7031	-165.6842	
216	-101.0155	-132.6885	0	71.52647	19.05201	-175.2269	-165.7986	
217	-99.37445	-134.7984	0	71.76089	22.76563	-175.7305	-166.8036	
218	-100.0778	-134.3296	0	71.76089	27.97833	-178.1859	-170.4184	
219	-100.3122	-133.8607	0	71.76089	32.9538	179.2603	-174.0495	
220	-100.0778	-134.3296	0	71.76089	34.58105	178.4848	-175.2675	
221	-100.3122	-130.8131	0	70.82317	35.98337	177.664	-176.0754	
222	-97.26456	-133.3918	0	71.52647	36.48195	177.2809	-176.4549	
223	-99.37445	-133.8607	0	71.99533	36.31109	177.4531	-176.3695	
224	-100.3122	-135.2673	0	71.76089	36.07388	177.3621	-176.8461	
225	-100.781	-134.3296	0	71.76089	35.94836	176.8226	-177.9633	
226	-100.0778	-134.3296	0	71.76089	36.16825	176.2188	-179.0507	
227	-100.3122	-131.282	0	71.05761	36.38897	175.4604	-179.9039	
228	-97.96786	-133.8607	0	71.99533	36.5163	174.8583	179.1213	
229	-100.0778	-133.8607	0	71.76089	36.50408	174.5481	178.5559	
230	-101.0155	-135.5017	0	71.76089	36.20144	174.5737	178.5345	
231	-101.0155	-135.2673	0	71.76089	36.05136	174.7013	178.5322	
232	-101.0155	-135.0329	0	71.76089	35.54479	175.4133	178.9786	
233	-101.0155	-132.923	0	71.52647	34.77752	177.0836	-179.7091	
234	-99.14001	-134.564	0	71.7609	34.32101	178.3792	-178.4685	
235	-100.3122	-134.564	0	71.99534	33.33496	-179.811	-176.241	
236	-100.0778	-134.564	0	71.7609	32.14268	-177.9421	-174.2963	
237	-99.84332	-134.3296	0	71.7609	31.62834	-177.1006	-173.1254	
238	-99.84332	-130.1098	0	70.82317	31.26026	-176.068	-171.8913	
239	-97.26456	-133.1574	0	71.29204	30.99344	-175.032	-170.9567	
240	-99.60889	-134.3296	0	71.7609	31.01359	-174.3456	-170.6422	
241	-100.0778	-135.0329	0	71.7609	31.22914	-174.1841	-170.5152	
242	-101.0155	-135.5017	0	71.52647	31.12031	-173.9528	-170.4092	
243	-100.5466	-133.8607	0	71.76091	31.2209	-173.812	-170.3568	
244	-100.0778	-129.4065	0	70.82318	31.24636	-173.8113	-170.3307	
245	-99.14001	-134.564	0	71.76091	31.33699	-173.6694	-170.3035	
246	-99.84332	-134.0951	0	71.76091	31.39676	-173.4586	-170.2321	
247	-100.0778	-134.3296	0	71.76091	31.54045	-173.2188	-170.0811	
248	-100.0778	-133.6263	0	71.99535	31.67433	-173.2183	-170.0598	
249	-100.0778	-131.282	0	71.05761	31.75488	-173.1669	-169.9914	
250	-97.26456	-133.8607	0	71.7609	31.91885	-173.1694	-169.9599	
251	-100.0777	-134.3296	0	71.7609	31.97052	-173.2051	-169.9524	
252	-100.3122	-135.5017	0	71.99534	32.00447	-173.2108	-169.9529	
253	-101.0155	-135.2673	0	71.7609	32.04812	-173.2333	-170.017	
254	-101.0155	-135.7362	0	71.7609	32.05099	-173.2946	-170.0861	
255	-100.781	-132.4541	0	71.52647	31.99793	-173.2569	-170.1775	
256	-99.37445	-134.7984	0	71.76091	32.12521	-173.2451	-170.1438	
257	-99.84329	-133.8607	0	71.76091	32.20036	-173.245	-170.1666	
258	-100.3122	-134.3296	0	71.76091	32.27173	-173.1979	-170.1419	


Angle MV instances
Rotate	7.501816	2.578766	6.564117	2.109894	2.344299	5.860809	3.750916	5.391937	4.219788	3.516479	9.142853	13.59705	17.34796	10.08057	3.51651	2.344299	2.578766	2.34433	3.516479	15.23807	19.69229	2.109894	5.157501	7.736267	2.578735	2.813171	3.750916	5.157501	4.688629	5.391937	5.157501	3.282043	6.798523	6.798523	2.344299	2.34433	4.219757	12.89377	6.095245	4.688629	6.095245	7.267395	3.047638	5.391937	11.48715	7.970703	2.109863	2.109863	2.109894	2.578766	2.109894	2.109894	2.344299	2.34433	2.109894	2.34433	2.34433	2.813202	2.813202	2.34433	2.578766	2.109894	3.047607	2.109894	2.344299	2.109894	2.578766	2.34433	2.813202	2.813171	
ChildRotate	33.52377	2.578766	23.44321	3.516479	2.109924	2.813202	12.89377	9.846161	24.38092	20.63	13.83148	9.846161	2.578735	3.985352	6.798523	3.750916	2.344299	4.923065	18.05127	27.66296	2.109894	4.688629	5.391937	7.970703	3.047607	5.391937	2.578751	3.516479	2.109894	3.282043	2.578735	3.516479	2.344315	3.282059	2.109894	3.047607	2.109879	2.344315	3.516479	3.985352	3.047607	3.282043	2.344315	3.985352	3.047607	2.109879	3.516479	3.750916	3.047607	3.750916	2.34433	2.34433	3.516479	3.516479	2.344315	3.516479	2.109909	3.282059	2.34433	3.047623	3.047623	3.516479	2.34433	2.813187	2.109894	3.516464	2.578735	3.047607	2.578751	2.109879	4.219772	3.047623	4.454208	5.157516	2.344315	2.578751	3.282043	2.344315	
RotateInverse	
ChildRotateInverse	22.7399	33.52378	6.329659	2.578743	3.750908	3.047615	5.860802	25.31865	33.28935	2.813187	2.813187	3.750908	5.391945	8.205124	4.219772	6.09523	4.688644	2.578758	3.516479	8.673988	16.64467	18.05126	40.79117	3.98534	18.05126	13.36262	4.688643	3.750915	2.57875	2.813188	3.750906	3.516479	14.53478	10.78387	11.48717	9.377277	9.142845	16.8791	14.76922	6.329659	2.109886	2.813179	3.750923	6.095222	3.750916	7.032959	6.798531	31.17945	7.267389	11.95603	31.64832	45.24538	2.81319	6.09523	3.750912	6.798534	36.80582	35.86809	17.5824	15.47251	6.798523	12.65933	5.626366	4.688644	3.985352	8.439545	8.439552	2.578751	3.047615	3.282051	2.344315	
Docking x	2.372103	2.227151	3.066634	3.017939	6.975207	12.47399	14.64708	16.74422	11.04114	4.015945	3.204819	2.190147	2.441406	2.972717	2.336487	2.611481	2.706795	2.968483	2.747826	2.24139	2.40881	3.727589	4.549919	5.752251	2.057592	2.598951	2.584192	2.56843	2.083678	4.040377	3.478014	3.460849	2.881639	4.670985	13.36284	4.083788	2.814892	4.104385	4.67643	5.518234	4.062697	4.136963	3.891144	2.916468	3.227262	3.817871	2.384857	3.135986	7.050283	4.795442	2.653332	2.516986	3.869195	3.713619	5.212706	4.97547	
Docking y	2.009132	5.810571	19.60805	38.29498	42.66629	21.238	24.90393	5.367432	2.625824	2.312241	4.966751	2.709595	2.267273	2.711578	3.206375	2.866379	4.002411	3.554565	3.594147	2.055054	4.550613	3.64711	3.133148	354.6766	3.020752	2.011887	2.188828	2.455353	
Docking z	2.46894	2.052613	7.125686	23.00891	38.53974	40.66665	20.20927	23.93747	4.483994	2.487335	2.997177	2.174622	3.335403	2.206543	5.794479	7.900558	8.867691	6.772766	3.678009	2.880539	4.36969	3.562424	2.08783	2.700516	2.56192	6.649155	8.997833	352.7503	4.111496	3.681549	3.647293	4.476822	2.648041	2.389145	2.424103	3.412155	2.493851	3.525391	3.871307	3.625732	2.198059	2.547836	6.179245	5.376511	2.223343	354.4112	12.49414	7.74202	2.199371	4.290833	8.404007	7.330032	2.31366	7.105865	6.582047	2.952744	3.550842	4.672256	6.589203	7.91748	2.675308	353.9881	9.742981	3.186798	2.10553	2.565414	3.869553	3.07486	2.161499	3.143951	3.564621	3.808182	3.611313	3.614761	3.631119	2.227509	
Total MV Amount	3829.783


Angle TRE instances
Rotate	107	109	125	126	141	142	
ChildRotate	86	98	101	102	103	109	112	120	123	126	128	131	134	142	145	146	147	153	156	157	159	164	167	168	170	174	178	179	180	185	189	191	192	197	200	201	202	207	208	212	216	217	218	224	225	230	233	234	237	241	243	245	246	252	255	256	257	
RotateInverse	1	
ChildRotateInverse	41	44	56	57	79	80	84	85	86	90	126	129	135	136	
Docking x	111	121	218	221	233	
Docking y	79	119	120	125	126	127	130	131	144	145	158	189	190	192	219	228	232	235	
Docking z	90	92	124	125	142	144	228	233	
Total TRE Count	108


Correct Angles	Rotate	ChildRotate	RotateInverse	ChildRotateInverse	Docking x	Docking y	Docking z
	-90	-129.5327	0	90	30	180	180

Angle Error	Rotate	ChildRotate	RotateInverse	ChildRotateInverse	Docking x	Docking y	Docking z
	10.07773	4.796814	0	18.23909	2.427994	-6.848938	-9.885986

Time Taken	Hours	Minutes	Seconds	Milliseconds	Seconds float	Completion time
	0	0	15	294	15.29392	00h:00m:15s:294ms

Final Results	Tester Name	Time of Test	Dock Shape Style	Virtual Device Visible	Time Taken	Shape Precision %	Orientation Precision %	Overall Precision %	Efficiency %	Difficulty	Total MV	Total TRE	
	1	2018-11-21_13:21:35	Ltd Random	True	00h:00m:15s:294ms	95.40089	96.90094	95.85107	16.37339	0.7772586	3829.783	108	
