
Angles Over Time
Frames	Rotate	ChildRotate	RotateInverse	ChildRotateInverse	Docking x	Docking y	Docking z	
0	-4.920563	-132.2196	0	140.4273	-4.49939	11.15765	62.78176	
1	-4.686157	-131.9852	0	140.6618	-4.49939	11.15765	62.78176	
2	-4.686157	-131.9852	0	140.6618	-4.443695	11.13658	62.78436	
3	-4.686157	-131.9852	0	140.6618	-4.271851	11.07139	62.74818	
4	-4.686157	-129.172	0	137.3797	-3.894073	10.82088	62.59034	
5	-4.920563	-130.813	0	139.4896	-3.307343	9.970033	60.49875	
6	-5.154999	-132.2196	0	140.6618	-2.601227	8.254546	55.75659	
7	-4.686157	-121.9046	0	140.4273	-1.643768	6.306317	47.43108	
8	-4.686157	-83.22333	0	140.6618	-1.882233	4.139678	32.14295	
9	-11.25024	-79.47241	0	140.4273	-3.304718	0.8050283	28.38587	
10	-18.51764	-77.36255	0	139.9585	-0.98349	-1.315674	12.77312	
11	-2.576263	-73.84607	0	140.8962	0.2995604	-4.40799	3.270786	
12	-2.107391	-61.65558	0	140.4273	-0.3248596	-4.256378	2.76984	
13	-2.341827	-30.47614	0	118.1563	-0.5657959	-3.360931	2.400053	
14	-2.107391	-1.406555	0	94.47866	-0.1477966	-3.270721	3.069202	
15	-2.107391	-1.640991	0	2.815748	0.1303721	-3.313568	2.289145	
16	-2.107391	-1.406555	0	0.4714341	0.05621979	-3.342224	2.196149	
17	-1.404083	-1.406555	0	0.002569681	0.4549352	-3.105682	2.067339	
18	-0.9352417	-1.406555	0	0.002569681	0.541139	-3.034851	1.734859	
19	-0.7008057	-1.640991	0	0.002569681	0.4831313	-3.087067	1.771415	
20	-0.9352417	-1.640991	0	0.002569681	0.3097972	-3.062225	1.74208	
21	-0.9352417	-1.640991	0	1.174727	0.1945106	-2.895905	1.65	
22	-1.169678	-1.640991	0	0.236998	0.1889625	-2.515503	1.596668	
23	-0.9352417	-1.640991	0	0.00256964	0.1876887	-1.945984	1.501728	
24	-0.9352417	-1.406555	0	0.00256964	0.2404666	-0.7923584	1.353094	
25	-0.7008057	-1.406555	0	0.00256964	0.2705586	1.052814	1.205452	
26	-0.9352417	-1.640991	0	0.00256964	0.2987729	1.383007	1.166369	
27	-0.9352417	-1.640991	0	1.174727	0.3341431	1.383338	1.129291	
28	-1.169678	-1.406555	0	0.002569651	0.3587329	1.383468	1.096092	
29	-0.9352417	-1.406555	0	0.236998	0.3725423	1.38341	1.06677	


Angle MV instances
Rotate	4.920563	6.564087	7.267395	15.94138	
ChildRotate	132.2196	2.813187	10.315	38.68129	3.750916	2.109863	3.516479	12.19049	31.17944	29.06958	
RotateInverse	
ChildRotateInverse	140.4273	3.282043	2.109879	22.27105	23.67763	91.66291	2.344314	
Docking x	4.49939	2.321228	
Docking y	11.15765	2.166639	3.33465	3.092316	
Docking z	62.78176	2.091591	4.742161	8.325512	15.28812	3.757078	15.61275	9.502339	
Total MV Amount	734.9877


Angle TRE instances
Rotate	1	6	7	9	11	
ChildRotate	15	
RotateInverse	1	
ChildRotateInverse	16	
Docking x	1	
Docking y	9	
Docking z	12	
Total TRE Count	8


Correct Angles	Rotate	ChildRotate	RotateInverse	ChildRotateInverse	Docking x	Docking y	Docking z
	0	-7.080666E-16	0	3.132664E-07	0	0	0

Angle Error	Rotate	ChildRotate	RotateInverse	ChildRotateInverse	Docking x	Docking y	Docking z
	0.9352417	1.406555	0	0.2369977	0.4000031	1.238647	1.034296

Time Taken	Hours	Minutes	Seconds	Milliseconds	Seconds float	Completion time
	0	0	1	760	1.760493	00h:00m:01s:760ms

Final Results	Tester Name	Time of Test	Dock Shape Style	Virtual Device Visible	Time Taken	Shape Precision %	Orientation Precision %	Overall Precision %	Efficiency %	Difficulty	Total MV	Total TRE	
	1	2018-11-21_13:23:49	ZEROING DATA	True	00h:00m:01s:760ms	99.64183	99.57909	99.5832	100	3.480738E-10	734.9877	8	
