
Angles Over Time
Frames	Rotate	ChildRotate	RotateInverse	ChildRotateInverse	Docking x	Docking y	Docking z	
0	-71.97064	-79.94131	0	0.2344214	-65.59662	-177.7706	164.179	
1	-72.20508	-79.94131	0	0.2344214	-66.03601	-177.6327	163.6071	
2	-71.97064	-79.94131	0	-7.016938E-06	-66.1218	-177.6176	163.3704	
3	-72.20508	-79.94131	0	1.406586	-66.3873	-177.2745	162.4422	
4	-72.20508	-79.94131	0	0.7032859	-67.24936	-175.4794	159.3891	
5	-72.20508	-79.94131	0	0.2344215	-69.27271	-170.417	151.2494	
6	-69.39188	-80.41019	0	0.4688576	-72.69714	-154.9326	129.4963	
7	-40.32233	-88.38086	0	-6.830132E-06	-73.41699	-110.0072	66.97491	
8	-3.516479	-77.59698	0	-6.830132E-06	-67.31754	-77.94803	33.73943	
9	-3.282043	-35.8681	0	6.329652	-57.00653	-53.86029	6.707855	
10	-3.985352	7.032959	0	20.86444	-41.52148	-44.15689	-17.66022	
11	-1.641022	7.970688	0	25.08421	-23.88211	-37.56769	-19.82275	
12	-1.17218	7.970688	0	25.55308	-14.32779	-31.89197	-13.55823	
13	-0.9377441	7.970688	0	25.31865	-9.832581	-27.4129	-0.8385315	
14	-13.1282	7.501825	0	26.25638	-11.63855	-26.1301	8.12094	
15	-21.56775	6.329667	0	34.46149	-13.36752	-25.53632	7.175541	
16	-21.56775	7.736252	0	33.75821	-12.14087	-24.60846	10.47011	
17	-21.33331	7.736252	0	42.19776	-13.68381	-24.89941	6.854356	
18	-11.95605	8.205117	0	41.96332	-15.45804	-24.40341	-3.814972	
19	-3.282043	8.205117	0	37.74355	-18.06393	-24.28931	-3.827301	
20	-1.641052	7.736252	0	35.39923	-16.46088	-24.12482	-4.499207	
21	-0.4688721	7.267388	0	31.41388	-14.61154	-22.99088	-3.239685	
22	-0.9377441	7.970689	0	33.75821	-12.7424	-20.91898	-1.135468	
23	-0.7033081	7.736253	0	38.91571	-5.780975	-21.04834	-0.8802185	
24	-0.4688721	7.501826	0	7.501818	5.144273	-19.70279	-1.326874	
25	-0.4688721	7.736253	0	-4.706548E-06	0.04158817	-19.63544	3.177679	
26	-0.4688721	6.564096	0	1.406589	0.688512	-19.34427	2.177588	
27	-1.406616	7.03296	0	0.7032883	0.6023821	-17.0144	1.513827	
28	-0.7033081	7.501824	0	-4.588947E-06	0.3936502	-11.82883	1.432322	
29	-0.234436	7.970688	0	0.4688598	0.5014236	-7.638824	1.281512	
30	-0.234436	7.970688	0	-4.588995E-06	0.4329506	-4.873383	1.207867	
31	0.2344204	7.736252	0	-4.588995E-06	0.2762736	-2.732666	1.223699	
32	-0.234436	6.564095	0	1.406589	0.1736403	-1.330902	1.104708	
33	-1.641052	7.736253	0	0.7032884	0.2094204	-0.5408325	1.099323	
34	-0.234436	7.501825	0	-4.482227E-06	0.4607541	-0.5355225	1.133066	
35	-0.4688721	7.736253	0	0.4688599	0.3840358	-0.6000061	1.005872	
36	-1.568796E-05	7.970688	0	-4.482274E-06	0.3622971	-0.5913391	0.893278	
37	-1.568796E-05	7.267387	0	-4.482274E-06	0.3467457	-0.5918579	0.8729177	
38	-0.4688721	7.267387	0	1.406589	0.3106098	-0.592804	0.842492	
39	-1.17218	7.736252	0	-4.481974E-06	0.3106104	-0.603363	0.8169084	
40	-0.4688721	7.501825	0	0.2344239	0.289794	-0.6040955	0.7812217	
41	-0.234436	7.501825	0	-0.234436	0.2589142	-0.6047668	0.766126	


Angle MV instances
Rotate	71.97064	2.813202	29.06955	36.80585	2.34433	12.19046	8.439545	9.377258	8.674011	
ChildRotate	79.94131	7.970673	10.78387	41.72888	42.90106	
RotateInverse	
ChildRotateInverse	6.329659	14.53479	4.21977	8.205114	8.439552	4.219776	2.344318	3.985346	2.344324	5.157501	31.41389	7.501823	
Docking x	65.59662	2.023346	3.424438	6.099457	10.311	15.48505	17.63937	9.554321	4.495209	2.605896	6.961426	5.102685	
Docking y	177.7706	5.062439	15.48434	44.92546	32.05914	24.08774	9.7034	6.589203	5.67572	4.479065	2.071899	2.329865	5.185577	4.190002	2.765442	2.140717	
Docking z	164.179	3.053146	8.139618	21.75314	62.52139	33.23548	27.03157	24.36807	2.162537	6.264526	12.7197	8.959472	3.29457	3.615756	10.66933	2.104218	
Total MV Amount	1351.597


Angle TRE instances
Rotate	9	14	19	
ChildRotate	
RotateInverse	1	
ChildRotateInverse	1	9	25	
Docking x	26	
Docking y	31	
Docking z	18	
Total TRE Count	8


Correct Angles	Rotate	ChildRotate	RotateInverse	ChildRotateInverse	Docking x	Docking y	Docking z
	-1.33815E-10	-6.055559E-23	0	0	0	0	0

Angle Error	Rotate	ChildRotate	RotateInverse	ChildRotateInverse	Docking x	Docking y	Docking z
	0.234436	7.267388	0	4.455622E-06	0.2483904	0.6052246	0.7354717

Time Taken	Hours	Minutes	Seconds	Milliseconds	Seconds float	Completion time
	0	0	2	455	2.455089	00h:00m:02s:455ms

Final Results	Tester Name	Time of Test	Dock Shape Style	Virtual Device Visible	Time Taken	Shape Precision %	Orientation Precision %	Overall Precision %	Efficiency %	Difficulty	Total MV	Total TRE	
	1	2018-11-21_13:37:04	ZEROING DATA	True	00h:00m:02s:455ms	98.95808	99.75172	99.2785	100	1.486834E-13	1351.597	8	
