
Angles Over Time
Frames	Rotate	ChildRotate	RotateInverse	ChildRotateInverse	Docking x	Docking y	Docking z	
0	-0.922699	1.406653	0	-1.860504	1.366187	-0.1750488	-1.260071	
1	-2.260223	1.87545	0	-1.088074	-0.241333	0.06149912	0.2479089	
2	0.3185256	3.047615	0	-2.260223	-0.2825928	0.06149984	0.4416255	
3	0.552954	3.985345	0	-3.197968	-0.09817505	0.1225084	0.3324255	
4	2.193976	2.578751	0	-3.197968	0.004081236	0.205243	0.4579349	
5	1.021819	3.047616	0	-2.494659	0.1903297	0.3853597	1.304706	
6	0.5529542	-1.406586	0	1.49069	0.7539951	0.6732359	2.03814	
7	-2.494659	1.406594	0	-1.791351	2.633051	1.146071	1.885074	
8	0.7873902	2.578751	0	-2.963531	5.503952	1.623211	-2.027069	
9	1.021819	3.516479	0	-3.197968	8.199626	1.262344	-6.992462	
10	2.193976	3.985344	0	-2.963531	10.27088	-0.8316345	-8.345978	
11	2.66284	3.985344	0	-3.197968	10.31628	-5.443237	-7.57843	
12	2.428412	0.7032929	0	-1.32251	9.860356	-10.03568	-7.684723	
13	0.08408955	2.813179	0	-2.963531	12.58056	-12.99777	-6.568909	
14	1.021818	2.578751	0	-3.197968	15.017	-13.22928	-6.470032	
15	1.490683	-33.99265	0	-3.197968	13.86467	-12.83276	-5.38147	
16	1.490683	-45.71423	0	-3.197968	7.511433	-12.15582	-2.392517	
17	1.490683	-48.99628	0	0.3185257	1.99329	-12.65829	-0.0675354	
18	-1.556946	-42.43219	0	-1.32251	-0.181488	-14.23022	-0.2427063	
19	0.08408932	0.7032908	0	-3.197968	5.379473	-17.11777	-1.48703	
20	1.490683	3.282041	0	-3.197968	12.95364	-19.99634	-1.291931	
21	2.66284	2.813177	0	-3.197968	18.09193	-22.14618	-3.42984	
22	2.66284	1.64102	0	-3.197968	19.91647	-23.47308	-4.250793	
23	1.725111	-1.641022	0	2.42842	18.97707	-27.93686	-6.398926	
24	-2.963531	1.64102	0	-2.963531	19.2556	-32.7402	-15.7189	
25	1.490683	-1.875458	0	-3.197968	18.11542	-36.90308	-28.15152	
26	1.256255	-33.99265	0	-2.729095	14.88284	-38.3046	-29.9259	
27	2.428412	-60.24902	0	-3.197968	13.58328	-40.53735	-31.32352	
28	2.428412	-60.95233	0	-3.197968	14.08996	-42.78253	-27.96188	
29	2.66284	-62.12448	0	-1.556915	12.33267	-42.59494	-25.70096	
30	-0.1503296	-57.43585	0	-3.432373	12.18233	-43.32803	-25.21875	
31	1.490683	-1.17215	0	-2.729095	13.11687	-44.2832	-29.08664	
32	0.552954	2.344319	0	-3.197968	13.59381	-48.733	-34.39221	
33	2.193976	2.344319	0	-3.197968	12.44631	-51.41977	-39.24948	
34	1.959547	-4.219788	0	1.256256	9.855938	-53.57196	-47.74298	
35	-1.088074	-7.736267	0	7.351494	6.682061	-56.01288	-57.85938	
36	0.5529537	-6.329651	0	21.65185	1.385967	-59.77805	-67.46832	
37	2.193975	-5.157501	0	44.15732	-4.106293	-61.94296	-74.46677	
38	3.131704	-4.923065	0	62.91188	-7.262939	-62.95786	-79.33145	
39	2.428411	-6.095245	0	-3.197968	-7.895386	-63.55328	-81.68384	
40	2.193975	-8.908417	0	91.04371	-8.34137	-63.89728	-83.01544	
41	-1.791382	-0.9377136	0	96.90452	-8.426086	-63.84348	-81.3334	
42	2.193975	6.45898E-06	0	99.24883	-7.784546	-63.83423	-78.11072	
43	1.725111	1.172164	0	87.9961	-6.762421	-65.51462	-78.19583	
44	2.66284	0.7032994	0	95.96679	-5.921967	-68.96573	-82.45255	
45	3.131704	0.9377354	0	98.77998	-6.016815	-72.88141	-84.40039	
46	3.131704	-1.406586	0	99.7177	-6.913605	-76.82043	-84.56366	
47	0.3185254	0.2344348	0	99.0144	-8.409882	-80.2854	-85.40103	
48	1.959547	0.2344348	0	98.77997	-10.14444	-83.25812	-85.73108	
49	2.193975	-0.234436	0	99.24883	-12.60489	-85.79382	-86.54071	
50	1.959547	6.470622E-06	0	98.77998	-16.13544	-87.23541	-86.42282	
51	1.725111	-3.282043	0	99.24884	-20.27621	-88.18466	-84.91827	
52	-2.025787	-1.17215	0	100.1866	-23.90445	-89.23834	-82.36212	
53	1.490683	0.4688706	0	99.71771	-26.73792	-90.22638	-80.39328	
54	1.725111	1.4066	0	99.71771	-28.858	-91.75842	-79.46832	
55	3.131705	1.4066	0	99.95213	-30.93185	-93.48273	-78.11121	
56	3.131705	1.875456	0	99.95213	-32.733	-94.50766	-77.95178	
57	2.897276	-1.641022	0	100.1866	-34.05475	-94.41602	-78.77493	
58	0.5529543	0.7032992	0	99.95213	-35.54675	-94.17206	-79.42169	
59	1.490683	6.307903E-06	0	99.95213	-35.49045	-93.95349	-79.85309	
60	1.959547	0.4688707	0	99.95213	-35.06363	-93.54431	-80.52301	
61	1.490683	0.2344347	0	99.7177	-34.59875	-93.29822	-81.2489	
62	1.959548	-2.813171	0	100.6554	-33.94815	-92.81918	-81.52148	
63	-1.088074	-0.234436	0	100.1866	-32.8544	-92.3858	-81.45837	
64	0.3185259	0.9377349	0	99.48326	-32.19901	-92.01978	-81.14215	
65	1.725112	2.109892	0	97.13895	-31.40302	-91.58502	-80.9873	
66	2.66284	1.875456	0	95.02905	-30.39206	-91.05164	-80.51611	
67	2.897276	1.875456	0	94.09132	-29.95001	-90.64447	-80.15167	
68	2.66284	-1.406586	0	94.32575	-29.23578	-90.263	-80.11707	
69	0.3185259	0.7032988	0	93.15359	-28.47607	-89.9205	-79.66895	
70	1.490683	0.4688704	0	91.747	-27.63885	-89.62936	-78.71005	
71	1.490683	0.7032987	0	91.0437	-27.25876	-89.4306	-77.81796	
72	1.725112	5.922943E-06	0	91.0437	-27.26483	-89.25128	-78.14026	
73	1.959548	-2.578735	0	91.747	-27.26495	-89.12527	-78.26523	
74	-1.32251	-0.9377136	0	91.51257	-27.13055	-88.94937	-78.22775	
75	0.3185259	0.7032987	0	90.57484	-27.18661	-88.86963	-78.47781	
76	1.959547	0.4688703	0	90.57484	-27.01193	-88.79208	-78.38959	
77	1.959547	0.7032987	0	90.57484	-26.83923	-88.81897	-78.21631	
78	2.193976	0.7032987	0	90.57484	-26.60065	-88.73935	-78.2597	
79	1.725111	-3.750916	0	91.747	-26.38443	-88.77502	-78.23145	
80	-2.025787	0.4688703	0	90.57484	-26.49484	-88.7782	-78.00354	
81	1.959547	0.4688703	0	90.34042	-26.81714	-88.8287	-78.164	
82	1.256255	1.641027	0	90.10598	-26.96246	-88.93689	-78.29047	
83	3.131705	2.109892	0	90.10598	-27.06732	-88.95081	-78.18823	


Angle MV instances
Rotate	2.344322	2.81317	2.813179	2.344322	2.344315	
ChildRotate	3.282051	2.109886	36.5714	11.72159	3.282043	6.564087	43.13548	2.578751	32.11719	26.25638	4.688629	56.2637	3.516479	2.813171	7.970703	3.28205	2.109894	3.047606	2.578735	2.578741	4.454214	4.219786	
RotateInverse	
ChildRotateInverse	3.516493	6.095238	14.30035	22.50547	18.75456	66.10985	94.24168	5.860809	2.344315	11.25273	7.970688	2.813187	2.344315	2.109894	
Docking x	2.870901	2.695674	2.07125	2.720207	2.436436	6.353239	5.518143	5.560961	7.574163	5.138296	3.232577	2.590368	3.173877	5.296094	5.49226	3.156647	2.460449	3.530548	4.140778	3.628235	2.833466	2.120087	2.073853	
Docking y	4.611603	4.592438	2.962097	2.887543	2.878571	2.149841	4.463776	4.803345	4.162872	2.232758	2.245178	4.449799	2.686768	2.152191	2.440918	3.765167	2.164917	3.451111	3.91568	3.939026	3.464966	2.972717	2.535706	
Docking z	4.965393	2.988953	2.324982	2.137909	2.148132	9.319977	12.43262	3.361633	2.260925	3.867889	5.305573	4.857269	8.4935	10.11639	9.608948	6.998444	4.864685	2.352386	3.222687	4.256714	2.556152	
Total MV Amount	809.0599


Angle TRE instances
Rotate	1	
ChildRotate	1	15	19	26	31	35	38	39	41	
RotateInverse	1	
ChildRotateInverse	43	44	67	
Docking x	53	57	63	
Docking y	49	55	64	
Docking z	
Total TRE Count	17


Correct Angles	Rotate	ChildRotate	RotateInverse	ChildRotateInverse	Docking x	Docking y	Docking z
	-2.408832E-42	0	0	90	-28.74191	-87.23416	-111.7935

Angle Error	Rotate	ChildRotate	RotateInverse	ChildRotateInverse	Docking x	Docking y	Docking z
	3.131705	0.7032984	0	0.1284485	1.59668	1.720581	33.56815

Time Taken	Hours	Minutes	Seconds	Milliseconds	Seconds float	Completion time
	0	0	4	946	4.945638	00h:00m:04s:946ms

Final Results	Tester Name	Time of Test	Dock Shape Style	Virtual Device Visible	Time Taken	Shape Precision %	Orientation Precision %	Overall Precision %	Efficiency %	Difficulty	Total MV	Total TRE	
	0	2018-11-14_10:17:10	Presets_dockPreset_5	True	00h:00m:04s:946ms	99.44952	93.46505	96.75803	92.57258	0.3530774	809.0599	17	
