
Angles Over Time
Frames	Rotate	ChildRotate	RotateInverse	ChildRotateInverse	Docking x	Docking y	Docking z	
0	0.8185269	-0.4688721	0	-0.5880737	-0.1665649	0.4045077	-0.5246887	
1	0.992355	1.87545	0	1.930084	0.01238152	0.1116221	-0.08633423	
2	1.226783	2.109886	0	1.46122	0.1269259	0.1523908	-0.250885	
3	1.695648	0.2344287	0	0.9923551	0.1995144	0.4162004	-0.813324	
4	0.7579187	-3.282043	0	4.74327	0.06590674	0.7355961	-1.331757	
5	-1.586395	0.7032931	0	0.7579266	0.1150539	0.7387998	-1.2146	
6	0.9923548	0.7032931	0	0.992355	0.2399463	0.6464382	-1.07074	
7	1.930084	1.87545	0	0.992355	0.4857466	0.5668289	-0.9984131	
8	1.930084	0.7032929	0	1.226791	0.9067559	0.4447749	-0.8457642	
9	1.695648	2.109886	0	1.695655	1.358149	0.3999399	-0.5395508	
10	1.461219	-0.7033081	0	2.867812	1.800776	0.5815875	-0.3665771	
11	-0.8831177	0.4688568	0	0.5234902	2.496125	0.7653372	0.03916315	
12	0.5234904	0.4688568	0	1.695655	4.742721	0.5962977	1.360753	
13	0.05462603	-0.234436	0	0.7579263	8.213605	-0.3776855	3.194394	
14	0.7579188	0.4688568	0	0.7579263	10.31933	-1.371796	4.701094	
15	0.7579188	-2.578766	0	5.915426	13.5077	-1.843445	6.344779	
16	-2.992981	-1.17218	0	3.571105	15.79452	-1.586121	7.747385	
17	-1.351959	0.4688565	0	0.9923543	18.37763	-0.9971008	12.05323	
18	0.757919	1.87545	0	0.9923543	19.06682	-1.839661	16.99429	
19	1.695648	-8.673981	0	1.930083	20.40089	-1.280762	28.90802	
20	1.46122	-19.92673	0	0.7579261	23.11586	-1.060364	44.57716	
21	-5.102875	-35.16479	0	17.16817	25.18589	-1.344574	52.04095	
22	-8.619354	-41.49448	0	13.41725	26.51117	-1.426239	57.53087	
23	-5.571747	-53.21606	0	16.23044	27.44562	-0.1813354	64.73731	
24	-5.571747	-60.01462	0	14.58942	27.33661	0.8092523	75.87029	
25	-11.19812	-61.18677	0	10.8385	28.10301	2.061071	90.14693	
26	-19.40323	-61.4212	0	13.41725	29.5042	5.274275	94.79203	
27	-19.40323	-62.82779	0	24.90442	30.80986	9.065087	99.42702	
28	-21.74756	-62.12448	0	20.21578	30.88407	14.28383	105.7646	
29	-19.63766	-62.12448	0	24.43555	29.37546	19.82852	112.6913	
30	-19.8721	-61.89008	0	21.62237	27.60232	20.38487	117.3036	
31	-19.40323	-62.12448	0	25.37328	27.11843	18.41005	122.617	
32	-18.93436	-63.99994	0	28.65533	27.36483	15.51369	127.9526	
33	-21.51312	-62.59335	0	25.13885	28.07252	15.35937	132.3087	
34	-21.27869	-63.06223	0	26.31101	27.97182	18.12829	136.5993	
35	-20.57538	-65.64096	0	25.84215	27.77235	19.72165	139.881	
36	-19.16879	-66.81314	0	25.60772	26.37401	20.06013	142.0035	
37	-19.16879	-66.81314	0	31.93738	25.45345	20.16172	142.2358	
38	-19.16879	-67.75085	0	40.1425	25.97645	20.96089	143.0138	
39	-21.74756	-67.28198	0	33.10954	25.38862	20.51923	143.4625	
40	-20.10654	-67.04755	0	31.46852	26.63615	19.6787	145.9215	
41	-21.74756	-67.75085	0	23.02897	27.82613	19.3191	151.8355	
42	-37.68893	-67.75085	0	1.930084	29.29733	18.64857	164.2925	
43	-57.85007	-68.92303	0	5.212135	30.63031	19.08179	175.1896	
44	-65.3519	-66.5787	0	3.805542	30.9034	18.38761	173.9663	
45	-64.41418	-65.64099	0	1.695656	30.25295	17.84462	173.2144	
46	-63.94531	-65.17212	0	1.46122	29.90212	17.54598	172.6876	
47	-63.47647	-65.8754	0	0.7579266	29.71362	17.04166	173.9868	
48	-63.94534	-65.40652	0	1.695656	29.36309	16.56301	174.8911	
49	-64.17975	-64.23438	0	6.149864	29.06795	15.82238	175.3788	
50	-65.8208	-57.90472	0	8.025315	28.85526	15.28518	174.2444	
51	-65.11749	-55.56039	0	7.322022	28.81506	14.81894	173.9609	
52	-65.58636	-54.62268	0	7.322022	28.32325	13.96151	174.4974	
53	-64.88306	-55.09152	0	7.790887	27.95475	13.7714	175.9938	
54	-65.11752	-52.98166	0	11.07294	27.94579	13.81795	176.2301	
55	-65.11752	-53.4505	0	15.29271	27.98769	13.81964	175.5346	
56	-66.28967	-52.51279	0	13.41725	27.95804	13.18029	176.5134	
57	-65.58636	-52.27835	0	13.41725	28.08385	12.22666	176.2559	
58	-65.58636	-52.51279	0	13.18282	28.1847	11.32181	176.1148	
59	-65.35193	-52.27835	0	13.18282	28.58704	10.24064	175.7704	
60	-65.58636	-54.15381	0	16.23044	29.08016	9.519886	175.0028	
61	-66.99298	-52.98166	0	15.05828	29.6191	8.807923	174.7162	
62	-66.28967	-52.27835	0	13.65169	30.69285	7.89978	174.4672	
63	-65.58636	-51.57504	0	13.65169	31.6984	7.145172	173.9241	
64	-64.88309	-52.51279	0	13.41725	32.50581	6.16349	173.6529	
65	-65.11752	-52.04391	0	14.12055	32.57589	5.657115	173.6153	
66	-65.8208	-54.62268	0	18.1059	32.52402	5.35498	173.0043	
67	-67.46185	-53.21606	0	14.82385	32.31384	5.003563	172.6928	
68	-65.5864	-52.27835	0	13.41725	32.25573	4.791	172.4825	
69	-65.35196	-51.57504	0	13.41725	32.47105	4.677982	172.1326	
70	-64.88309	-51.57504	0	14.35498	32.85968	4.530294	172.1837	
71	-65.11752	-51.57504	0	13.88612	33.27096	4.114429	171.6819	
72	-65.11752	-53.21606	0	15.29271	33.42322	3.565941	171.0299	
73	-66.28967	-52.51279	0	13.41725	33.54449	3.229997	170.576	
74	-65.35196	-52.27835	0	13.41725	33.56107	3.132602	169.97	
75	-65.5864	-52.27835	0	13.88612	33.49883	2.854265	169.3771	
76	-65.5864	-52.27835	0	14.35498	33.34137	2.966181	169.4896	
77	-65.82083	-54.15381	0	17.63703	33.45903	2.945419	169.5542	
78	-67.22742	-52.98166	0	15.996	33.44095	3.118882	169.5664	
79	-66.2897	-52.04391	0	15.52714	33.36416	3.661807	169.6547	
80	-65.5864	-52.27835	0	18.80919	32.98928	4.062593	169.5899	
81	-65.11755	-51.80948	0	22.09124	32.97145	4.429384	169.6758	
82	-64.88312	-52.27835	0	23.02897	33.0404	4.624288	170.008	
83	-65.58643	-54.15381	0	25.84215	32.9735	4.660916	169.8	
84	-66.99298	-52.27835	0	23.2634	32.95161	4.86668	170.1196	
85	-65.58643	-52.27835	0	22.5601	33.11006	4.767872	169.9927	
86	-65.58643	-52.04391	0	22.32567	33.28839	5.013661	170.472	
87	-64.88312	-51.57504	0	22.5601	33.20359	4.89656	170.3299	
88	-64.88312	-51.57504	0	23.02897	32.89776	4.711832	169.9402	
89	-65.11755	-53.4505	0	24.20112	32.87701	4.808893	170.0585	
90	-66.0553	-52.27835	0	22.79453	32.63923	5.136289	169.9508	
91	-65.35199	-52.51279	0	22.32566	32.60088	5.329105	170.0887	
92	-65.35199	-52.51279	0	22.32566	32.72607	5.618445	170.3224	
93	-65.35199	-52.51279	0	22.5601	32.5675	5.726412	170.6915	
94	-65.35199	-53.91937	0	24.66999	32.39902	6.099393	170.7578	
95	-66.99301	-51.80948	0	24.90442	32.16219	6.374466	170.4122	
96	-66.0553	-51.1062	0	23.26339	31.99505	6.268158	169.9575	
97	-65.11755	-49.93402	0	23.26339	31.96609	6.315824	169.8438	
98	-64.64868	-49.23074	0	24.20112	31.8923	6.335377	170.0726	
99	-65.11755	-50.40289	0	23.26339	32.00763	6.191936	170.0487	
100	-65.35199	-52.74722	0	27.71759	32.17707	6.020135	170.165	
101	-66.2897	-50.16846	0	23.96668	32.28455	6.097812	170.4984	
102	-65.58643	-50.16846	0	23.49782	32.38883	6.175824	170.7495	
103	-65.35199	-49.93402	0	24.20111	32.54713	6.237043	171.1552	
104	-65.58643	-49.23074	0	23.73225	32.74137	6.222051	171.3712	
105	-65.35199	-49.93402	0	23.96668	32.83961	6.107749	171.3067	
106	-64.88312	-51.1062	0	24.90441	32.78268	6.099141	171.5253	
107	-66.05527	-50.40289	0	23.26338	32.78474	6.29128	171.5147	
108	-65.11755	-49.69958	0	23.73225	32.79752	6.551604	171.6456	
109	-65.35199	-50.40289	0	23.26339	32.81563	6.620267	171.7724	
110	-65.11755	-50.16846	0	23.26339	32.8231	6.5718	171.7049	
111	-65.11755	-52.27835	0	28.18646	32.82381	6.717272	171.8734	
112	-67.46185	-50.63733	0	24.66998	32.73127	6.927403	171.9898	
113	-65.35196	-50.40289	0	23.26339	32.84247	7.026453	172.0237	
114	-65.11755	-49.23071	0	23.26339	32.9076	7.008787	172.0123	
115	-64.41425	-49.23071	0	23.02896	32.8485	6.972974	172.4546	
116	-64.41425	-49.46515	0	23.26339	32.8956	6.985834	172.6962	
117	-64.41425	-50.87173	0	24.90441	32.84929	6.99547	172.7958	


Angle MV instances
Rotate	3.7509	6.564095	3.516479	3.047607	5.626373	8.205109	2.34433	2.109894	2.578766	2.578766	15.94138	20.16113	7.501831	2.344299	2.109894	
ChildRotate	3.516472	3.985337	3.047623	10.54943	11.25275	15.23807	6.329681	11.72159	6.798553	2.578735	2.34433	6.329651	2.34433	2.109863	2.578766	2.109894	2.34433	2.578766	2.109894	
RotateInverse	
ChildRotateInverse	3.750915	3.985344	2.344322	5.1575	2.344321	2.578751	16.41024	3.750916	2.813187	3.750917	2.578751	11.48717	4.688641	4.219774	2.813179	3.750906	3.282051	3.516479	6.329662	8.205124	7.032963	8.439547	21.09889	3.282051	2.109886	4.454208	3.282051	4.219774	3.047616	3.985347	3.282051	3.28205	3.282051	3.282051	2.813177	2.578751	2.109886	4.454206	3.750916	4.923073	3.516478	
Docking x	2.246596	3.470884	2.105722	3.188376	2.286814	2.583109	2.714973	2.070026	
Docking y	3.213204	3.790812	5.21874	5.544693	2.896358	2.768921	
Docking z	4.305849	4.941056	11.91373	15.66914	7.463799	5.489914	7.206444	11.13298	14.27663	4.645103	4.634995	6.337593	6.926712	4.612267	5.313354	5.335609	4.35611	4.290619	3.281723	2.122452	2.458984	5.914001	12.45702	10.89709	
Total MV Amount	594.3165


Angle TRE instances
Rotate	
ChildRotate	36	49	
RotateInverse	1	
ChildRotateInverse	32	38	39	41	83	84	100	101	111	112	
Docking x	
Docking y	
Docking z	1	15	
Total TRE Count	13


Correct Angles	Rotate	ChildRotate	RotateInverse	ChildRotateInverse	Docking x	Docking y	Docking z
	-30	-69.68375	0	30	90	-90	0

Angle Error	Rotate	ChildRotate	RotateInverse	ChildRotateInverse	Docking x	Docking y	Docking z
	35.82086	19.74973	0	6.736616	57.10487	97.02505	172.7357

Time Taken	Hours	Minutes	Seconds	Milliseconds	Seconds float	Completion time
	0	0	6	945	6.944891	00h:00m:06s:945ms

Final Results	Tester Name	Time of Test	Dock Shape Style	Virtual Device Visible	Time Taken	Shape Precision %	Orientation Precision %	Overall Precision %	Efficiency %	Difficulty	Total MV	Total TRE	
	0	2018-11-14_10:10:29	Ltd Random	False	00h:00m:06s:945ms	91.34622	50.0443	69.11327	93.50076	0.3440931	594.3165	13	
