
Angles Over Time
Frames	Rotate	ChildRotate	RotateInverse	ChildRotateInverse	Docking x	Docking y	Docking z	
0	-95.1358	-45.9487	0	137.4208	0.6127714	0.4346434	-100.8944	
1	-95.1358	-45.71426	0	137.4208	0.4211344	0.3274114	-100.405	
2	-95.1358	-47.35529	0	137.4208	0.2891566	0.1818564	-100.2947	
3	-95.60468	-46.18314	0	137.4208	0.1362414	0.006332184	-100.3217	
4	-95.37024	-46.41754	0	137.4208	0.1100171	-0.05059814	-100.1488	
5	-95.37024	-46.18314	0	137.4208	0.5304481	0.01203779	-99.53723	
6	-95.37024	-46.18314	0	137.4208	1.945246	0.5600215	-95.703	
7	-95.37024	-22.27106	0	137.4208	5.477236	4.335569	-89.22864	
8	-96.07355	1.406573	0	137.4208	7.542041	11.63981	-86.19009	
9	-95.60468	2.813166	0	137.4208	4.224604	17.90407	-72.68536	
10	-95.37024	4.219759	0	137.1863	4.50719	22.66037	-64.42487	
11	-94.66696	-9.142853	0	137.1863	4.642305	28.19329	-54.72299	
12	-86.46185	-34.22708	0	137.1863	3.054735	30.19621	-48.54468	
13	-63.72192	-39.61902	0	137.1863	0.1941955	30.46726	-48.70728	
14	-37.69998	-39.15015	0	137.1863	-5.517487	29.23858	-37.60315	
15	-32.77692	-38.6813	0	137.1863	-10.9614	28.78014	-36.99149	
16	-28.32269	-38.6813	0	137.1863	-16.02725	28.27995	-34.27377	
17	-19.64871	-38.91574	0	137.1863	-22.81451	26.62805	-31.26309	
18	-10.97473	-49.69962	0	137.1863	-26.83942	28.1177	-26.37	
19	-13.5535	-50.63733	0	137.1863	-23.85373	28.51655	-18.89581	
20	-9.802582	-43.36993	0	137.1863	-19.56021	25.72599	-16.82883	
21	-2.535187	-25.78754	0	136.0142	-18.62811	22.44194	-15.82471	
22	-0.425293	-11.25275	0	126.4024	-16.21298	21.96627	-19.68417	
23	-0.1908569	1.406568	0	114.9153	-16.70911	20.01923	-20.81747	
24	-0.1908569	-3.51651	0	101.3182	-17.17581	17.614	-18.19083	
25	-2.535187	1.17214	0	56.77613	-15.65063	15.72346	-16.60541	
26	-1.831879	1.17214	0	39.6626	-11.01144	14.40003	-9.36676	
27	-1.831879	-4.454224	0	15.5161	-7.357269	13.67583	-0.8305664	
28	-0.894165	-6.798553	0	-0.4252625	-10.80392	10.15746	10.72973	
29	0.0435679	-4.923096	0	-5.582794	-10.64471	9.394847	14.02596	
30	0.0435679	-0.7033081	0	-3.238464	-5.26828	10.58823	9.884301	
31	-2.769623	1.406568	0	-5.8172	-0.6442566	10.09719	7.112779	
32	-0.894165	1.406568	0	-5.113922	0.9247316	7.894346	6.138233	
33	-1.597443	1.17214	0	-5.582764	2.843569	4.619984	6.12023	
34	-0.894165	0.9377034	0	-5.348358	4.814621	2.160085	5.591979	
35	-1.128601	-1.641052	0	-0.8941345	5.863976	0.2330353	4.645663	
36	-4.879517	-2.539716E-05	0	-3.4729	5.332561	0.2781942	4.123084	
37	-2.535187	1.406568	0	-5.113922	5.223512	0.381245	4.200577	
38	-0.894165	2.813161	0	-4.64505	5.148444	0.2279774	4.244293	
39	-0.425293	2.813161	0	-5.348358	4.844978	0.1365598	4.479508	
40	0.2779963	2.578725	0	-5.113922	4.3857	-0.1160583	4.61659	
41	-0.425293	-0.4689026	0	-3.4729	4.265701	-0.1608276	4.588102	
42	-2.535187	1.641004	0	-5.582794	4.065497	-0.3892212	4.788179	
43	-1.128601	0.7032753	0	-5.113922	3.829446	-0.6436462	4.546215	
44	-1.128601	1.406568	0	-5.8172	3.85294	-1.177277	4.092357	
45	-1.128601	1.406568	0	-4.879486	3.569136	-1.644409	3.48613	
46	-1.363037	-1.406616	0	-2.769592	3.050818	-1.777313	3.534508	
47	-4.176208	-0.2344666	0	-3.4729	2.623713	-1.832489	3.50041	
48	-2.769623	0.9377035	0	-5.582794	1.89557	-1.890564	3.514016	
49	-1.128601	2.578725	0	-5.348358	1.195987	-1.99115	3.38476	
50	0.04356726	2.109861	0	-5.582794	0.7034452	-2.000458	3.426965	
51	0.04356726	1.641004	0	-5.348358	-0.07373047	-2.067108	3.80677	


Angle MV instances
Rotate	95.1358	8.205109	22.73993	26.02194	4.923065	4.454224	8.673981	8.673981	2.578766	3.750916	7.267395	2.109894	2.34433	2.813191	3.750916	2.34433	2.109894	2.813171	
ChildRotate	45.9487	23.91208	23.67763	13.36261	25.08423	5.391937	10.78387	7.267395	17.5824	14.53479	12.65932	4.923078	4.68865	5.626363	2.34433	4.219788	3.047628	
RotateInverse	
ChildRotateInverse	137.4208	9.611717	11.48716	13.59707	44.54208	17.11353	24.14649	15.94137	5.157532	2.34433	2.578735	4.454224	2.578766	2.109894	2.109894	2.109894	
Docking x	3.53199	2.064805	3.317437	2.86054	5.711682	5.443909	5.065857	6.787262	4.024902	2.985687	4.293518	2.415131	4.639191	3.654175	3.446655	5.376434	4.624023	
Docking y	3.775548	7.304237	6.264264	4.756302	5.532921	2.00292	2.790556	3.284052	2.405226	3.51837	2.202843	3.274362	2.459898	
Docking z	100.8944	3.834229	6.474365	3.038544	13.50473	8.260498	9.701874	6.178314	11.10413	2.717712	3.010681	4.893097	7.474182	2.066986	3.859467	2.626648	7.238647	8.536194	11.5603	3.296228	4.141661	2.771522	
Total MV Amount	1080.068


Angle TRE instances
Rotate	22	
ChildRotate	9	11	23	28	29	
RotateInverse	1	
ChildRotateInverse	30	31	35	37	38	39	41	42	45	48	
Docking x	1	7	9	14	31	35	39	
Docking y	1	8	33	
Docking z	35	
Total TRE Count	25


Correct Angles	Rotate	ChildRotate	RotateInverse	ChildRotateInverse	Docking x	Docking y	Docking z
	-1.609444E-13	-1.655049E-28	0	2.595787E-13	0	0	0

Angle Error	Rotate	ChildRotate	RotateInverse	ChildRotateInverse	Docking x	Docking y	Docking z
	1.128601	2.578766	0	0.4252625	0.2319336	2.008575	4.265369

Time Taken	Hours	Minutes	Seconds	Milliseconds	Seconds float	Completion time
	0	0	3	62	3.062382	00h:00m:03s:062ms

Final Results	Tester Name	Time of Test	Dock Shape Style	Virtual Device Visible	Time Taken	Shape Precision %	Orientation Precision %	Overall Precision %	Efficiency %	Difficulty	Total MV	Total TRE	
	0	2018-11-14_10:19:23	ZEROING DATA	True	00h:00m:03s:062ms	99.42603	98.83816	99.15567	100	4.672479E-16	1080.068	25	
