
Angles Over Time
Frames	Rotate	ChildRotate	RotateInverse	ChildRotateInverse	Docking x	Docking y	Docking z	
0	-82.62469	-105.0256	0	87.57296	-9.751678	-110.5659	71.84128	
1	-83.09357	-105.0256	0	87.33852	-9.767456	-110.4441	71.77177	
2	-83.09357	-105.0256	0	87.33852	-9.766266	-110.0034	71.50363	
3	-83.09357	-105.26	0	88.04182	-9.57135	-108.7994	70.62213	
4	-83.79684	-105.0256	0	87.33852	-8.96405	-106.0336	68.90392	
5	-83.32797	-105.0256	0	87.57296	-7.460297	-102.7032	68.11557	
6	-83.56244	-105.0256	0	87.57296	-6.556549	-97.15338	67.79224	
7	-83.56244	-105.0256	0	86.86967	-5.854523	-88.14224	68.32462	
8	-83.32797	-105.4944	0	87.57296	-5.841278	-77.05655	68.3232	
9	-84.26572	-105.26	0	87.1041	-3.634033	-67.75479	65.9985	
10	-83.32797	-105.0256	0	86.16637	-0.6457825	-61.7019	63.0846	
11	-71.84082	-104.7911	0	86.16637	-0.6735229	-60.29086	58.29516	
12	-57.30603	-97.28931	0	85.93194	-5.930664	-55.06006	52.42162	
13	-55.43057	-92.60068	0	86.16637	-8.955078	-47.58469	41.19194	
14	-41.83353	-83.45782	0	86.4008	-4.855713	-43.01151	29.2231	
15	-25.89215	-41.96335	0	70.22499	-2.483307	-39.5921	22.58531	
16	-6.19986	-13.1282	0	60.84771	0.1447647	-36.88647	9.394114	
17	0.1298113	-12.19049	0	58.03453	-0.4944458	-30.74136	10.59076	
18	-0.3390503	-12.42493	0	40.92099	-4.934967	-23.96204	7.967172	
19	0.1298113	-11.95605	0	31.30928	-10.67633	-19.07104	5.849069	
20	0.8331118	-7.501862	0	34.82576	-13.20288	-18.42862	7.328065	
21	-1.980072	-1.641052	0	19.35324	-10.59866	-16.14734	9.989849	
22	-0.3390503	-1.875488	0	15.60233	-6.86734	-9.269806	11.51947	
23	-2.448944	-2.34436	0	14.89904	-3.569611	-2.039032	4.370962	
24	-0.5734863	-1.875488	0	5.05289	-1.666321	0.6650066	2.234739	
25	-0.5734863	-5.391968	0	4.115161	-3.923584	3.089621	4.973804	
26	-4.089966	-3.047638	0	2.47414	-3.486115	3.816513	4.323583	
27	-1.745636	-1.17218	0	0.598682	-1.106232	2.892854	1.024039	
28	-0.3390503	-0.7033386	0	-0.1046143	-0.2905884	1.233161	-1.323914	
29	1.536405	-0.2344666	0	0.1298176	-0.4981995	-0.3327026	-0.2507629	
30	1.301969	-0.2344666	0	0.1298176	-0.7174988	-1.9151	1.391556	
31	1.536405	-3.047638	0	1.770847	0.1453646	-3.345459	1.601689	
32	-1.276794	-1.406616	0	-0.1046143	2.305167	-3.575226	0.6368302	
33	0.1298113	-1.406616	0	0.5986819	2.872157	-3.477844	0.4530285	
34	-0.3390503	-1.17218	0	0.5986819	3.015878	-3.534241	0.5211748	
35	-0.5734863	-1.641052	0	0.1298175	2.451686	-3.540314	0.8030543	


Angle MV instances
Rotate	82.62469	11.48715	14.53479	13.59705	15.94138	19.69229	6.329671	2.109894	3.516479	2.34433	
ChildRotate	105.0256	7.501831	4.688629	9.142853	41.49448	28.83514	4.454193	5.860809	3.516479	2.34433	2.813171	
RotateInverse	
ChildRotateInverse	87.57296	16.17581	9.377281	2.813183	17.11354	9.611706	3.516476	15.47251	3.750916	9.846146	
Docking x	9.751678	2.207245	2.988251	5.257141	3.024414	4.099365	2.372406	2.628072	4.440521	5.741364	2.52655	2.604218	3.731323	3.297729	2.257263	2.379883	2.159803	
Docking y	110.5659	2.765869	3.330383	5.549805	9.011139	11.08569	9.301758	6.052887	5.230804	7.475372	4.573181	3.419403	2.705627	6.145111	6.779327	4.890991	2.281281	6.877533	7.230774	2.424614	
Docking z	71.84128	2.324699	2.913898	4.78944	5.873543	11.22967	11.96885	6.637793	13.19119	2.623593	2.118103	2.661784	7.14851	2.136222	2.739065	3.299544	
Total MV Amount	995.7675


Angle TRE instances
Rotate	18	
ChildRotate	22	25	26	
RotateInverse	1	
ChildRotateInverse	26	
Docking x	10	12	14	19	23	
Docking y	24	
Docking z	24	
Total TRE Count	12


Correct Angles	Rotate	ChildRotate	RotateInverse	ChildRotateInverse	Docking x	Docking y	Docking z
	-4.874082E-09	-2.663946E-19	0	4.874082E-09	0	0	0

Angle Error	Rotate	ChildRotate	RotateInverse	ChildRotateInverse	Docking x	Docking y	Docking z
	0.1046143	1.875488	0	0.1046143	2.298105	3.552399	0.8056126

Time Taken	Hours	Minutes	Seconds	Milliseconds	Seconds float	Completion time
	0	0	2	118	2.117975	00h:00m:02s:118ms

Final Results	Tester Name	Time of Test	Dock Shape Style	Virtual Device Visible	Time Taken	Shape Precision %	Orientation Precision %	Overall Precision %	Efficiency %	Difficulty	Total MV	Total TRE	
	0	2018-11-14_10:18:47	ZEROING DATA	True	00h:00m:02s:118ms	99.71046	99.19296	99.30628	100	1.083129E-11	995.7675	12	
