
Angles Over Time
Frames	Rotate	ChildRotate	RotateInverse	ChildRotateInverse	Docking x	Docking y	Docking z	
0	-0.5424194	4.219745	0	-3.35556	-0.1716919	0.6169365	0.3462968	
1	0.8240306	-0.9377136	0	-0.348114	0.0615885	0.3148198	0.6204578	
2	-0.1137085	-1.406586	0	-0.348114	0.2299525	0.509115	1.090696	
3	-0.1137085	-3.516479	0	4.574946	0.4766688	0.7087235	1.819173	
4	-4.09903	-2.109894	0	1.527331	0.954232	1.1543	3.122463	
5	-0.58255	-0.9377136	0	-0.348114	1.352464	1.916143	4.480646	
6	-0.1137085	-0.4688721	0	-0.58255	2.045079	2.604328	6.247334	
7	0.8240306	-0.9377136	0	-0.348114	2.899674	3.234426	8.349422	
8	0.8240306	1.067181E-07	0	0.3551738	3.486134	3.94342	10.75703	
9	0.3551662	-7.267395	0	4.340518	4.189134	4.85367	13.49159	
10	-1.75473	-5.157501	0	-0.348114	5.242897	4.914021	15.56391	
11	0.1207378	-4.923065	0	-0.113678	5.723999	4.617055	16.22982	
12	-0.1137085	-3.516479	0	-0.348114	6.939485	3.968414	18.65419	
13	1.292895	-3.750916	0	-0.348114	8.258988	3.270723	20.04022	
14	0.8240308	-3.516479	0	0.1207375	8.792522	3.205224	20.71849	
15	0.5896024	-10.08057	0	5.747111	9.469743	3.864293	20.4746	
16	-1.989136	-22.27106	0	4.106082	10.46983	4.47708	21.02911	
17	-0.1137085	-51.80948	0	3.871653	12.41022	5.133266	26.96382	
18	-0.1137085	-86.03656	0	-0.348114	14.45332	7.132055	38.2217	
19	-0.1137085	-99.16473	0	-0.58255	15.38778	8.795046	51.96263	
20	-0.1137085	-99.63361	0	2.699488	16.82652	9.355215	58.62295	
21	-2.92688	-99.63361	0	12.78007	20.15854	9.098209	57.26578	
22	-1.051422	-99.16473	0	16.29655	22.00323	8.925586	57.66831	
23	-0.1137085	-99.16473	0	20.75076	23.9623	9.6197	59.23365	
24	0.8240316	-98.9303	0	21.21962	25.63659	10.14013	59.68131	
25	1.058468	-98.9303	0	22.15735	26.81768	10.53578	60.69139	
26	0.3551671	-99.39917	0	22.86064	27.89582	11.20332	63.08118	
27	-1.285858	-99.16473	0	21.68849	27.9855	11.8297	65.49155	
28	-0.1137085	-99.16473	0	21.92291	27.98657	12.05507	68.16535	
29	-0.348114	-99.16473	0	21.45405	27.99084	12.42672	72.20003	
30	-0.1137085	-99.16473	0	22.39178	27.83475	12.24807	75.0965	
31	-0.1137085	-99.39917	0	31.3002	28.80643	10.87737	71.34732	
32	-2.692444	-99.39917	0	41.14634	29.66141	12.21777	65.25613	
33	-1.285858	-99.16473	0	50.99249	30.0529	14.74681	58.70146	
34	-0.58255	-99.16473	0	55.44669	30.70073	14.96025	52.59769	
35	0.5896032	-99.16473	0	57.08772	30.68437	14.63763	47.8724	
36	0.8240317	-99.16473	0	57.79102	30.74904	15.31171	48.29319	
37	0.8240317	-99.39917	0	58.72875	31.14042	14.79161	47.6483	
38	-1.520294	-99.16473	0	58.25988	32.04729	14.18271	45.01588	
39	-0.348114	-98.9303	0	58.02544	32.47709	14.28274	42.07251	
40	-0.1137085	-99.16473	0	58.25988	32.88534	14.87832	39.56678	
41	-0.58255	-99.16473	0	58.02545	32.48561	14.99216	37.70213	
42	-4.09903	-99.39917	0	58.96317	28.90274	15.20512	36.6749	
43	-35.2785	-99.16473	0	58.96317	25.389	16.48868	39.68714	
44	-58.0184	-99.16473	0	48.8826	24.01899	15.70635	42.13717	
45	-64.81693	-98.9303	0	28.48701	23.32398	13.4264	51.74284	
46	-77.24182	-99.16473	0	19.34417	22.61236	11.7839	59.71301	
47	-78.64841	-99.16473	0	13.48337	20.07985	8.47001	59.76339	
48	-78.414	-99.16473	0	15.12438	18.27402	8.145879	61.48085	
49	-79.58615	-99.16473	0	13.24894	17.90407	10.84015	60.83473	
50	-78.88284	-99.16473	0	13.95223	17.89997	13.24864	62.04277	
51	-79.58615	-99.16473	0	13.95223	18.01911	14.12243	62.09098	
52	-80.99274	-99.16473	0	26.1427	17.17665	13.73175	60.28869	
53	-82.39932	-99.39917	0	38.33315	16.96489	16.51731	59.42942	
54	-86.38467	-99.39917	0	41.38077	18.3077	21.38155	61.37119	
55	-86.85355	-99.16473	0	39.73975	19.81079	24.03147	61.43639	
56	-86.85355	-99.16473	0	39.73975	21.35794	27.08608	61.646	
57	-86.61911	-99.16473	0	39.03646	22.28984	28.03815	59.71057	
58	-86.61911	-99.16473	0	38.33315	22.9066	26.99426	58.90331	
59	-86.61911	-99.39917	0	39.73975	23.01817	27.55345	57.59809	
60	-87.08798	-98.9303	0	52.63351	22.49983	28.53933	54.26633	
61	-87.08798	-97.05484	0	58.25988	21.4444	30.02777	49.10234	
62	-86.85355	-96.8204	0	58.02544	21.81502	30.91006	48.27378	
63	-87.08798	-96.58597	0	58.72874	22.10903	31.53636	47.72938	
64	-87.32242	-96.8204	0	60.83863	22.51738	32.59364	45.06462	
65	-88.26013	-96.58597	0	59.9009	24.63819	37.6891	42.08556	
66	-88.0257	-96.35156	0	58.96317	26.1601	39.97879	41.0701	
67	-88.729	-95.17938	0	58.72873	26.70525	41.3525	38.2161	
68	-90.8389	-92.83508	0	60.13533	27.72713	47.45498	35.34518	
69	-94.12091	-91.89734	0	61.07306	28.13102	49.84455	36.39393	
70	-95.99637	-85.80209	0	66.93386	27.65003	48.14873	32.60772	
71	-96.46524	-78.53473	0	71.15363	27.42554	46.41137	29.75674	
72	-96.23083	-74.08051	0	76.07671	27.10464	44.39159	27.2577	
73	-96.23083	-73.61163	0	77.01443	27.5354	43.85243	25.81644	
74	-96.23083	-73.61163	0	79.35875	28.09705	43.11042	26.64558	
75	-97.16855	-74.54938	0	78.65546	28.37741	42.83692	28.41023	
76	-97.87183	-74.08051	0	72.09136	27.92694	42.67813	30.00036	
77	-98.10626	-74.08051	0	69.27818	24.60994	41.07849	31.54677	
78	-100.9194	-73.61163	0	77.01443	20.63976	38.82403	29.87444	
79	-100.9194	-73.3772	0	79.35875	18.75452	39.26264	28.17929	
80	-100.9194	-75.01825	0	79.59318	18.10587	40.37821	28.01481	
81	-100.9194	-81.58234	0	87.7983	19.00111	42.51299	26.40379	
82	-100.9194	-82.05121	0	93.6591	20.16537	45.08204	25.32094	
83	-100.685	-82.28564	0	93.6591	20.2561	45.23401	25.31489	
84	-100.685	-84.86438	0	95.76899	20.15969	44.85779	24.60766	
85	-99.74731	-86.73984	0	97.17559	20.14171	43.90955	23.39177	
86	-98.3407	-88.84973	0	99.28548	19.41019	41.54094	21.21192	
87	-97.63742	-88.38086	0	99.05104	18.98595	40.26203	19.20682	
88	-97.16855	-88.14642	0	98.58218	18.59695	40.55335	19.3852	
89	-97.16855	-88.14642	0	98.34774	18.43645	40.82287	19.591	
90	-97.16855	-88.14642	0	98.34774	18.09627	40.47136	19.26578	
91	-97.16855	-87.91199	0	98.8166	17.00533	38.67067	17.81248	
92	-97.16855	-88.38086	0	99.75433	14.57417	36.11468	16.30292	
93	-97.40298	-88.38086	0	99.05103	13.26395	36.20824	14.90124	
94	-97.16855	-88.14642	0	99.28546	14.04052	39.39689	14.58561	
95	-97.40298	-88.14642	0	99.05103	15.33149	40.4641	15.51762	
96	-97.16855	-88.38086	0	99.05103	17.09959	40.24594	15.91127	
97	-97.16855	-88.8497	0	100.2232	20.12149	40.30301	16.2037	
98	-97.63742	-88.38086	0	99.51989	21.94557	39.99792	16.31871	
99	-97.40298	-88.38086	0	99.05103	23.29908	38.43956	17.83362	
100	-97.16855	-88.14642	0	99.28545	23.0762	36.87428	18.19985	
101	-97.16855	-88.38083	0	99.05103	20.69143	34.29197	19.25486	
102	-97.16855	-88.14642	0	99.28545	18.68134	31.76722	19.87409	
103	-97.16855	-89.08414	0	100.2232	18.96758	32.70787	20.93308	
104	-97.63742	-88.14642	0	99.05103	19.51656	32.68512	21.9538	
105	-97.16855	-88.38083	0	99.05103	19.90578	32.51417	22.2084	
106	-97.16855	-87.91196	0	99.28546	20.006	32.10262	22.56263	
107	-97.16855	-88.14642	0	99.28546	20.13174	31.01409	23.71497	
108	-97.16855	-87.91196	0	99.5199	20.65625	30.01613	25.112	
109	-97.40298	-88.61526	0	99.5199	22.03319	26.85771	26.28938	
110	-97.40298	-88.38083	0	99.05103	22.97887	25.09541	27.59932	
111	-97.40298	-88.38083	0	99.28546	23.44157	26.24266	28.64756	
112	-97.16855	-88.14639	0	99.28546	24.0425	28.446	30.64974	
113	-97.16855	-88.14639	0	99.28546	24.96531	29.81989	32.17403	
114	-97.16855	-88.8497	0	100.2232	25.76292	28.39881	32.85666	
115	-97.63742	-88.38083	0	100.9265	26.57013	26.46269	33.39545	
116	-97.16855	-88.14639	0	101.6298	27.22763	24.59483	33.97095	
117	-97.40298	-88.14639	0	101.6298	27.31268	24.33788	34.26192	
118	-96.93411	-88.14639	0	101.8642	27.63903	24.10909	34.54198	
119	-97.16855	-88.14639	0	101.8642	27.92037	23.01768	34.81369	
120	-97.16855	-88.8497	0	102.3331	28.13573	22.19423	35.31309	
121	-97.40298	-88.38083	0	101.8642	28.27409	22.38012	36.2472	
122	-97.16855	-88.14639	0	102.0986	28.78609	22.25281	37.23783	
123	-97.16855	-88.14639	0	102.8019	29.28109	21.90067	37.75525	
124	-97.16855	-88.14639	0	104.2085	29.71554	21.49625	38.06136	
125	-97.16855	-87.91196	0	104.6774	30.07911	20.76524	38.4705	
126	-97.16855	-88.38083	0	105.1463	29.91525	21.08426	38.80752	
127	-97.16855	-88.14639	0	104.9118	29.56341	21.84246	39.22598	
128	-97.16855	-88.14639	0	104.6774	29.07388	22.56201	39.50264	
129	-97.16855	-88.3808	0	104.6774	28.60176	23.40013	40.12045	
130	-97.16855	-88.14636	0	104.6774	28.50439	23.65721	40.349	
131	-97.16855	-88.84967	0	105.6151	28.25781	23.90191	40.33516	
132	-97.63742	-88.3808	0	105.1463	28.17516	24.17073	40.44024	
133	-97.40298	-88.3808	0	104.6774	28.01755	24.45526	40.4063	


Angle MV instances
Rotate	3.985321	3.516479	2.813171	2.578735	3.516479	31.17947	22.7399	6.798523	12.4249	3.985352	2.109894	3.282013	2.813171	
ChildRotate	4.219745	5.157459	2.109894	7.267395	2.109894	6.564087	12.19049	29.53842	34.22708	13.12817	2.344299	6.095245	7.267365	4.454224	6.564087	2.578735	2.109894	
RotateInverse	
ChildRotateInverse	3.35556	3.007446	4.92306	3.047615	3.985344	4.688632	5.626374	4.219767	3.282038	10.08058	3.516479	4.454208	8.908415	9.846148	9.846146	4.454205	10.08058	20.39558	9.142845	5.8608	12.19047	12.19045	3.047619	12.89376	5.626366	2.109886	5.860802	4.219772	4.923073	2.344315	6.564095	2.813179	7.736244	2.344322	8.205124	5.860802	2.109886	2.109886	
Docking x	2.043103	3.332027	3.582872	3.513739	2.532511	2.120808	3.316996	3.970182	2.431156	3.021898	2.384775	2.010086	
Docking y	2.529037	2.279957	3.313893	2.694275	2.408484	2.78556	4.864246	2.649918	3.054615	5.095467	2.289684	6.102482	2.389568	2.019787	2.254459	2.134785	2.56905	2.368614	2.555988	3.188648	2.58231	2.524752	3.158413	2.203342	
Docking z	2.102087	2.407612	2.734556	2.072324	2.424376	5.93471	11.25788	13.74093	6.660316	2.389797	2.410362	2.673805	4.034676	2.896469	3.749176	6.091194	6.554665	6.103767	4.725292	2.63242	2.943371	2.505722	3.012241	2.450035	9.605667	7.970173	3.331757	5.163998	2.664761	2.979061	2.853996	2.870918	3.786213	2.850975	2.499039	2.179844	2.005106	2.002172	
Total MV Amount	747.0908


Angle TRE instances
Rotate	55	70	
ChildRotate	68	71	85	
RotateInverse	1	
ChildRotateInverse	82	84	
Docking x	
Docking y	
Docking z	
Total TRE Count	7


Correct Angles	Rotate	ChildRotate	RotateInverse	ChildRotateInverse	Docking x	Docking y	Docking z
	-90	-90	0	90	70.909	77.09576	-12.53958

Angle Error	Rotate	ChildRotate	RotateInverse	ChildRotateInverse	Docking x	Docking y	Docking z
	7.168549	1.853638	0	14.67739	42.90562	52.48689	52.99634

Time Taken	Hours	Minutes	Seconds	Milliseconds	Seconds float	Completion time
	0	0	7	901	7.900826	00h:00m:07s:901ms

Final Results	Tester Name	Time of Test	Dock Shape Style	Virtual Device Visible	Time Taken	Shape Precision %	Orientation Precision %	Overall Precision %	Efficiency %	Difficulty	Total MV	Total TRE	
	0	2018-11-14_10:15:21	Presets_dockPreset_2	False	00h:00m:07s:901ms	96.70839	80.46607	86.34219	91.21128	0.4783826	747.0908	7	
