
Angles Over Time
Frames	Rotate	ChildRotate	RotateInverse	ChildRotateInverse	Docking x	Docking y	Docking z	
0	0.7033837	3.750711	0	-0.9376526	0.184196	-0.03216553	-0.04220581	
1	-0.1923218	-1.244131E-09	0	0.0421161	-0.04492188	-0.129364	-0.004369724	
2	-0.6611633	-3.750916	0	3.324167	-0.2130432	-0.2183228	0.001031491	
3	-3.474365	-1.17215	0	1.448709	-0.2609863	-0.1553955	-0.04412842	
4	-1.364471	-3.685133E-08	0	0.04211614	-0.1027222	0.0143339	0.0008398537	
5	-0.4267578	0.4688644	0	0.04211614	0.1783378	0.1955852	-0.01861572	
6	0.5109806	-0.234436	0	-0.1923218	0.2475008	0.3190677	-0.09094238	
7	-0.4267578	-1.067215E-07	0	-0.1923218	-0.06829834	0.2226096	0.02998482	
8	-0.4267578	-3.047607	0	4.965189	-0.4745789	0.179965	-0.0004679328	
9	-4.177643	0	0	0.2765523	-0.7625122	0.1867665	-0.006164551	
10	-0.8955994	0	0	0.2765523	-0.6502686	0.2762258	0.004883805	
11	-0.6611633	0.9377288	0	0.04211624	-0.3927002	0.4519376	-0.1577759	
12	0.5109811	0.7033005	0	0.04211624	-0.2547913	0.621085	-0.1788635	
13	0.5109811	0.9377288	0	-0.1923218	-0.162262	0.651756	-0.1260071	
14	0.7454171	-1.17215	0	1.683146	0.07621054	0.9649241	-0.1588135	
15	-1.833344	-0.4688721	0	-0.1923218	0.6965919	1.714876	-0.2251892	
16	-0.4267578	0.2344361	0	0.5109807	1.763468	2.148357	-0.999115	
17	-0.8955994	-12.89377	0	30.98714	4.080203	2.572724	-2.01236	
18	-0.6611633	-32.82047	0	53.49262	8.76531	3.508691	0.7870266	
19	-2.771057	-69.15741	0	68.49627	16.25822	2.720208	12.6686	
20	-28.08972	-81.81677	0	83.49991	22.57168	1.508029	24.47333	
21	-60.91022	-82.05121	0	92.64276	25.93024	0.7776417	36.82721	
22	-70.75635	-85.56769	0	91.00174	23.58065	0.393957	36.01202	
23	-71.45966	-90.02188	0	98.73799	22.11178	1.325346	39.45346	
24	-83.41568	-90.02188	0	98.73799	20.28355	1.931248	40.85058	
25	-83.41568	-89.55301	0	98.50356	19.71312	1.181017	37.55864	
26	-82.94681	-89.78745	0	97.09697	21.13717	-0.5091858	35.95435	
27	-83.18124	-90.02188	0	98.73799	21.11236	-0.5952454	35.60638	
28	-83.18124	-89.78745	0	97.09696	20.86519	-0.5916138	35.26358	
29	-83.18124	-90.02188	0	94.98708	19.54177	-0.1522827	35.94174	
30	-83.18124	-89.08417	0	97.56583	18.75824	0.05926115	36.44741	


Angle MV instances
Rotate	2.813202	2.109894	3.750885	3.282043	2.109894	25.31866	32.8205	9.84613	11.95602	
ChildRotate	3.750711	3.750711	3.750916	2.578766	3.047607	3.047607	13.1282	19.9267	36.33694	12.65936	3.516479	4.454193	
RotateInverse	
ChildRotateInverse	3.282051	5.157511	4.688637	30.47616	22.50548	15.00365	15.00364	9.142853	7.736252	2.109879	2.578751	
Docking x	2.316735	4.685107	7.492912	6.313459	3.358561	2.34959	
Docking y	
Docking z	11.88157	11.80473	12.35389	3.441437	3.291939	
Total MV Amount	390.9302


Angle TRE instances
Rotate	
ChildRotate	23	
RotateInverse	1	
ChildRotateInverse	22	23	29	30	
Docking x	
Docking y	
Docking z	
Total TRE Count	5


Correct Angles	Rotate	ChildRotate	RotateInverse	ChildRotateInverse	Docking x	Docking y	Docking z
	-90	-90	0	89.99999	-39.80267	-157.4176	-156.8282

Angle Error	Rotate	ChildRotate	RotateInverse	ChildRotateInverse	Docking x	Docking y	Docking z
	7.287598	0.2125549	0	8.737999	58.28242	157.6268	-166.3634

Time Taken	Hours	Minutes	Seconds	Milliseconds	Seconds float	Completion time
	0	0	1	822	1.822094	00h:00m:01s:822ms

Final Results	Tester Name	Time of Test	Dock Shape Style	Virtual Device Visible	Time Taken	Shape Precision %	Orientation Precision %	Overall Precision %	Efficiency %	Difficulty	Total MV	Total TRE	
	0	2018-11-20_10:09:14	Presets_dockPreset_2	False	00h:00m:01s:822ms	97.7447	40.00182	68.37216	94.63914	0.6933872	390.9302	5	
