
Angles Over Time
Frames	Rotate	ChildRotate	RotateInverse	ChildRotateInverse	Docking x	Docking y	Docking z	
0	-22.97534	-121.6702	0	91.66195	82.45868	-161.2752	161.0988	
1	-24.8508	-122.3735	0	91.19309	82.40377	-164.6117	158.8804	
2	-23.91306	-122.6079	0	91.19309	82.21122	-166.2397	157.9745	
3	-23.91306	-122.6079	0	90.4898	82.27305	-167.9954	156.7681	
4	-24.14749	-122.1391	0	91.42753	82.62323	-170.679	154.7346	
5	-23.91306	-120.498	0	89.08321	82.96355	-174.8045	151.723	
6	-26.25739	-121.6702	0	91.66196	83.65535	177.0148	145.7776	
7	-25.08524	-122.3735	0	90.95867	85.36202	159.2707	132.1357	
8	-23.91306	-123.0768	0	77.12718	86.07504	70.76661	48.3227	
9	-9.14386	-112.9962	0	43.13455	73.37282	26.91909	6.247925	
10	-0.7042847	-89.3186	0	-0.2353821	52.88836	17.25059	8.437629	
11	0.9367238	-41.0256	0	1.640077	34.26624	13.58793	1.793286	
12	-1.407593	-1.641022	0	-0.0009450488	29.64954	8.191684	-9.791656	
13	0.7022954	-1.17215	0	0.4679193	27.51788	4.806861	-8.711609	
14	-0.001005006	-1.875458	0	-0.0009450653	25.3257	0.2317659	-7.464417	
15	0.7022954	-1.17215	0	0.7023477	23.73177	-3.269623	-5.965973	
16	0.2334311	-4.219788	0	1.874513	21.08084	-6.777893	-7.077515	
17	-2.814178	-2.578766	0	1.874513	18.34319	-10.01193	-8.908112	
18	-0.9387207	-1.17215	0	-0.2353821	13.60929	-10.88336	-9.386414	
19	0.7022954	-7.613696E-06	0	-0.2353821	9.842836	-11.06894	-8.363312	
20	1.874453	-1.17215	0	-0.2353821	9.10581	-10.43298	-6.140991	
21	1.405588	-1.641022	0	-0.2353821	8.664361	-10.1615	-2.707672	
22	0.7022955	-4.68866	0	5.390993	8.531882	-10.34647	0.3553493	
23	-3.517487	-1.641022	0	1.640077	7.78432	-10.4548	3.943087	
24	0.4678594	-1.17215	0	0.2334839	7.902014	-10.33792	5.128588	
25	0.233431	-1.875458	0	-0.2353821	8.018351	-10.14197	5.359466	
26	0.9367239	-1.17215	0	0.2334839	8.114732	-10.28076	5.460841	
27	0.4678595	-1.17215	0	0.2334839	8.112951	-10.17917	5.491005	
28	0.2334311	-5.391937	0	4.922129	8.112919	-10.11224	5.660296	
29	-3.048615	-1.875458	0	1.171213	8.236388	-10.0361	5.68763	
30	0.7022954	-1.17218	0	0.4679205	8.290778	-10.23734	5.619939	


Angle MV instances
Rotate	22.97534	2.34433	14.7692	8.439575	3.04761	4.219782	3.985346	3.282046	3.75091	
ChildRotate	121.6702	10.08058	23.67761	48.293	39.38458	3.047638	3.047638	3.047638	4.219788	3.516479	
RotateInverse	
ChildRotateInverse	91.66195	2.344315	2.578743	13.83149	33.99263	43.36993	5.626375	3.750915	4.688645	3.750916	
Docking x	82.45868	12.70222	20.48446	18.62212	4.616699	2.131659	2.192184	2.650923	2.737654	4.733906	3.766449	
Docking y	161.2752	3.336517	2.68367	4.125458	351.8193	17.74413	88.50411	43.84752	9.668495	3.662663	5.396244	3.384823	4.575095	3.501389	3.50827	3.234039	
Docking z	161.0988	2.218399	2.033493	3.011581	5.94545	13.64185	83.813	42.07478	2.189704	6.644342	11.58494	2.222321	3.433319	3.063021	3.587738	
Total MV Amount	1746.322


Angle TRE instances
Rotate	11	
ChildRotate	13	28	29	
RotateInverse	1	
ChildRotateInverse	11	22	23	
Docking x	
Docking y	14	16	
Docking z	21	24	
Total TRE Count	11


Correct Angles	Rotate	ChildRotate	RotateInverse	ChildRotateInverse	Docking x	Docking y	Docking z
	-1.209555E-07	-2.314588E-16	0	4.050565E-08	0	0	0

Angle Error	Rotate	ChildRotate	RotateInverse	ChildRotateInverse	Docking x	Docking y	Docking z
	0.4678595	0.9377441	0	0.0009439598	8.265748	10.25293	5.540302

Time Taken	Hours	Minutes	Seconds	Milliseconds	Seconds float	Completion time
	0	0	1	825	1.824751	00h:00m:01s:825ms

Final Results	Tester Name	Time of Test	Dock Shape Style	Virtual Device Visible	Time Taken	Shape Precision %	Orientation Precision %	Overall Precision %	Efficiency %	Difficulty	Total MV	Total TRE	
	0	2018-11-20_10:12:04	ZEROING DATA	True	00h:00m:01s:825ms	99.80465	97.07533	97.97893	100	1.794013E-10	1746.322	11	
