
Angles Over Time
Frames	Rotate	ChildRotate	RotateInverse	ChildRotateInverse	Docking x	Docking y	Docking z	
0	0.5715445	-0.9377441	0	0.3370996	-0.01095581	0.123696	0.07199783	
1	-0.3064575	-0.234436	0	-0.3064575	0.03020614	-0.01831055	-0.1168213	
2	-0.3064575	-3.985352	0	4.616623	0.2670367	0.2892855	0.1776669	
3	-3.822937	-1.406586	0	1.569	0.6722698	0.630097	0.2327099	
4	-0.5408936	-0.234436	0	-0.5408936	0.3918835	0.762495	-0.3930969	
5	-0.07202148	0.9377291	0	0.1624147	0.58283	0.8134354	-0.242157	
6	0.8657075	1.172158	0	-0.3064575	1.019951	0.6505551	0.5419921	
7	1.334572	-0.9377136	0	-0.5408936	2.465304	-0.2416992	1.973342	
8	-0.07202148	-4.454193	0	6.023209	4.536576	-0.153595	2.274745	
9	-5.229523	-0.7032776	0	-0.7752991	9.38295	-3.00119	0.4824379	
10	-0.07202148	-1.641022	0	-0.5408936	15.62069	-9.62088	-3.91745	
11	-3.354065	1.067108E-07	0	0.1624146	21.85943	-19.03085	1.878752	
12	-47.19287	-0.4688721	0	29.23198	26.88917	-34.71976	5.787642	
13	-86.10858	-23.44321	0	-0.7753296	23.31996	-52.67838	33.75974	
14	-110.4895	-28.13184	0	1.568999	17.9769	-62.82108	37.23637	
15	-109.7862	-26.49081	0	-0.7753296	16.83947	-63.78806	35.96821	
16	-110.0206	-26.95969	0	-0.7753296	18.86822	-64.79755	36.65446	
17	-110.2551	-26.95969	0	0.1624133	20.14218	-68.71973	37.74402	
18	-110.0206	-26.95969	0	-0.5408936	20.01579	-70.07736	38.99762	
19	-110.0206	-37.27469	0	4.147758	20.59588	-71.96826	43.03112	
20	-109.0829	-53.68494	0	1.568999	20.38877	-73.66385	50.18689	
21	-109.5518	-59.78015	0	-0.5408936	18.99593	-79.91394	57.12652	
22	-109.0829	-64.70325	0	13.75947	14.57216	-87.86273	60.32905	
23	-109.5518	-64.70325	0	27.59096	9.955987	-94.246	57.41883	
24	-109.5518	-64.70325	0	32.04517	8.832621	-98.0351	54.97766	
25	-109.5518	-65.17209	0	33.68619	9.617525	-97.4679	55.19123	
26	-108.614	-64.93765	0	36.26494	13.89011	-97.49042	52.5505	
27	-109.0829	-64.93765	0	44.0012	16.14598	-98.99124	48.82428	
28	-110.7239	-64.93765	0	48.45541	16.53929	-100.0265	45.85746	
29	-112.8338	-64.70325	0	51.26859	16.37133	-100.5677	45.34588	
30	-112.5994	-65.40652	0	58.06711	16.72374	-101.1255	43.04965	
31	-111.4272	-64.46881	0	62.28689	16.91229	-101.9369	40.18959	
32	-112.365	-63.53107	0	70.72644	16.28618	-102.4826	35.89841	
33	-112.365	-62.35892	0	71.66417	16.31326	-103.5147	32.55457	
34	-112.8338	-62.12448	0	71.66417	14.83385	-102.5634	32.92181	
35	-112.8338	-62.35892	0	67.20996	13.93796	-101.1245	34.8073	
36	-112.5994	-58.84244	0	58.06711	12.57092	-98.80157	37.54122	
37	-111.8961	-42.90106	0	47.04881	12.11787	-96.33319	38.51639	
38	-112.1305	-8.439575	0	29.70084	11.73758	-94.44659	38.01166	
39	-112.1305	-0.234436	0	3.444452	9.997423	-93.02353	38.90852	
40	-112.5994	0.2344194	0	-0.5408936	9.498002	-93.1535	40.32593	
41	-112.5994	-4.454224	0	4.382181	10.5294	-92.60568	37.97987	
42	-111.8961	-10.31503	0	1.80343	10.74854	-92.34598	37.70322	
43	-114.4748	-18.75458	0	-0.5408936	10.96306	-92.39606	37.09076	
44	-121.0389	-23.20877	0	-0.3064575	9.278396	-92.8378	33.51146	
45	-123.3832	-42.43219	0	-0.3064575	7.855019	-93.03351	34.1536	
46	-123.1488	-76.42484	0	0.1624085	5.145231	-94.28125	31.23141	
47	-107.4419	-78.76917	0	2.272295	5.381382	-96.27353	24.23599	
48	-102.2844	-80.41019	0	17.27594	8.329524	-97.85577	4.590409	
49	-84.46753	-81.3479	0	43.76676	8.874448	-100.7351	-20.46274	
50	-65.47852	-81.58234	0	64.16235	5.977082	-103.3837	-36.88342	
51	-53.28809	-82.05121	0	66.27222	0.2684889	-107.2035	-41.82425	
52	-52.81921	-83.22339	0	68.14769	-4.72229	-109.8777	-38.23868	
53	-54.46024	-83.22339	0	67.4444	-5.599121	-108.942	-34.87201	
54	-53.52249	-83.69226	0	66.27222	-4.793945	-107.7123	-33.29321	
55	-52.81921	-83.45782	0	66.27222	-6.762726	-107.6661	-32.5408	
56	-52.58478	-83.45782	0	66.50666	-8.641327	-109.1397	-32.41006	
57	-52.35034	-83.45782	0	66.27222	-11.1402	-110.9509	-31.62408	
58	-52.35034	-83.69226	0	67.44439	-11.48431	-111.3869	-30.85443	
59	-53.75693	-83.69226	0	66.27222	-10.06653	-110.7441	-30.1041	
60	-52.81921	-83.69226	0	66.27222	-9.354492	-110.8863	-29.71155	
61	-52.81921	-83.69226	0	66.0378	-9.797424	-111.4185	-29.56116	
62	-52.81921	-83.69226	0	66.0378	-10.17651	-111.6659	-29.46289	


Angle MV instances
Rotate	3.516479	3.282043	5.157501	5.157501	3.282043	43.83881	38.91571	24.38092	2.109879	2.578735	6.564117	2.344299	15.70695	5.157501	17.81683	18.98901	12.19043	
ChildRotate	3.750916	2.578766	3.516479	3.750916	22.97433	4.688629	10.315	16.41025	6.095215	4.923096	3.516479	15.94138	34.46149	8.205139	4.688643	5.860809	8.439545	4.454193	19.22342	33.99265	2.34433	
RotateInverse	
ChildRotateInverse	4.92308	3.047622	6.564102	6.798508	29.06956	30.00731	4.688651	2.578758	14.30036	13.83149	4.45421	2.578754	7.736256	4.454212	2.813175	6.798523	4.21978	8.439552	4.454208	9.142853	11.0183	17.34797	26.25639	3.985345	4.923075	2.578751	2.109886	15.00364	26.49082	20.39559	2.109879	
Docking x	2.071272	4.846374	6.237742	6.238734	5.029741	3.569208	5.34306	2.028746	4.423769	4.616174	4.272582	2.255876	2.709788	2.948143	2.897366	5.708593	4.990779	2.498871	
Docking y	2.847595	6.61969	9.409973	15.6889	17.95862	10.1427	3.92218	6.250092	7.948792	6.38327	3.789093	2.322968	2.468384	2.879364	2.64859	3.819794	2.674194	
Docking z	4.399888	5.796202	3.90889	27.97209	3.476635	4.033497	7.155777	6.939625	3.202534	2.910225	2.44117	2.640736	3.726215	2.966824	2.29623	2.860054	4.291183	3.343842	2.733921	2.346058	3.579308	2.922194	6.995415	19.64558	25.05315	16.42068	4.940826	3.585571	3.366669	
Total MV Amount	1100.653


Angle TRE instances
Rotate	15	44	47	48	
ChildRotate	
RotateInverse	1	
ChildRotateInverse	1	8	9	12	13	22	39	48	
Docking x	
Docking y	15	19	
Docking z	
Total TRE Count	13


Correct Angles	Rotate	ChildRotate	RotateInverse	ChildRotateInverse	Docking x	Docking y	Docking z
	-110	-37.39157	0	4.12127E-35	-55.62854	-66.90921	-62.87326

Angle Error	Rotate	ChildRotate	RotateInverse	ChildRotateInverse	Docking x	Docking y	Docking z
	57.18079	46.30069	0	67.67883	46.0416	44.76541	33.55997

Time Taken	Hours	Minutes	Seconds	Milliseconds	Seconds float	Completion time
	0	0	3	713	3.712917	00h:00m:03s:713ms

Final Results	Tester Name	Time of Test	Dock Shape Style	Virtual Device Visible	Time Taken	Shape Precision %	Orientation Precision %	Overall Precision %	Efficiency %	Difficulty	Total MV	Total TRE	
	0	2018-11-20_10:11:14	Presets_dockPreset_4	False	00h:00m:03s:713ms	76.22774	85.4953	76.54546	92.33835	0.3697807	1100.653	13	
