
Angles Over Time
Frames	Rotate	ChildRotate	RotateInverse	ChildRotateInverse	Docking x	Docking y	Docking z	
0	-6.096161	-123.3112	0	108.7755	-16.18811	-13.75256	7.046059	
1	-4.220703	-123.3112	0	108.5411	-16.13589	-14.33002	7.572764	
2	-4.455139	-123.3112	0	108.5411	-16.03595	-14.54254	7.808882	
3	-4.220703	-122.1391	0	109.01	-16.07919	-14.6489	7.91273	
4	-7.971619	-123.0768	0	108.7755	-16.1004	-15.10916	8.3478	
5	-6.799438	-122.8423	0	108.5411	-15.92734	-15.39029	8.858649	
6	-5.861725	-122.8423	0	108.5411	-15.70221	-15.72623	9.2241	
7	-6.096161	-122.8423	0	108.7755	-15.5228	-15.84174	9.546776	
8	-5.627289	-121.4358	0	108.5411	-14.56061	-15.66199	10.29021	
9	-10.55035	-122.3735	0	106.4312	-13.59708	-15.22623	10.76687	
10	-7.502747	-122.8423	0	105.0246	-11.95099	-14.53488	11.12119	
11	-6.096161	-103.3845	0	94.47519	-10.2341	-14.26263	10.14769	
12	-2.814117	-70.79846	0	62.35802	-10.42325	-14.16916	8.707539	
13	-2.110809	-16.87909	0	27.66208	-16.15356	-14.85272	5.876262	
14	-2.110809	-3.985321	0	2.108986	-28.51089	-16.03876	1.016304	
15	-4.220703	-1.641022	0	-0.2353516	-28.35315	-15.65186	0.9255115	
16	-2.110809	-1.875427	0	-0.0009005988	-30.40945	-17.17905	2.239392	
17	-2.345245	-2.578735	0	-0.4697571	-29.77023	-17.73599	3.673064	
18	-1.876373	-2.344299	0	-0.4697571	-25.85724	-17.51096	4.893307	
19	-2.110809	-7.501801	0	3.28115	-19.02606	-16.51376	6.176922	
20	-7.033875	-4.688629	0	2.57785	-9.749268	-14.52173	8.097454	
21	-3.986267	-2.344299	0	-0.0009007595	0.7853141	-12.21915	8.933122	
22	-2.345245	-0.7032776	0	-0.2353516	5.774305	-10.51062	8.30692	
23	-0.7042236	-0.9377136	0	-0.2353516	6.801798	-9.380524	6.12679	
24	-0.4697876	-1.17215	0	-0.0009007588	8.214694	-8.072998	3.670789	
25	-0.9386597	-4.923065	0	5.391037	6.15242	-7.230865	1.685286	
26	-4.455139	-2.109863	0	-0.2353516	3.67636	-6.398773	1.058325	
27	-2.345245	-2.578735	0	-0.2353516	3.334852	-5.407318	0.2169611	
28	-2.345245	-2.109863	0	0.467963	3.580193	-4.695801	0.1242454	
29	-3.282959	-2.344299	0	-0.2353516	4.312699	-3.849457	0.4984913	
30	-2.579681	-1.406586	0	-0.0009013992	5.102357	-2.914246	0.7793175	
31	-0.9386597	-4.219757	0	3.515578	5.747024	-1.594208	0.6684517	
32	-5.392853	-2.109863	0	-0.2353516	6.015994	-0.3742676	-0.09396362	
33	-2.110809	-2.813171	0	-0.4697571	6.335468	0.4818884	-0.6969299	
34	-2.110809	-2.344299	0	0.7023917	6.565302	1.181073	-0.8136292	
35	-3.048553	-2.109863	0	0.4679633	7.053498	1.727218	-0.6370544	
36	-3.048553	-8.908417	0	5.8599	7.309172	2.050869	-0.4065857	
37	-7.737183	-4.219757	0	3.515578	7.185325	2.159324	-0.2592773	
38	-4.689575	-1.875427	0	-0.4697571	7.206378	2.693242	-0.6043091	
39	-2.110809	-1.406586	0	-0.2353516	7.336087	2.999735	-0.8512878	
40	-0.2353516	-2.344299	0	-0.2353516	7.515144	3.244651	-1.12973	
41	-2.345245	-2.344299	0	-0.2353516	7.624944	3.46208	-1.272705	
42	-2.110809	-7.501801	0	8.204217	7.777879	3.744833	-1.459015	
43	-8.909332	-2.813171	0	2.812286	7.927721	3.848717	-1.448792	
44	-3.048553	-2.344299	0	-0.4697571	8.034679	4.024344	-1.622345	
45	-2.345245	-2.344299	0	0.233528	8.104035	4.103466	-1.795471	


Angle MV instances
Rotate	6.096161	3.750916	4.923065	3.047607	3.282043	2.109894	2.109894	4.923065	3.047607	3.516479	2.109894	4.454193	3.282043	4.688629	3.047607	2.578766	2.109894	6.798523	5.860779	
ChildRotate	123.3112	19.45786	32.58603	53.91937	12.89377	2.344299	5.157501	2.813171	2.34433	3.750916	2.813202	2.813171	2.109894	6.798553	4.68866	2.34433	5.157501	4.688629	
RotateInverse	
ChildRotateInverse	108.7755	2.109886	10.54944	32.11717	34.69594	25.55309	3.750907	2.578751	5.391937	5.626388	3.51648	3.75093	5.391937	2.344322	3.985335	8.439569	5.391931	3.282043	
Docking x	16.18811	5.730316	12.35733	2.056305	3.912994	6.831177	9.276794	10.53458	4.988991	2.062274	2.47606	
Docking y	13.75256	2.302582	
Docking z	7.046059	2.831277	4.859958	2.18013	2.456001	
Total MV Amount	740.8245


Angle TRE instances
Rotate	2	4	12	20	21	32	33	37	38	43	44	
ChildRotate	15	19	20	36	37	42	43	
RotateInverse	1	
ChildRotateInverse	15	25	26	36	37	42	43	
Docking x	26	30	
Docking y	29	
Docking z	15	19	24	
Total TRE Count	31


Correct Angles	Rotate	ChildRotate	RotateInverse	ChildRotateInverse	Docking x	Docking y	Docking z
	-2.830097E-12	-9.510434E-25	0	1.396512E-11	0	0	0

Angle Error	Rotate	ChildRotate	RotateInverse	ChildRotateInverse	Docking x	Docking y	Docking z
	2.579681	1.406586	0	0.2353516	8.118817	4.182364	1.868347

Time Taken	Hours	Minutes	Seconds	Milliseconds	Seconds float	Completion time
	0	0	2	708	2.708198	00h:00m:02s:708ms

Final Results	Tester Name	Time of Test	Dock Shape Style	Virtual Device Visible	Time Taken	Shape Precision %	Orientation Precision %	Overall Precision %	Efficiency %	Difficulty	Total MV	Total TRE	
	0	2018-11-20_10:12:44	ZEROING DATA	True	00h:00m:02s:708ms	99.41367	98.8795	98.54038	100	1.866136E-14	740.8245	31	
