
Angles Over Time
Frames	Rotate	ChildRotate	RotateInverse	ChildRotateInverse	Docking x	Docking y	Docking z	
0	0.7033843	4.454011	0	-0.9376526	9.168949	-8.729095	-0.6702271	
1	0.7033843	3.516282	0	-1.172089	9.113342	-8.733398	-0.7073669	
2	-0.2343445	0.2342306	0	3.985425	9.014819	-8.676575	-0.6952209	
3	-3.98526	3.281846	0	-0.9376526	8.987629	-8.581299	-0.6646118	
4	9.172517E-05	3.516282	0	-0.9376526	9.002603	-8.358826	-0.6989441	
5	-0.2343445	3.75071	0	-0.4687805	9.006999	-8.19519	-0.7055969	
6	0.2345201	4.688439	0	-0.2343445	9.037371	-8.033997	-0.7375793	
7	0.4689561	4.688439	0	-0.9376526	9.047622	-8.021332	-0.7161865	
8	0.7033845	2.578553	0	0.7033812	9.031044	-7.978149	-0.6934814	
9	-1.406494	4.688439	0	-0.4687805	9.050212	-7.98407	-0.6520691	
10	0.23452	3.516282	0	-1.172089	9.045743	-7.974762	-0.6620483	
11	-0.2343445	3.75071	0	-1.172089	9.051593	-8.063721	-0.6308289	
12	-0.2343445	3.516282	0	-1.172089	8.947802	-8.178406	-0.5871582	
13	-0.2343445	0.7030958	0	2.344403	8.789153	-8.214935	-0.6278992	
14	-2.81311	3.047418	0	-0.9376526	8.707348	-8.227203	-0.6402893	
15	-0.2343445	3.281847	0	-1.172089	8.897978	-8.223114	-0.6676636	
16	-0.2343445	4.68844	0	-0.7032166	9.113143	-8.151459	-0.6394043	
17	0.2345199	4.454011	0	-0.4687805	9.205167	-8.113312	-0.5791016	
18	0.2345199	4.454011	0	-1.172089	9.039773	-8.104523	-0.5763855	
19	0.7033843	2.578554	0	1.172246	8.880606	-8.076447	-0.5882263	
20	-1.64093	3.281847	0	-1.172089	8.910997	-8.075073	-0.5772095	
21	9.134442E-05	3.516283	0	-1.406525	9.028961	-8.05249	-0.568634	
22	-0.2343445	3.516283	0	-1.172089	9.142461	-8.056335	-0.5205383	
23	-0.2343445	3.281847	0	-1.172089	9.152563	-8.057251	-0.5768433	
24	-0.4687805	-0.2346191	0	2.578831	9.106782	-8.082458	-0.5688782	
25	-3.516388	3.516283	0	-0.7032166	9.08209	-8.160126	-0.5736389	
26	-0.7032166	3.750711	0	-0.9376526	9.041066	-8.220398	-0.5570068	
27	-0.4687805	3.281847	0	-0.9376526	9.046785	-8.296692	-0.5507202	
28	-0.2343445	3.281847	0	-1.172089	9.041953	-8.359833	-0.5644531	
29	9.126083E-05	0.7030964	0	1.406674	9.058078	-8.413422	-0.5877075	
30	-2.81311	2.344118	0	0.4689448	9.059687	-8.411133	-0.6649475	
31	-1.172058	3.516283	0	-1.172089	8.96726	-8.423279	-0.7235413	
32	-0.2343445	4.68844	0	-0.9376526	9.595125	-8.822021	-0.3818665	
33	0.7033839	3.516283	0	-1.172089	10.24122	-9.564178	0.4291621	
34	0.93782	3.750711	0	-1.172089	10.76437	-10.85059	1.024158	
35	1.172248	0.2342321	0	3.51656	10.79072	-11.76794	0.9961591	
36	-0.9376526	3.516283	0	-1.172089	9.45682	-12.36691	1.385447	
37	0.2345193	3.516283	0	-1.172089	7.545903	-12.62769	1.361697	
38	0.2345193	4.688441	0	-1.172089	6.035346	-12.71677	1.568873	
39	1.172248	4.688441	0	-0.2343445	5.338427	-12.6998	1.42922	
40	0.93782	4.688441	0	-0.7032166	5.471433	-12.47134	1.205651	
41	0.93782	2.344118	0	0.7033809	5.860698	-12.31836	1.068885	
42	-1.172058	3.281847	0	-1.172089	6.139073	-12.2103	0.9901332	
43	0.4689554	3.750711	0	-0.4687805	6.177425	-12.15552	0.8934111	
44	9.097949E-05	3.516283	0	-1.172089	6.068923	-12.16351	0.8846662	
45	0.2345194	3.047419	0	-1.172089	5.876381	-12.15622	0.7645756	
46	0.2345194	0.9375326	0	2.578831	5.732448	-12.16339	0.7100731	
47	-2.109802	2.10969	0	0.7033807	5.741263	-12.14175	0.6539486	
48	-0.7032166	4.68844	0	-0.4687805	5.734603	-12.0932	0.6192997	
49	0.9378198	4.68844	0	-0.9376526	5.693651	-12.09436	0.6147383	
50	1.172248	4.68844	0	-0.7032166	5.630563	-12.08539	0.5439861	
51	0.7033837	4.454012	0	-0.4687805	5.572959	-12.0838	0.5089962	
52	0.7033837	2.344118	0	1.172245	5.572303	-12.06833	0.5094236	
53	-1.172058	4.454012	0	-0.9376526	5.505801	-12.06992	0.5052201	
54	1.406684	3.516283	0	-1.172089	5.50072	-12.06055	0.4951853	
55	0.2345189	3.750711	0	-0.7032166	5.556885	-12.05048	0.4791405	
56	9.056587E-05	3.516283	0	-0.4687805	5.668375	-12.02505	0.4473209	
57	-0.2343445	-0.0001962717	0	2.578831	5.760231	-12.01477	0.4256668	
58	-2.81311	3.516283	0	-0.9376526	5.76999	-12.01691	0.3946389	
59	0.2345191	3.516283	0	-1.172089	5.769607	-12.01883	0.3688988	
60	0.2345191	3.750711	0	-1.172089	5.821553	-12.02325	0.3679376	
61	9.073994E-05	3.516283	0	-0.9376526	5.960274	-12.02658	0.3606233	
62	0.2345191	1.171961	0	1.172245	6.117297	-12.09827	0.4590344	
63	-2.578674	2.578554	0	0.4689446	6.133037	-12.28574	0.5510355	
64	-1.172058	3.750711	0	-0.9376526	5.996432	-12.37512	0.5560164	
65	0.2345192	4.454012	0	-1.172089	5.953404	-12.3114	0.5276965	
66	1.172248	4.688441	0	-0.4687805	5.999197	-12.31134	0.5166497	
67	0.9378199	3.516284	0	-1.172089	6.1064	-12.30038	0.4996955	
68	0.2345193	0.2342324	0	2.813267	6.166462	-12.24014	0.4695516	
69	-2.81311	3.047419	0	0.2345164	6.165153	-12.21851	0.4187924	
70	0.2345193	3.516283	0	-0.2343445	6.122891	-12.21634	0.3887902	
71	9.095338E-05	3.516283	0	-0.9376526	6.073139	-12.2482	0.3885761	
72	0.4689553	3.281847	0	-1.172089	6.10684	-12.3631	0.4206855	
73	9.092614E-05	4.688441	0	-0.7032166	6.057615	-12.4574	0.4703925	
74	0.2345193	3.047419	0	0.4689448	5.965182	-12.45215	0.4928633	


Angle MV instances
Rotate	
ChildRotate	4.454011	
RotateInverse	
ChildRotateInverse	
Docking x	9.168949	
Docking y	8.729095	
Docking z	
Total MV Amount	22.35205


Angle TRE instances
Rotate	1	
ChildRotate	1	
RotateInverse	1	
ChildRotateInverse	1	
Docking x	39	
Docking y	
Docking z	1	
Total TRE Count	1


Correct Angles	Rotate	ChildRotate	RotateInverse	ChildRotateInverse	Docking x	Docking y	Docking z
	-1.611493E-43	-1.611493E-43	0	1.611493E-43	0	0	0

Angle Error	Rotate	ChildRotate	RotateInverse	ChildRotateInverse	Docking x	Docking y	Docking z
	9.09267E-05	3.516283	0	0.9376526	5.963479	12.44986	0.390099

Time Taken	Hours	Minutes	Seconds	Milliseconds	Seconds float	Completion time
	0	0	4	432	4.432145	00h:00m:04s:432ms

Final Results	Tester Name	Time of Test	Dock Shape Style	Virtual Device Visible	Time Taken	Shape Precision %	Orientation Precision %	Overall Precision %	Efficiency %	Difficulty	Total MV	Total TRE	
	0	2018-11-20_10:09:12	ZEROING DATA	True	00h:00m:04s:432ms	99.38139	97.62223	98.15417	100	0	22.35205	1	
