
Angles Over Time
Frames	Rotate	ChildRotate	RotateInverse	ChildRotateInverse	Docking x	Docking y	Docking z	
0	0.9049075	4.454215	0	-3.080353	-0.2551575	-0.1240234	0.02585665	
1	0.2091239	-4.950469E-10	0	-0.02529907	-0.3186035	-0.056427	0.2402699	
2	2.084582	-4.950469E-10	0	0.6779884	-0.8277283	-0.3823853	0.5348327	
3	-0.2597351	-4.950469E-10	0	0.209124	-1.78241	-0.7562561	0.4567594	
4	0.2091239	-5.391937	0	7.007655	-3.516083	-0.190155	0.3989007	
5	-4.713959	-1.17215	0	33.49847	-3.128143	1.600207	-2.481628	
6	0.2091237	-0.234436	0	68.42884	1.752476	0.6781376	-8.586182	
7	0.4435597	0.9377291	0	75.22738	4.072083	-1.366638	-10.5928	
8	1.850145	1.172158	0	75.22738	4.861836	-2.024597	-10.93649	
9	1.615717	-3.282043	0	74.99294	7.685856	-2.244324	-2.713074	
10	1.381289	-24.38092	0	74.28965	13.62784	-2.873199	6.642584	
11	-2.135193	-27.66296	0	34.4362	17.84508	-5.180573	10.50708	
12	-0.2597351	-31.88275	0	12.63402	23.1622	-7.660675	19.59205	
13	-11.04361	-36.80582	0	0.9124279	29.57416	-11.60446	26.31992	
14	-18.54544	-37.50912	0	-0.02529907	33.81872	-15.08942	24.75408	
15	-29.32932	-39.61902	0	8.883116	36.67233	-20.6192	23.76603	
16	-44.80182	-42.43219	0	23.4179	39.48811	-29.92288	19.53818	
17	-51.83478	-44.77652	0	26.93438	40.34376	-43.98972	14.12613	
18	-66.604	-48.293	0	23.4179	37.68435	-54.91345	21.40402	
19	-79.96661	-52.51276	0	12.63402	36.10364	-58.93567	27.80347	
20	-80.66992	-53.68494	0	7.007657	38.12495	-58.37137	31.01615	
21	-80.43549	-55.09152	0	5.8355	39.1203	-57.57468	31.21594	
22	-80.66992	-54.38821	0	0.2091261	39.56961	-57.53769	31.9559	
23	-79.0289	-34.69592	0	-0.02529907	39.85771	-58.08197	32.76588	
24	-79.26334	-15.4725	0	-0.02529907	38.64696	-58.59424	32.27495	
25	-79.26334	-1.17215	0	0.6779904	37.09528	-60.11182	31.65232	
26	-79.26334	-5.626373	0	3.960042	36.05491	-61.177	31.50518	
27	-78.56003	-3.282043	0	3.725613	36.77113	-61.7085	31.6315	
28	-76.91901	-0.9377136	0	0.6779904	38.64043	-60.90811	31.77935	
29	-75.74686	0.7033032	0	0.9124264	37.62585	-60.49188	32.55728	
30	-74.80914	0.4688671	0	0.9124264	37.2067	-61.40323	33.22784	
31	-75.04355	-0.7032776	0	0.209126	37.86025	-61.90613	33.83659	
32	-75.27798	-6.564087	0	7.476521	37.47297	-62.40488	34.84393	
33	-75.51242	-1.641022	0	-0.02529907	36.69911	-62.48276	36.61296	
34	-75.27798	-1.406586	0	-0.02529907	34.54158	-62.24152	38.99538	
35	-77.85675	0.4688673	0	0.4435618	32.54467	-61.86185	41.42723	
36	-80.43549	0.9377316	0	0.9124262	31.28792	-60.93298	42.16508	
37	-80.43549	0.9377316	0	10.05527	31.14732	-60.08173	39.0056	
38	-80.90436	-3.047607	0	49.67428	32.72422	-59.28198	22.44822	
39	-57.46115	-1.17215	0	85.07351	33.77388	-59.53342	-15.33252	
40	-0.4941711	-0.234436	0	89.05885	36.24637	-62.64224	-37.76385	
41	0.2091124	-0.7032776	0	89.05885	34.33913	-64.17285	-37.20087	
42	0.9124128	-0.9377136	0	89.05885	33.49129	-65.26874	-34.99054	
43	0.9124128	-5.391937	0	89.76215	33.58391	-65.22342	-31.6922	
44	-4.713959	-2.109894	0	89.52772	33.99754	-65.16656	-31.01236	
45	-0.9630432	-1.17215	0	89.05885	33.74089	-65.15961	-30.65289	
46	0.6779763	1.406595	0	89.05885	33.34723	-64.7048	-31.36844	
47	1.615705	0.9377308	0	89.05885	33.97027	-64.07028	-31.88687	
48	2.553434	1.172159	0	89.05885	33.41305	-63.4924	-30.78381	
49	2.318998	-3.516479	0	89.29328	32.10959	-63.42184	-29.17352	
50	-1.666351	-0.4688721	0	88.82442	28.83923	-64.20807	-29.00726	
51	-0.02532959	-0.7032776	0	89.05885	25.06319	-63.91107	-27.60107	
52	0.4435478	-0.4688721	0	89.05885	23.41084	-63.35599	-26.1189	
53	-0.2597656	-0.4688721	0	85.7768	23.61217	-63.81827	-25.41943	
54	-0.02532959	-5.860809	0	78.27498	24.57642	-64.10989	-22.47794	
55	-4.948395	-2.34433	0	67.95998	23.3768	-64.20847	-16.53616	
56	-2.135223	-0.234436	0	64.67793	22.90442	-63.64017	-9.09671	
57	0.4435475	1.172159	0	65.61565	19.20786	-64.22284	-10.34738	
58	2.084569	0.9377308	0	74.05521	19.24816	-63.1236	-8.157501	
59	-2.369629	1.172159	0	78.04055	16.55589	-61.95685	-18.55893	
60	-0.02532959	-2.813171	0	78.74384	19.11376	-61.39249	-18.67102	
61	-3.072937	-0.234436	0	77.80611	25.23423	-60.78754	-19.21973	
62	-0.7286072	-0.9377136	0	77.57168	28.80928	-61.05978	-18.92303	
63	-0.2597656	-0.9377136	0	77.57168	29.99904	-62.10748	-19.50565	
64	-0.02532959	-0.4688721	0	78.04055	27.71179	-62.08881	-17.76974	
65	-0.4941711	-5.626373	0	82.02589	24.81509	-62.27017	-17.02866	
66	-5.651703	-2.578735	0	81.32259	22.41693	-62.21417	-16.19464	
67	-2.135223	-1.406586	0	80.38488	21.94536	-62.28485	-16.19138	
68	-0.2597656	1.17216	0	80.85374	22.65212	-62.42163	-15.94797	
69	0.9124117	0.9377312	0	80.85374	23.88609	-62.71136	-16.12921	
70	0.4435474	0.9377312	0	80.85374	24.62927	-62.94717	-16.38422	
71	1.14684	-2.813171	0	83.66692	24.55216	-63.12756	-16.60858	
72	-2.604065	-0.234436	0	83.66692	24.26983	-63.41428	-17.14465	
73	-0.7286072	-0.4688721	0	83.66692	24.03916	-63.35709	-17.25134	
74	-0.9630432	-0.4688721	0	83.90135	24.22981	-63.3974	-17.36343	
75	-0.7286072	-0.4688721	0	83.66692	24.4346	-63.46472	-17.50662	
76	-0.4941711	-6.564087	0	84.83909	24.47653	-63.44238	-17.4855	
77	-5.651703	-2.34433	0	84.37023	24.56229	-63.47363	-17.48828	
78	-1.197479	-0.4688721	0	83.90136	24.48829	-63.4368	-17.42801	
79	-1.197479	-0.234436	0	83.66693	24.6259	-63.3075	-17.23962	
80	1.381277	-0.4688721	0	83.90136	24.59516	-63.33453	-17.19006	


Angle MV instances
Rotate	4.923083	4.923082	10.78387	7.501831	10.78387	15.4725	7.032959	14.76923	13.36261	2.578766	2.578735	23.44321	56.96698	5.626371	3.750916	4.923065	2.813171	2.344299	3.047607	2.34433	5.157532	3.516479	5.157532	4.454224	
ChildRotate	4.454215	4.454215	5.391937	4.219788	4.454201	21.09888	3.282043	4.219788	4.923065	2.109894	2.813171	2.34433	3.516479	4.219757	19.69229	19.22342	14.30035	4.454224	2.34433	2.34433	5.860809	4.923065	3.985339	4.454224	3.282043	4.688639	3.047607	5.391937	3.516479	2.109894	2.578735	5.157501	3.047638	2.578735	6.095215	4.219757	
RotateInverse	
ChildRotateInverse	3.080353	3.055054	6.798531	26.49082	34.93037	6.798538	39.85345	21.80217	11.7216	8.908415	14.53478	3.516478	3.516478	10.78387	5.626367	5.626374	3.282051	3.047623	7.267395	7.50182	9.142846	39.61901	35.39923	3.985344	3.282051	7.501823	10.315	3.282051	8.439552	3.985344	3.985344	2.813179	
Docking x	2.319607	2.82402	5.941983	4.217238	5.31712	6.411963	4.244562	2.853603	2.815784	2.659409	2.021305	2.157536	2.472492	3.270361	3.776043	3.696556	2.69227	2.557865	6.12047	3.57505	2.287247	2.896702	2.398157	
Docking y	2.307373	2.480103	3.943787	3.484955	5.529785	9.30368	14.06683	10.92374	4.022217	3.108826	
Docking z	2.880529	6.104553	2.006622	8.223419	9.355658	3.864496	9.08497	6.727865	4.22785	5.412053	7.277894	6.399446	3.212681	2.382412	2.431854	3.159485	16.55737	37.78074	22.43134	2.210327	3.29834	2.941498	5.941772	7.439453	2.18988	10.40143	
Total MV Amount	1109.59


Angle TRE instances
Rotate	1	13	40	66	67	77	78	
ChildRotate	1	4	5	10	25	26	27	32	33	43	44	54	55	65	66	76	77	
RotateInverse	1	
ChildRotateInverse	40	54	
Docking x	
Docking y	
Docking z	
Total TRE Count	24


Correct Angles	Rotate	ChildRotate	RotateInverse	ChildRotateInverse	Docking x	Docking y	Docking z
	-2.379701E-32	-1.611493E-43	0	89.99999	74.61504	-80.0864	-102.0286

Angle Error	Rotate	ChildRotate	RotateInverse	ChildRotateInverse	Docking x	Docking y	Docking z
	0.4941711	0.9377136	0	6.567505	49.76859	16.75916	84.70331

Time Taken	Hours	Minutes	Seconds	Milliseconds	Seconds float	Completion time
	0	0	4	775	4.774729	00h:00m:04s:775ms

Final Results	Tester Name	Time of Test	Dock Shape Style	Virtual Device Visible	Time Taken	Shape Precision %	Orientation Precision %	Overall Precision %	Efficiency %	Difficulty	Total MV	Total TRE	
	0	2018-11-20_10:17:38	Presets_dockPreset_5	False	00h:00m:04s:775ms	98.88898	81.21066	87.36266	89.26268	0.3852555	1109.59	24	
