
Angles Over Time
Frames	Rotate	ChildRotate	RotateInverse	ChildRotateInverse	Docking x	Docking y	Docking z	
0	-0.4958496	-62.82779	0	65.61399	47.35432	41.31502	35.3414	
1	-0.7302856	-62.82779	0	65.37956	47.23956	40.86667	35.74458	
2	0.4418581	-62.35892	0	65.14513	47.36916	40.51221	36.10716	
3	0.9107225	-62.35892	0	65.14513	47.34009	39.85079	36.01484	
4	1.145159	-63.29663	0	66.31729	47.19378	38.80613	35.86506	
5	-2.605743	-62.59335	0	65.14513	47.06247	37.45273	35.99957	
6	-0.4958496	-63.06223	0	64.9107	47.08901	36.63566	35.86073	
7	-0.2614441	-62.59335	0	64.44184	46.77312	35.03314	35.39387	
8	-0.2614441	-60.95233	0	57.64331	45.99858	30.80926	32.5995	
9	-0.7302856	-45.24539	0	35.84114	44.26592	22.7933	25.66162	
10	-4.950073	-1.641022	0	2.082927	38.09156	11.77036	12.51938	
11	-0.7302856	0.4688635	0	-0.4958191	23.66336	1.97955	1.959251	
12	1.145159	1.875457	0	0.207477	20.24044	-2.236816	4.55909	
13	2.082887	-8.536593E-07	0	-0.02694702	15.29556	-5.789154	5.192554	
14	2.082887	1.406592	0	0.4419053	8.565872	-8.636383	4.642276	
15	2.082887	-2.578766	0	6.537136	3.565763	-10.45419	2.339977	
16	-1.433594	0.2344274	0	0.4419054	2.133666	-10.81509	0.2291335	
17	0.2074295	-9.604934E-07	0	1.145198	3.927614	-9.437256	0.9535193	
18	-0.4958496	-9.604934E-07	0	1.145198	4.412286	-9.071289	0.02779967	
19	-0.02700806	-0.9377441	0	0.4419054	3.595134	-9.182434	-0.6382751	
20	0.4418578	-0.234436	0	0.207477	2.921685	-9.089294	-0.8570251	
21	0.2074293	-2.34433	0	2.786228	2.131604	-8.843262	-1.446136	
22	-1.433594	-0.4688721	0	0.2074772	1.878604	-8.131714	-2.84729	
23	0.9107225	0.9377279	0	0.2074772	2.45491	-6.17984	-4.421448	
24	2.082887	0.2344275	0	1.145198	3.251647	-3.181427	-6.813141	
25	-0.02700806	-0.7033081	0	0.2074772	3.274859	-0.8662109	-8.287079	
26	0.441858	-4.923065	0	7.709301	3.442374	1.251472	-8.974457	
27	-5.184509	-1.641022	0	3.723957	3.264446	2.330649	-8.922729	
28	-1.433594	0.4688633	0	0.9107707	3.287468	2.708338	-8.440521	
29	0.2074289	1.64102	0	0.9107707	3.36277	2.502421	-7.958649	
30	1.848451	0.7032916	0	0.4419062	3.556821	2.281002	-7.363068	
31	2.082886	-1.280636E-06	0	0.9107708	3.405728	1.999158	-6.837708	
32	0.2074288	-2.109894	0	4.896115	3.20102	1.917298	-6.116241	
33	-1.433594	-0.234436	0	0.207478	3.254965	1.74537	-5.683563	
34	0.9107218	0.234427	0	0.207478	3.581162	1.953092	-5.277496	


Angle MV instances
Rotate	2.109894	4.219788	4.219788	2.109895	5.626367	3.750916	
ChildRotate	62.82779	15.70694	43.60437	2.813193	2.109894	4.219757	3.282043	2.109893	
RotateInverse	
ChildRotateInverse	65.61399	6.798534	21.80217	33.75821	6.09523	6.09523	2.578751	2.578751	7.501824	3.985344	2.813186	3.985344	4.688637	
Docking x	47.35432	6.174358	14.4282	3.422922	4.94488	6.729686	5.000109	
Docking y	41.31502	4.223886	8.015951	11.02295	9.79081	3.552338	2.847229	2.998413	2.315216	
Docking z	35.3414	2.794369	6.937878	13.14224	10.56013	2.599839	2.302299	2.110844	2.391693	
Total MV Amount	579.3226


Angle TRE instances
Rotate	1	27	28	
ChildRotate	11	
RotateInverse	1	
ChildRotateInverse	11	15	16	26	27	
Docking x	16	
Docking y	12	13	24	
Docking z	12	13	14	24	
Total TRE Count	16


Correct Angles	Rotate	ChildRotate	RotateInverse	ChildRotateInverse	Docking x	Docking y	Docking z
	-3.135894E-09	-3.27825E-19	0	3.135894E-09	0	0	0

Angle Error	Rotate	ChildRotate	RotateInverse	ChildRotateInverse	Docking x	Docking y	Docking z
	0.207429	1.64102	0	0.4419064	3.781597	1.877507	5.179443

Time Taken	Hours	Minutes	Seconds	Milliseconds	Seconds float	Completion time
	0	0	2	60	2.059596	00h:00m:02s:060ms

Final Results	Tester Name	Time of Test	Dock Shape Style	Virtual Device Visible	Time Taken	Shape Precision %	Orientation Precision %	Overall Precision %	Efficiency %	Difficulty	Total MV	Total TRE	
	0	2018-11-20_10:13:33	ZEROING DATA	True	00h:00m:02s:060ms	99.68189	98.69316	98.95802	100	6.968652E-12	579.3226	16	
