
Angles Over Time
Frames	Rotate	ChildRotate	RotateInverse	ChildRotateInverse	Docking x	Docking y	Docking z	
0	-50.39984	-130.5786	0	104.0909	-27.65289	-49.15405	-49.48508	
1	-50.39984	-130.1098	0	104.0909	-25.26611	-47.46655	-48.07343	
2	-50.39984	-130.5786	0	91.9004	-19.58978	-47.33759	-43.14322	
3	-50.39984	-128.7032	0	62.12753	-10.76157	-46.65701	-31.68286	
4	-51.33755	-129.4065	0	7.504868	-0.752655	-41.93649	-11.67166	
5	-48.75882	-130.813	0	-7.029907	7.098339	-31.06421	11.20903	
6	-14.76617	-129.8753	0	-7.733215	15.62973	-22.83688	14.81459	
7	-1.872437	-129.172	0	-7.498779	16.09228	-12.83994	21.39706	
8	-1.872437	-120.0292	0	-0.7002563	8.940817	-5.530975	22.3084	
9	-6.795502	-83.22336	0	-5.623322	4.070564	-0.5478821	23.70095	
10	-1.872437	-18.75455	0	-7.733215	-3.238617	-0.5618286	15.33549	
11	-1.638	0.703302	0	-7.498779	-11.28229	-1.601105	5.730893	
12	-0.2313843	4.688646	0	-7.733215	-10.134	-3.302368	5.634137	
13	0.2374718	5.15751	0	-7.733215	-6.655212	-6.247253	10.83426	
14	0.7063286	2.109895	0	-5.154449	-3.40274	-8.718048	16.78305	
15	-2.575714	4.45421	0	-7.498779	-1.27063	-11.15851	20.36366	
16	-0.4658203	4.688646	0	-7.264343	-0.2737732	-12.72107	21.53693	
17	-0.4658203	4.688646	0	-7.967651	0.2846333	-13.34711	20.51716	
18	0.003035605	5.15751	0	-7.733215	0.312202	-13.79523	19.34372	
19	-0.2313843	0.9377303	0	-2.341278	0.3159166	-13.6188	18.96989	
20	-4.216736	3.282052	0	-4.685608	-0.001154302	-13.5434	18.7036	
21	-1.872437	5.15751	0	-7.264343	0.0949749	-13.53439	18.20179	
22	-0.2313843	5.15751	0	-7.498779	-0.2316895	-12.46243	15.4785	
23	1.409629	4.45421	0	-7.733215	-1.593628	-10.28799	10.47825	
24	0.2374716	5.15751	0	-7.264343	-3.151184	-7.250244	5.363001	
25	-0.2313843	0.234437	0	-1.63797	-3.654938	-5.105743	1.517287	
26	-4.920044	3.51648	0	-5.154449	-3.902649	-3.509521	-0.9342041	
27	-0.2313843	5.391938	0	-7.498779	-3.51413	-2.912079	-2.687561	
28	-0.2313843	6.798532	0	-7.498779	-1.81897	-2.738861	-3.145447	
29	1.409629	6.095239	0	-7.498779	0.5001923	-2.788147	-2.311646	
30	1.409629	5.15751	0	-7.967651	1.764245	-2.973572	-1.42688	
31	1.644057	0.4688654	0	-0.4658203	2.367301	-3.001343	-0.3379517	
32	-3.279022	4.454209	0	-7.967651	2.579164	-2.900055	0.1468305	
33	0.2374711	4.454209	0	-7.733215	2.82387	-2.837585	0.6270294	
34	0.003035106	6.564095	0	-7.498779	3.03213	-2.817017	1.012056	
35	1.175192	6.095239	0	-7.733215	3.070633	-2.898468	1.418243	
36	1.409628	6.095239	0	-7.733215	2.948373	-3.000183	1.652341	


Angle MV instances
Rotate	50.39984	2.578735	33.99265	12.89374	4.923065	4.923065	2.109894	3.985352	2.344299	4.68866	4.68866	3.516493	
ChildRotate	130.5786	9.142853	36.80582	64.46881	19.45785	3.985344	3.047615	2.344315	4.21978	2.344322	4.923073	3.282043	4.688645	3.985344	2.109886	
RotateInverse	
ChildRotateInverse	104.0909	12.19046	29.77287	54.62266	6.798523	4.923065	2.109894	2.578766	2.34433	5.391937	2.34433	2.578735	5.626373	3.516479	2.34433	7.501831	7.501831	
Docking x	27.65289	2.38678	5.676331	8.828217	10.00891	7.850994	8.531391	7.151464	4.870253	8.043671	3.47879	3.252472	2.132111	
Docking y	49.15405	4.72052	10.87228	8.227325	9.996948	7.30896	4.983093	2.944885	2.470795	2.44046	2.174438	3.03775	2.144501	
Docking z	49.48508	4.930206	11.46036	20.0112	3.605562	6.58247	8.365456	9.604599	5.200119	5.948798	3.580606	2.723287	5.000254	5.115247	3.845714	
Total MV Amount	1038.465


Angle TRE instances
Rotate	8	9	10	
ChildRotate	12	13	14	18	19	21	23	24	25	27	31	34	
RotateInverse	1	
ChildRotateInverse	19	21	25	26	31	32	
Docking x	9	11	14	
Docking y	10	13	26	
Docking z	26	
Total TRE Count	28


Correct Angles	Rotate	ChildRotate	RotateInverse	ChildRotateInverse	Docking x	Docking y	Docking z
	-1.611493E-43	-1.27135E-19	0	4.327554E-09	0	0	0

Angle Error	Rotate	ChildRotate	RotateInverse	ChildRotateInverse	Docking x	Docking y	Docking z
	1.644057	3.047616	0	5.154449	2.832366	2.966156	1.924111

Time Taken	Hours	Minutes	Seconds	Milliseconds	Seconds float	Completion time
	0	0	2	174	2.174417	00h:00m:02s:174ms

Final Results	Tester Name	Time of Test	Dock Shape Style	Virtual Device Visible	Time Taken	Shape Precision %	Orientation Precision %	Overall Precision %	Efficiency %	Difficulty	Total MV	Total TRE	
	0	2018-11-20_10:16:53	ZEROING DATA	True	00h:00m:02s:174ms	98.63248	99.0944	98.60565	100	4.808394E-12	1038.465	28	
