
Angles Over Time
Frames	Rotate	ChildRotate	RotateInverse	ChildRotateInverse	Docking x	Docking y	Docking z	
0	-0.6991882	-1.406586	0	1.410768	-0.01464844	-0.1648865	0.1473109	
1	0.5560247	-0.234436	0	0.08716024	-0.07296753	-0.02896118	-0.03439331	
2	0.5560247	-3.516479	0	5.010234	-0.08615112	0.0576091	-0.07177734	
3	-3.194885	-1.406586	0	1.259326	-0.1022949	0.1801875	-0.2467346	
4	0.3215889	-0.4688721	0	-0.1472778	0.08870751	0.3321576	-0.2597046	
5	0.556025	1.406586	0	0.08716072	0.07032726	0.09465557	-0.03042603	
6	1.728182	0.2344286	0	0.3215967	0.09945828	0.2196443	0.1535676	
7	0.3215888	-0.7033081	0	-0.1472778	-0.101593	0.2027302	0.3024319	
8	0.5560249	-3.516479	0	5.947962	-0.1782837	0.3445475	0.2607421	
9	-4.132599	-1.17215	0	1.728182	0.2565909	0.7556895	0.5018064	
10	0.3215889	1.765814E-07	0	0.08716061	1.739946	2.003239	0.886041	
11	0.5560249	0.703293	0	-0.1472778	9.31175	4.079427	0.9536105	
12	1.962618	0.9377214	0	0.3215966	18.40944	5.227756	4.242577	
13	-13.04102	-11.72162	0	-0.1472778	23.62534	5.705275	13.27748	
14	-43.75162	-14.76923	0	2.197047	32.7598	5.529075	29.41641	
15	-77.04095	-12.65933	0	0.5560251	38.61336	8.559223	42.95213	
16	-104.9384	-22.27106	0	0.08716074	45.80489	14.03364	58.4719	
17	-126.5061	-52.74719	0	0.08716073	50.1885	17.01784	66.0695	
18	-132.3669	-57.67029	0	0.08716071	53.2949	20.20439	67.45457	
19	-132.3669	-74.08051	0	3.134776	55.18115	20.87367	68.73174	
20	-130.4915	-74.08051	0	1.962618	56.58581	21.33053	70.61747	
21	-131.6636	-73.84607	0	-0.1472778	56.60537	21.64352	70.92715	
22	-132.3669	-73.84607	0	-0.1472778	56.66796	21.75054	72.01584	
23	-133.3046	-73.84607	0	0.5560249	57.65673	23.67432	75.14324	
24	-132.8358	-73.61166	0	-0.1472778	59.18317	24.55809	77.02809	
25	-132.6013	-74.54938	0	6.416826	60.41708	23.69765	76.9809	
26	-130.0226	-73.84607	0	0.08716027	61.55261	23.7591	75.36746	
27	-132.3669	-74.08051	0	-0.1472778	62.38166	26.65824	73.16457	
28	-132.3669	-76.1904	0	-0.1472778	62.00279	27.53872	70.66712	
29	-133.0702	-76.42484	0	0.08716027	61.81372	30.0052	70.22207	
30	-133.0702	-76.42484	0	-0.1472778	62.62827	31.18005	67.24086	
31	-132.8358	-76.65927	0	1.962618	63.29729	32.7362	63.88527	
32	-129.0849	-76.42484	0	0.5560246	64.73298	33.49083	58.41106	
33	-126.5061	-76.42484	0	-0.3817139	65.49703	33.2385	53.80484	
34	-123.4585	-76.65927	0	0.0871601	66.09298	33.00794	49.8259	
35	-120.6453	-76.42484	0	0.5560245	66.57967	31.4388	44.73257	
36	-117.5977	-76.89371	0	5.010233	67.91057	27.85846	35.8259	
37	-107.7516	-76.89371	0	28.9223	68.97884	23.61537	23.35713	
38	-98.37427	-79.23804	0	60.57063	69.85061	21.18526	-1.702057	
39	-73.0556	-84.62997	0	40.87833	69.07928	18.69895	-24.94608	
40	-50.08127	-88.84973	0	87.06145	69.61867	14.22706	-40.98328	
41	-42.57944	-90.49078	0	88.2336	70.14987	12.23085	-43.67905	
42	-42.57944	-90.95966	0	88.46803	69.7117	13.11156	-42.55692	
43	-43.75159	-91.4285	0	87.99917	69.23844	15.85042	-37.01443	
44	-43.28275	-91.4285	0	84.48269	69.12469	17.56058	-30.04828	
45	-48.44025	-91.4285	0	72.05779	69.86409	18.67406	-21.69125	
46	-64.14719	-91.4285	0	55.17868	70.63896	21.47915	-7.104187	
47	-77.27539	-90.95966	0	59.16403	71.87463	23.78016	1.369869	
48	-81.49515	-91.19406	0	58.46074	72.00097	24.55612	2.623974	
49	-81.96402	-91.66293	0	57.99187	72.09959	24.18855	2.093101	
50	-81.96402	-91.4285	0	57.05414	72.10697	24.91812	2.693893	
51	-81.72958	-91.4285	0	57.75744	72.5975	25.00504	1.943607	
52	-81.72958	-91.19406	0	54.70981	73.06577	24.38221	1.525549	
53	-81.72958	-90.72522	0	58.92959	73.01253	23.26825	-0.03890991	
54	-81.72958	-89.78748	0	58.46072	72.5477	22.96448	-2.029938	
55	-81.72958	-89.55304	0	57.99185	72.83317	22.67607	-2.80954	
56	-81.96402	-89.55304	0	58.22628	72.87897	22.44025	-3.181702	
57	-81.72958	-89.55304	0	58.22628	73.03463	21.81997	-4.117065	
58	-81.72958	-89.31863	0	59.86731	73.26193	20.72848	-5.542236	
59	-81.96402	-89.55304	0	59.16402	73.28055	20.08678	-6.646637	
60	-81.72958	-89.55304	0	57.99185	73.60403	19.02951	-7.791077	
61	-81.96402	-89.55304	0	58.46072	73.66742	18.40383	-8.652771	
62	-81.72958	-89.55304	0	58.22628	73.79609	17.82915	-9.434326	
63	-81.72958	-89.31863	0	57.99185	73.82893	17.36298	-10.40427	
64	-81.72958	-89.31863	0	61.50834	74.09592	16.66977	-11.67825	
65	-81.72958	-89.31863	0	60.57061	74.18159	15.7987	-13.40497	
66	-81.72958	-89.55304	0	59.86731	74.29551	14.86355	-15.29837	
67	-81.72958	-89.55304	0	59.86731	74.32262	14.26661	-16.29688	
68	-81.72958	-89.55304	0	59.86731	74.27962	14.2998	-16.4082	
69	-81.72958	-89.55304	0	59.63287	74.26691	14.22589	-16.45483	
70	-81.72958	-89.0842	0	62.21162	74.32387	13.71593	-17.02768	
71	-81.96402	-89.55304	0	59.86731	74.49872	13.0051	-17.61359	
72	-81.72958	-89.55304	0	60.33617	74.71862	12.3506	-17.56128	
73	-81.72958	-91.4285	0	60.10174	74.7313	12.47561	-16.59171	
74	-81.72958	-94.2417	0	60.10174	75.01623	12.38904	-16.44644	
75	-81.72958	-97.05487	0	60.10174	75.20956	11.43006	-17.54593	
76	-81.49515	-97.28931	0	60.5706	75.36903	11.13321	-18.12543	
77	-81.72958	-97.75818	0	59.63287	75.37299	11.04786	-18.71664	
78	-81.49515	-97.75818	0	59.39844	75.21565	10.81473	-19.20032	
79	-81.49515	-97.99258	0	59.63287	75.1891	10.32	-20.17303	
80	-81.49515	-97.75818	0	59.86731	75.16512	9.880507	-20.80774	
81	-81.49515	-97.28931	0	62.21162	75.10207	9.488772	-21.64563	
82	-81.49515	-97.52374	0	60.5706	74.89696	9.452511	-22.23468	
83	-81.49515	-97.99258	0	59.63287	74.89707	9.0649	-22.82733	
84	-81.49515	-97.52374	0	59.63287	74.89138	8.665738	-23.37201	
85	-81.49515	-97.75815	0	59.63287	74.90392	8.336559	-23.98389	
86	-81.72958	-97.75815	0	59.63287	74.93275	8.187705	-24.26523	


Angle MV instances
Rotate	3.75091	3.516474	4.688624	4.454188	15.00363	30.7106	33.28934	27.89742	21.56775	5.860794	2.578751	2.34433	3.7509	2.578751	3.047623	2.813187	3.047623	9.84613	9.377289	25.31866	22.97433	7.501831	5.157501	15.70694	13.1282	4.219757	
ChildRotate	3.282043	2.109894	2.813171	2.34433	12.65934	3.047607	2.109894	9.611725	30.47614	4.923096	16.41022	2.109894	2.34433	5.391937	4.219757	2.813202	2.813171	
RotateInverse	
ChildRotateInverse	4.923074	3.750908	6.09524	4.21978	2.344325	3.047615	6.564104	6.329666	4.454209	23.91206	31.64833	19.6923	46.18312	3.516479	12.4249	16.8791	3.985344	3.047626	4.219776	3.516483	2.578751	2.344311	2.344318	
Docking x	7.571805	9.097685	5.215906	9.134455	5.853565	7.191532	4.383606	3.1064	
Docking y	2.076188	3.030148	5.474415	2.984205	3.186543	2.899141	2.466475	3.580336	4.243092	2.430109	2.486307	4.471893	2.738867	2.805088	2.30101	
Docking z	3.288966	9.034903	16.13893	13.53571	15.51978	7.597591	3.127403	2.202896	2.497444	2.981209	3.355587	5.474213	4.606224	3.978935	5.093327	8.90667	12.46877	25.05919	23.24402	16.0372	2.69577	5.54248	6.966156	8.357025	14.58707	8.474055	
Total MV Amount	941.1334


Angle TRE instances
Rotate	
ChildRotate	41	75	
RotateInverse	1	
ChildRotateInverse	
Docking x	
Docking y	1	12	
Docking z	1	13	38	39	47	58	
Total TRE Count	8


Correct Angles	Rotate	ChildRotate	RotateInverse	ChildRotateInverse	Docking x	Docking y	Docking z
	-90	-90	0	29.99999	90	0	0

Angle Error	Rotate	ChildRotate	RotateInverse	ChildRotateInverse	Docking x	Docking y	Docking z
	8.504852	7.289307	0	31.97719	15.06811	7.719367	25.09052

Time Taken	Hours	Minutes	Seconds	Milliseconds	Seconds float	Completion time
	0	0	5	122	5.121859	00h:00m:05s:122ms

Final Results	Tester Name	Time of Test	Dock Shape Style	Virtual Device Visible	Time Taken	Shape Precision %	Orientation Precision %	Overall Precision %	Efficiency %	Difficulty	Total MV	Total TRE	
	0	2018-11-20_10:09:45	Ltd Random	False	00h:00m:05s:122ms	93.36509	93.9241	92.40878	93.82227	0.3333333	941.1334	8	
