
Angles Over Time
Frames	Rotate	ChildRotate	RotateInverse	ChildRotateInverse	Docking x	Docking y	Docking z	
0	4.474878	5.626354	0	-0.6825867	0.3362376	0.3603348	-0.0715332	
1	0.3080625	-3.516479	0	2.417956	0.2005901	0.1904766	0.1254747	
2	-2.505127	-2.34433	0	-0.8641052	0.6731583	0.2102021	0.1701545	
3	-0.6296692	-1.641022	0	-0.3952332	1.656995	0.3878829	0.1925781	
4	-0.8641052	-2.109894	0	-0.6296692	3.065846	0.791833	0.4534183	
5	-0.6296692	-1.641022	0	-0.1607971	4.405407	1.264014	0.4573874	
6	-1.332947	-6.095245	0	4.762271	7.781614	1.309898	0.9989507	
7	-4.849426	-3.750916	0	1.714656	10.86197	0.8256204	1.920365	
8	-2.270691	-1.641022	0	-0.6296692	12.67139	-0.4607849	1.845449	
9	-0.3952332	-0.7033081	0	-0.6296692	13.17706	-1.319794	0.8355764	
10	0.7769269	-12.4249	0	-0.3952332	12.4055	-1.782104	-1.509613	
11	0.5424985	-39.38458	0	-0.3952332	12.68759	-2.661285	-2.80127	
12	-1.332947	-78.30029	0	6.872164	13.38067	-2.426575	-1.481049	
13	-6.490448	-88.6153	0	-0.6296692	13.19385	-0.3822632	-0.3615723	
14	-2.973969	-88.6153	0	-0.6296692	13.31867	0.7020497	-1.366272	
15	-23.83844	-87.67758	0	36.64503	15.66668	1.306883	-11.34671	
16	-32.74683	-87.67758	0	60.79152	18.89157	-1.981903	-30.13779	
17	-41.65527	-87.67758	0	60.55709	17.58355	-3.710968	-31.68723	
18	-63.22299	-88.6153	0	57.97834	16.06149	-2.875946	-20.39474	
19	-77.52338	-91.89734	0	53.05526	13.93859	-1.988373	-14.16562	
20	-80.33655	-91.89734	0	53.2897	12.88692	-1.369965	-14.83264	
21	-82.21201	-92.13177	0	53.2897	12.25597	-0.8571472	-15.99753	
22	-82.21201	-92.13177	0	53.2897	12.39636	-0.7518921	-16.33118	
23	-82.21201	-92.13177	0	56.80618	12.74892	-0.6954041	-16.90433	
24	-82.68085	-92.13177	0	54.22743	13.23663	-0.7756958	-17.46463	
25	-82.21201	-92.13177	0	53.52413	13.83937	-0.9078674	-17.90598	
26	-82.21201	-91.89734	0	53.52413	13.79617	-0.9377747	-18.1297	
27	-81.74313	-91.89734	0	53.2897	13.69786	-1.706848	-17.98718	
28	-81.74313	-91.89734	0	53.2897	13.82796	-2.2117	-18.00183	
29	-82.21201	-92.13177	0	55.16516	14.128	-2.735748	-18.14896	


Angle MV instances
Rotate	4.474878	4.166815	2.81319	3.516479	2.578735	5.157501	3.516479	20.86447	8.908386	8.908447	21.56772	14.30038	2.813171	
ChildRotate	5.626354	9.142834	4.454224	2.34433	2.109894	11.72159	26.95969	38.91571	10.315	3.282043	
RotateInverse	
ChildRotateInverse	4.923068	3.047615	7.267397	7.501833	37.2747	24.14649	2.578751	4.923073	3.516479	2.578747	
Docking x	3.376207	3.08036	2.348014	3.224889	2.122899	
Docking y	2.044312	
Docking z	9.980438	18.79108	11.29248	6.229126	
Total MV Amount	378.7062


Angle TRE instances
Rotate	
ChildRotate	
RotateInverse	1	
ChildRotateInverse	
Docking x	1	6	
Docking y	1	
Docking z	1	15	
Total TRE Count	2


Correct Angles	Rotate	ChildRotate	RotateInverse	ChildRotateInverse	Docking x	Docking y	Docking z
	-90	-50.56421	0	29.99999	-5.008956E-06	5.008956E-06	5.008956E-06

Angle Error	Rotate	ChildRotate	RotateInverse	ChildRotateInverse	Docking x	Docking y	Docking z
	7.553589	41.56757	0	23.05527	14.31328	3.2497	18.16413

Time Taken	Hours	Minutes	Seconds	Milliseconds	Seconds float	Completion time
	0	0	1	766	1.765571	00h:00m:01s:766ms

Final Results	Tester Name	Time of Test	Dock Shape Style	Virtual Device Visible	Time Taken	Shape Precision %	Orientation Precision %	Overall Precision %	Efficiency %	Difficulty	Total MV	Total TRE	
	0	2018-11-20_10:13:26	Ltd Random	True	00h:00m:01s:766ms	89.97549	96.03448	91.43623	98.75817	0.1895158	378.7062	2	
