
Angles Over Time
Frames	Rotate	ChildRotate	RotateInverse	ChildRotateInverse	Docking x	Docking y	Docking z	
0	-3.333099	-2.578735	0	3.699976	-1.924438	1.60385	-1.264771	
1	3.789882	2.578751	0	0.9766954	-0.6381836	0.1139361	-0.4584656	
2	6.368632	2.344322	0	1.211131	-1.750214	0.07928155	-1.389984	
3	6.368632	0.9377286	0	1.914424	-3.684052	-0.491333	-2.704315	
4	3.555446	-6.798523	0	11.29171	-6.31488	-1.203583	-4.87384	
5	-4.415253	1.172159	0	1.679996	-7.581787	-1.492767	-6.100098	
6	3.555446	1.172159	0	1.211131	-8.318207	-0.8759155	-6.606415	
7	3.086581	3.047616	0	0.5078309	-9.620117	1.323009	-9.338531	
8	6.603061	2.578752	0	0.7422669	-9.876099	2.909399	-11.87247	
9	6.368633	3.047616	0	0.7422669	-5.804047	3.573462	-11.66864	
10	6.603061	-15.4725	0	4.493174	-1.734253	2.828763	-12.03415	
11	1.44556	-20.63	0	16.44921	4.120736	-0.8396912	-9.797729	
12	-14.96469	-33.0549	0	51.84844	15.72035	-13.29358	-11.57281	
13	-42.39322	-48.99628	0	53.7239	14.45102	-33.63556	-10.75812	
14	-79.90234	-65.40652	0	10.82284	3.2328	-43.39798	9.046848	
15	-99.3602	-77.12811	0	9.181819	-2.272949	-46.79666	16.45504	
16	-100.7668	-75.48712	0	5.665339	-2.158661	-50.14365	18.37169	
17	-100.0635	-74.31494	0	0.9766949	0.4385229	-54.40067	21.31526	
18	-99.3602	-73.84607	0	1.914424	0.9283761	-55.48499	30.72503	
19	-99.12576	-75.48712	0	0.9766949	2.110353	-58.51328	38.06157	
20	-97.48474	-76.65927	0	11.52613	3.009682	-63.64215	37.57006	
21	-92.32724	-79.0036	0	41.06457	-2.049057E-05	-70.87408	38.8825	
22	-92.56168	-77.59698	0	49.73856	-2.075531	-73.12555	37.75805	
23	-88.81076	-77.83142	0	64.97664	-2.95813	-72.06958	37.28952	
24	-88.81076	-78.06586	0	81.15245	-2.905579	-73.27478	36.1448	
25	-88.81076	-78.53473	0	90.76416	2.867373	-75.51404	36.27608	
26	-89.27963	-80.87906	0	92.63962	2.21292	-77.58435	40.10754	
27	-90.92065	-79.23804	0	93.34291	-1.20459	-77.89209	45.41821	
28	-90.21735	-78.30029	0	91.23302	-1.405701	-79.19269	48.88425	
29	-89.0452	-77.59702	0	91.23302	0.2056882	-80.5144	53.14451	
30	-88.34189	-77.36258	0	91.23302	-0.7289124	-81.76443	55.65367	
31	-88.34189	-77.59702	0	91.23302	3.140823	-82.9892	56.18565	
32	-88.34189	-79.94135	0	92.40519	3.741174	-83.28461	56.64853	
33	-89.74847	-78.30032	0	91.23302	3.575429	-83.68567	56.81682	
34	-89.0452	-78.53473	0	91.7019	3.931966	-84.18918	56.7752	
35	-89.27963	-79.0036	0	91.23304	4.859711	-84.96777	56.56192	
36	-88.81076	-79.23804	0	91.23304	6.062736	-85.2746	56.12743	
37	-88.81076	-81.34793	0	94.04622	7.061078	-85.39038	56.25184	
38	-90.68622	-79.70691	0	92.87406	7.821086	-85.18704	56.5112	
39	-89.74847	-79.0036	0	91.93633	7.928684	-85.58612	56.79925	
40	-88.81076	-78.06589	0	97.56271	7.60279	-85.9812	56.7625	
41	-88.34192	-78.06589	0	104.5957	6.935424	-87.23267	55.76827	
42	-88.10748	-77.83145	0	110.9253	6.270806	-88.60144	54.52571	
43	-88.34192	-79.70691	0	112.5663	6.606863	-89.55066	53.91097	
44	-89.7485	-78.30032	0	111.8631	7.430384	-90.16266	53.73659	
45	-89.0452	-78.76917	0	111.6286	7.627844	-90.03036	54.04879	
46	-88.81079	-78.76917	0	113.0352	7.781076	-89.90378	54.56413	
47	-88.81079	-78.76917	0	113.5041	7.968435	-89.99023	54.38676	
48	-89.0452	-81.58234	0	116.3173	8.871396	-90.47409	53.41977	
49	-90.68622	-79.47247	0	115.1451	9.326753	-91.11346	52.05042	
50	-89.27963	-78.76917	0	114.4418	8.464635	-91.42542	51.45026	
51	-88.81076	-78.06589	0	114.2074	7.617404	-91.55148	51.62783	
52	-88.10748	-77.59702	0	114.6763	7.064932	-91.34503	52.43396	
53	-88.34192	-78.53473	0	114.4418	6.629115	-91.31412	52.83779	
54	-89.0452	-80.17578	0	116.0828	4.414206	-92.0061	50.84689	
55	-89.51407	-78.76917	0	114.2074	1.966536	-92.77258	46.28912	
56	-88.81079	-78.53473	0	114.4418	-0.3718872	-94.54657	36.66293	
57	-88.57635	-78.76917	0	113.973	-2.038971	-95.59692	26.7093	
58	-88.57635	-78.53473	0	113.973	-2.986938	-95.46124	17.76553	
59	-88.57635	-80.17578	0	114.9107	-4.209961	-94.43387	11.43463	
60	-89.7485	-79.23804	0	114.6763	-5.132355	-93.30667	8.721962	
61	-89.04523	-78.30032	0	113.7385	-5.072235	-92.16821	7.796694	
62	-88.57635	-77.83145	0	113.973	-4.181519	-91.8031	6.397006	
63	-87.63861	-77.83145	0	113.7385	-3.49057	-91.55048	5.81306	
64	-88.10748	-77.59702	0	113.7385	-3.224365	-91.41956	5.728678	
65	-87.63861	-79.47247	0	114.4418	-2.805267	-91.27994	5.614884	
66	-89.04523	-78.06589	0	113.973	-2.431152	-90.97067	4.99551	
67	-88.57635	-78.30029	0	114.2074	-1.662628	-90.35736	4.467999	
68	-88.81079	-78.30029	0	113.973	-1.036194	-89.8172	3.949131	
69	-88.57635	-78.30029	0	113.973	-0.6626892	-89.51581	3.710069	


Angle MV instances
Rotate	3.333099	2.578751	2.813187	3.516479	5.157501	16.41025	27.42853	37.50912	19.45786	5.157501	3.750916	
ChildRotate	2.578735	7.736252	7.970682	18.52012	5.157501	12.4249	15.94138	16.41025	11.72159	2.34433	2.34433	2.34433	2.109894	2.813171	2.109863	
RotateInverse	
ChildRotateInverse	3.699976	2.72328	9.377282	9.611711	3.750907	11.95603	35.39924	42.90106	3.516479	4.688644	10.54944	29.53844	8.673985	15.23808	16.17581	9.61171	2.109886	2.813179	5.626373	7.032959	6.329666	2.813194	
Docking x	2.630829	4.072052	4.069794	5.854989	11.59961	11.21822	3.009702	2.075511	3.869736	2.21491	2.447669	
Docking y	12.45389	20.34198	9.762421	3.398682	3.346985	4.257019	3.02829	5.128876	7.231934	2.251465	2.239258	2.070313	
Docking z	2.169525	2.732117	2.533936	2.23642	7.408195	2.943569	9.409761	7.33654	3.831463	5.310673	3.466034	4.260265	2.509159	4.55777	9.62619	9.953632	8.943768	6.330902	2.712666	
Total MV Amount	710.6246


Angle TRE instances
Rotate	22	
ChildRotate	
RotateInverse	1	
ChildRotateInverse	26	40	
Docking x	1	4	10	12	14	36	54	60	62	
Docking y	37	57	59	
Docking z	1	5	66	
Total TRE Count	16


Correct Angles	Rotate	ChildRotate	RotateInverse	ChildRotateInverse	Docking x	Docking y	Docking z
	-90	-129.0768	0	89.99999	-5.008957E-06	-90	5.008957E-06

Angle Error	Rotate	ChildRotate	RotateInverse	ChildRotateInverse	Docking x	Docking y	Docking z
	1.423645	48.90105	0	25.14514	0.6191051	0.8079224	3.694672

Time Taken	Hours	Minutes	Seconds	Milliseconds	Seconds float	Completion time
	0	0	4	132	4.131507	00h:00m:04s:132ms

Final Results	Tester Name	Time of Test	Dock Shape Style	Virtual Device Visible	Time Taken	Shape Precision %	Orientation Precision %	Overall Precision %	Efficiency %	Difficulty	Total MV	Total TRE	
	0	2018-11-20_10:14:35	Ltd Random	True	00h:00m:04s:132ms	89.51808	99.16618	93.60384	91.46962	0.4434187	710.6246	16	
