
Angles Over Time
Frames	Rotate	ChildRotate	RotateInverse	ChildRotateInverse	Docking x	Docking y	Docking z	
0	-58.02032	-88.14642	0	137.2615	81.16882	12.76454	121.0816	
1	-58.25476	-88.84973	0	137.0271	80.12178	11.71688	115.6768	
2	-59.66135	-88.6153	0	137.2615	76.23117	9.033381	106.6082	
3	-65.28772	-73.61166	0	137.2615	70.39155	14.08215	104.1151	
4	-72.08624	-51.57504	0	136.5582	62.35285	19.26396	94.99425	
5	-75.36829	-25.08423	0	137.2615	51.23438	23.84402	73.60249	
6	-75.60272	-20.63004	0	137.2615	36.99676	26.0039	46.23673	
7	-63.41226	-17.81683	0	137.2615	24.14803	27.17315	21.40144	
8	-35.04599	-12.4249	0	137.2615	16.84976	27.8241	-5.318176	
9	-16.52585	-6.798523	0	135.8549	16.88275	25.6248	-20.94504	
10	-2.928802	1.406588	0	136.5582	11.26062	26.38747	-29.9556	
11	0.3532504	1.641016	0	137.0271	12.27444	24.74227	-27.72784	
12	0.8221147	1.875452	0	137.0271	11.02569	22.78235	-25.9809	
13	1.056543	1.875452	0	114.756	9.606783	21.48613	-22.41464	
14	0.8221146	1.875452	0	90.84399	6.812598	20.32007	-17.90237	
15	1.056543	1.172152	0	48.64623	5.233821	19.08533	-12.50342	
16	0.3532502	1.641016	0	-0.3500671	6.433609	17.56825	-5.641785	
17	-6.679718	1.641016	0	20.98325	5.570976	16.69876	2.765872	
18	-6.914154	1.641016	0	32.93928	5.754937	15.61376	-0.4363403	
19	-6.445282	1.406588	0	32.70485	4.347273	14.8133	0.5880331	
20	-6.679718	0.2344228	0	31.76712	4.490524	14.97149	-1.170013	
21	-5.038696	0.4688589	0	32.47042	2.510472	15.3016	-2.069275	
22	-5.038696	-3.282043	0	24.96859	2.169578	15.49697	-1.422241	
23	-0.5844727	-3.282043	0	17.46677	-0.2732849	15.63961	-0.4289246	
24	0.1188134	-3.047607	0	11.1371	0.3939638	15.72225	-0.5079956	
25	0.1188134	-3.047607	0	-0.3500671	0.1821126	15.65941	-0.6767273	
26	0.8221139	-1.875458	0	0.1187996	0.4641387	15.41868	-0.8788757	
27	0.3532495	-1.641022	0	-0.8189392	-0.2400513	15.15685	-0.7001953	
28	0.5876779	-1.875458	0	-0.3500671	-0.3619995	15.15686	-0.7218323	
29	0.822114	-1.641022	0	-0.3500671	-0.5259705	15.15781	-0.7251282	
30	0.587678	-1.875458	0	-0.5845032	-0.934021	15.16037	-0.6843567	
31	0.8221141	-2.578766	0	0.3532357	-1.00354	15.15949	-0.7289124	
32	0.1188136	-1.875458	0	-0.3500671	-1.104553	15.15926	-0.7597656	
33	0.8221141	-1.875458	0	-0.5845032	-1.082275	15.15812	-0.7944946	


Angle MV instances
Rotate	58.02032	5.626373	6.798523	3.282043	12.19046	28.36627	18.52014	13.59705	3.282053	7.032968	4.454224	
ChildRotate	88.14642	15.00363	22.03662	26.49081	4.454193	2.813202	5.391937	5.626373	8.205111	3.750902	
RotateInverse	
ChildRotateInverse	137.2615	22.27106	23.91206	42.19776	48.9963	21.33331	11.95603	7.501823	7.501823	6.329668	11.48717	
Docking x	81.16882	3.89061	5.839622	8.038696	11.11848	14.23762	12.84873	7.298269	5.622131	2.794185	
Docking y	12.76454	2.683503	5.048767	5.181811	4.580059	2.159878	2.199301	
Docking z	121.0816	5.404839	9.068573	2.493111	9.12088	21.39175	27.36576	24.83529	26.71962	15.62686	9.010559	2.227753	3.566254	4.512268	5.398956	6.861633	8.407657	3.202212	
Total MV Amount	1177.609


Angle TRE instances
Rotate	11	17	23	
ChildRotate	11	
RotateInverse	1	
ChildRotateInverse	25	
Docking x	20	
Docking y	
Docking z	18	
Total TRE Count	7


Correct Angles	Rotate	ChildRotate	RotateInverse	ChildRotateInverse	Docking x	Docking y	Docking z
	-4.944403E-09	-2.862015E-18	0	2.353088E-08	0	0	0

Angle Error	Rotate	ChildRotate	RotateInverse	ChildRotateInverse	Docking x	Docking y	Docking z
	0.8221141	1.875458	0	0.5845032	1.183289	15.15797	0.8253174

Time Taken	Hours	Minutes	Seconds	Milliseconds	Seconds float	Completion time
	0	0	2	4	2.004282	00h:00m:02s:004ms

Final Results	Tester Name	Time of Test	Dock Shape Style	Virtual Device Visible	Time Taken	Shape Precision %	Orientation Precision %	Overall Precision %	Efficiency %	Difficulty	Total MV	Total TRE	
	1	2018-11-07_09:22:21	ZEROING DATA	True	00h:00m:02s:004ms	99.54416	97.04013	98.37709	100	3.16392E-11	1177.609	7	
