
Angles Over Time
Frames	Rotate	ChildRotate	RotateInverse	ChildRotateInverse	Docking x	Docking y	Docking z	
0	-0.6742859	0.7033695	0	-0.2054749	0	0	0	
1	0	-0.234436	0	0	-0.02554321	-8.750783E-05	0.001915798	
2	0	0.234436	0	0.4688644	-0.02554321	-8.750783E-05	0.001915798	
3	0	-2.668037E-08	0	0.2344284	-0.02554321	-8.750783E-05	0.001915798	
4	0	-2.668037E-08	0	1.172157	-0.05706787	-0.01028442	-0.005703124	
5	-0.234436	0.234436	0	3.685133E-08	-0.08261108	-0.01037598	-0.003785097	
6	0.4688645	-2.668037E-08	0	3.685133E-08	-0.1651001	-0.01092529	-0.007873535	
7	0.4688645	0.4688644	0	0.2344284	-0.1906433	-0.01101685	-0.005950928	
8	5.336041E-08	0.234436	0	0.4688645	-0.1906433	-0.01101685	-0.005950928	
9	0.2344285	-0.234436	0	0.7032928	-0.1906433	-0.01101685	-0.005950928	
10	-0.234436	0	0	0.2344285	-0.2063599	-0.01119995	-0.009887695	
11	0.2344285	0	0	0.2344285	-0.2142639	-0.01046753	0.02151339	
12	5.336074E-08	0	0	0.2344285	-0.1063538	-0.008087158	0.09045906	
13	5.336074E-08	0	0	0.2344285	-0.1628418	-0.08773804	0.2203352	
14	5.336074E-08	-0.7033081	0	6.329659	0.0142022	-1.265137	0.7687265	
15	-0.4688721	-7.970673	0	15.23807	0.7737752	-3.065796	1.204811	
16	-0.4688721	-12.89377	0	29.304	1.576619	-1.859039	1.899347	
17	-0.234436	-13.59705	0	29.77287	2.85242	-1.059479	3.830896	
18	8.004111E-08	-13.59705	0	29.53843	6.021	-0.4090576	2.016759	
19	0.2344285	-13.59705	0	29.53843	11.49844	-0.5471191	2.391264	
20	0.2344285	-7.736237	0	29.77287	18.64949	-0.2091064	3.442593	
21	-0.234436	-7.501831	0	29.77287	26.04387	0.8366632	2.179946	
22	-0.234436	-7.501831	0	29.53843	32.91008	3.152821	3.384968	
23	1.067215E-07	-7.501831	0	29.53843	39.52967	4.631721	6.027275	
24	1.067215E-07	-7.501831	0	32.35162	48.92599	7.197659	8.580768	
25	1.067215E-07	-7.970673	0	47.35527	58.93223	9.442472	10.93718	
26	1.067215E-07	-18.05127	0	58.608	70.32265	17.46157	18.73327	
27	0.2344285	-22.27106	0	72.67392	77.35274	37.67272	40.93373	
28	0.7032929	-22.97433	0	78.06585	82.79829	100.214	103.6481	
29	0.7032929	-22.97433	0	76.42484	76.74876	154.321	155.2407	
30	0.7032929	-23.67761	0	78.30029	66.73907	169.8231	168.885	
31	0.7032929	-24.14648	0	87.91199	61.56904	171.9954	168.7544	
32	0.2344285	-25.08423	0	94.00723	56.05452	167.2197	163.8486	
33	0.4688645	-24.84979	0	97.05485	49.73955	166.8925	163.4431	
34	0.4688645	-24.84979	0	97.75814	49.37846	169.2939	163.8347	
35	0.4688645	-24.61536	0	102.4468	45.65774	176.8509	171.0544	
36	0.7032929	-24.84979	0	103.6189	40.90201	-176.7284	175.9516	
37	0.2344285	-24.84979	0	104.0878	40.25853	-175.3249	177.4725	
38	0.7032929	-24.84979	0	107.3699	37.12648	-172.2432	-179.7178	
39	0.9377288	-23.67761	0	116.5127	37.27578	-173.47	178.0742	
40	2.109886	-16.41025	0	122.1391	37.49718	-173.3989	174.1613	
41	2.578751	-16.17581	0	122.1391	35.08583	-173.1725	172.8677	
42	2.578751	-16.17581	0	120.9669	33.80721	-173.3627	173.3193	
43	1.875458	-15.94138	0	120.9669	33.26769	-172.8	174.4122	
44	2.344322	-15.94138	0	117.6849	31.20377	-172.1398	175.5722	
45	2.109886	-16.17581	0	115.575	29.43528	-171.1213	175.518	
46	2.344322	-14.30035	0	115.3405	29.03862	-170.4934	174.9147	
47	2.578751	-14.30035	0	113.6995	30.28679	-170.2617	174.5105	
48	1.875458	-14.30035	0	113.934	29.4204	-170.1643	174.592	
49	2.109886	-13.83148	0	112.7618	29.34447	-170.261	175.7075	
50	2.344322	-14.06592	0	111.8241	30.04979	-170.6652	176.5285	
51	2.813179	-14.76923	0	110.6519	30.19003	-170.8985	177.4089	
52	2.813179	-15.00363	0	110.6519	30.73508	-170.8773	177.3937	
53	2.578751	-15.23807	0	110.183	31.24104	-170.8466	177.0329	
54	2.109886	-14.76923	0	110.6519	31.05781	-170.6465	176.8718	
55	2.344322	-15.00363	0	110.6519	30.85349	-170.5975	176.1893	
56	2.344322	-15.00363	0	110.6519	30.56305	-170.7478	175.5007	
57	2.578751	-15.00363	0	109.2453	29.41148	-171.3404	175.4235	
58	2.344322	-15.23807	0	105.0255	27.38885	-172.3387	175.7008	
59	1.641022	-15.00363	0	102.6812	25.20936	-173.4821	176.4412	
60	2.109886	-14.76923	0	101.7435	23.47151	-174.1936	176.9819	
61	2.344322	-14.76923	0	101.9779	22.37872	-174.4768	176.5904	
62	2.578751	-9.377289	0	101.9779	21.45161	-174.4052	174.7693	
63	2.813179	-6.095215	0	102.2124	19.75828	-174.5028	172.7768	
64	2.578751	-6.798523	0	101.2746	17.55803	-175.5194	172.7254	
65	2.109886	-6.564087	0	100.3369	14.83846	-176.9716	173.4872	
66	2.578751	-6.564087	0	97.28928	12.60301	-176.9168	174.5211	
67	2.109886	-6.564087	0	95.88269	11.36368	-176.7432	175.3636	
68	2.344322	-6.564087	0	95.64825	11.53097	-176.3676	176.469	
69	2.578751	-7.032959	0	94.71053	11.32681	-176.2403	177.3224	
70	1.406593	-6.798523	0	95.64825	11.33167	-176.2818	176.8283	
71	2.344322	-6.564087	0	95.88269	12.12352	-176.6983	175.7336	
72	2.578751	-6.329651	0	95.88269	12.83861	-176.9088	174.7058	
73	2.344322	-6.798523	0	95.88269	14.33376	-177.417	174.6017	
74	2.578751	-6.329651	0	96.11712	14.93743	-177.7855	174.9832	
75	2.578751	-6.798523	0	95.41383	15.68245	-178.1289	176.1217	
76	1.875458	-6.564087	0	96.11712	16.86635	-178.1699	177.1581	
77	2.344322	-6.798523	0	95.88269	17.72655	-178.2188	177.3035	
78	2.344322	-6.564087	0	95.88269	17.95651	-178.2294	177.3286	
79	2.344322	-6.564087	0	95.88269	18.18689	-178.3325	177.321	
80	2.344322	-6.798523	0	94.94496	18.61313	-178.1622	177.2697	
81	1.641022	-6.564087	0	95.64825	18.83558	-178.1649	177.1935	
82	1.875458	-6.564087	0	96.11712	18.89723	-178.174	177.1827	
83	2.578751	-6.564087	0	96.11712	19.13262	-178.2698	177.1598	
84	2.578751	-6.564087	0	96.11712	19.15522	-178.069	177.1096	
85	2.344322	-6.329651	0	95.88269	19.326	-178.061	176.9194	
86	2.109886	-7.032959	0	95.1794	19.34871	-178.0567	176.7737	
87	1.641022	-6.564087	0	96.11712	19.40073	-178.0618	176.6501	
88	2.578751	-6.564087	0	96.11712	19.52719	-177.7888	176.5828	
89	2.344322	-6.329651	0	96.11712	19.30577	-177.7725	176.3813	


Angle MV instances
Rotate	
ChildRotate	7.267365	4.923096	5.860809	10.0806	4.219788	7.267365	5.391937	3.282074	
RotateInverse	
ChildRotateInverse	6.09523	8.908415	14.06593	2.813189	15.00365	11.25273	14.06592	5.39193	9.61171	6.09523	3.047623	4.688644	3.282051	9.142845	5.626366	3.282043	2.109886	4.219772	2.344322	3.047615	
Docking x	3.168581	5.477437	7.151049	7.394388	6.866201	6.619595	9.396317	10.00624	11.39042	7.03009	5.445557	6.049538	10.00969	5.170029	5.514515	6.314976	3.720722	4.755733	3.13205	2.411358	2.063919	2.022625	2.179491	2.200251	2.719568	2.235448	
Docking y	2.316158	2.565939	2.244812	8.019095	20.21115	62.54126	54.10699	15.50217	2.172241	4.775681	2.401459	7.556946	3.081665	
Docking z	2.642307	2.553493	2.356413	7.796086	22.20047	62.71441	51.5926	13.64423	4.905807	7.219772	4.897141	357.1903	3.912949	
Total MV Amount	1053.955


Angle TRE instances
Rotate	1	
ChildRotate	1	15	
RotateInverse	1	
ChildRotateInverse	32	33	69	70	80	81	
Docking x	1	17	
Docking y	
Docking z	
Total TRE Count	8


Correct Angles	Rotate	ChildRotate	RotateInverse	ChildRotateInverse	Docking x	Docking y	Docking z
	-1.279049E-34	0	0	90	-3.143555	-163.7944	-156.6663

Angle Error	Rotate	ChildRotate	RotateInverse	ChildRotateInverse	Docking x	Docking y	Docking z
	2.344322	6.329651	0	5.88269	21.87108	14.08481	-27.74707

Time Taken	Hours	Minutes	Seconds	Milliseconds	Seconds float	Completion time
	0	0	5	319	5.319462	00h:00m:05s:319ms

Final Results	Tester Name	Time of Test	Dock Shape Style	Virtual Device Visible	Time Taken	Shape Precision %	Orientation Precision %	Overall Precision %	Efficiency %	Difficulty	Total MV	Total TRE	
	1	2018-11-07_09:27:08	Presets_dockPreset_5	False	00h:00m:05s:319ms	97.97824	92.25336	93.78892	90.87359	0.4595603	1053.955	8	
