
Angles Over Time
Frames	Rotate	ChildRotate	RotateInverse	ChildRotateInverse	Docking x	Docking y	Docking z	
0	-0.4742432	2.344394	0	1.635656	-0.003034903	1.718214	-0.05157471	
1	-1.355133	0.7033005	0	-1.589569	-0.003054746	0.9257076	-0.01916504	
2	0.05147144	0.7033005	0	-1.589569	-0.008331299	2.641536	-0.09625244	
3	0.05147144	0.7033005	0	-1.589569	-0.009338379	3.432773	-0.1128235	
4	-0.1829529	0.7033005	0	-1.355133	-0.009338379	3.432773	-0.1128235	
5	-0.1829529	0	0	-0.651825	-0.007171631	4.090371	-0.1425171	
6	-0.651825	0.4688644	0	-0.886261	-0.01409912	4.856012	-0.1680603	
7	-0.1829529	0.7033004	0	-1.589569	-0.01312256	6.625005	-0.2466431	
8	0.2859074	0.9377288	0	-1.823975	-0.0241394	7.650959	-0.2875366	
9	0.05147135	0.7033004	0	-1.823975	-0.02130127	7.604009	-0.2611084	
10	0.05147135	0.7033004	0	-1.589569	0.02330557	6.679707	-0.06622314	
11	0.05147135	0.4688644	0	-0.886261	-0.04669189	4.040487	0.9971796	
12	-0.4173889	0.7033004	0	-1.823975	0.07641187	-0.6154785	0.6868553	
13	-0.1829529	-0.4688721	0	-1.589569	0.1857128	-6.084839	1.05077	
14	-0.1829529	-8.205109	0	-1.823975	0.7711146	-10.06549	0.8141772	
15	-0.1829529	-27.42856	0	-1.355133	0.4298527	-10.71442	0.7054408	
16	-0.1829529	-32.35162	0	-0.886261	2.958178	-7.181427	0.3592441	
17	-0.651825	-26.25638	0	-1.120697	3.167096	-3.179474	-0.5375366	
18	-0.4173889	-16.87912	0	-1.589569	3.135813	6.749047	-1.382507	
19	-0.1829529	-16.87912	0	1.926922	2.925208	20.48229	-2.445068	
20	-0.1829529	-15.94138	0	1.458057	3.293926	40.50931	-2.458252	
21	-0.1829529	-8.908417	0	-1.589569	2.7034	55.75161	-3.251801	
22	-0.1829529	-9.377289	0	0.2858998	2.538192	70.00974	-3.343811	
23	-0.886261	-8.908417	0	-1.589569	2.165538	81.81853	-3.409119	
24	0.05147148	1.875456	0	-1.589569	1.228563	99.53138	-3.797394	
25	1.458065	2.34432	0	-1.589569	2.118164	116.4644	-2.596771	
26	1.692493	2.34432	0	-1.355133	3.302114	133.2516	-2.047882	
27	1.458065	2.109892	0	-1.823975	3.540793	146.5279	-1.778717	
28	1.692493	1.641027	0	-1.120697	3.716523	154.3212	-1.661133	
29	0.7547719	1.875456	0	-1.823975	3.480794	157.143	-1.504242	
30	1.458065	2.109892	0	-1.589569	3.530152	157.0775	-1.461273	
31	1.223636	1.875456	0	-1.589569	4.236384	156.8554	-1.525452	
32	1.223636	1.875456	0	-1.823975	3.802252	156.8028	-1.424347	
33	1.223636	1.172163	0	-1.120697	3.665172	156.8063	-1.408844	
34	0.5203359	1.875456	0	-1.120697	3.509936	157.0952	-1.386383	
35	0.9892003	2.109892	0	-1.589569	3.532476	157.6719	-1.334503	
36	1.458065	1.875456	0	-1.589569	3.72483	157.9089	-0.9335938	
37	1.223636	2.109892	0	-1.823975	3.345271	158.3956	0.5738959	
38	1.223636	1.875456	0	-1.823975	3.502412	158.7117	0.6238173	
39	0.9892003	1.406591	0	13.17966	3.586931	158.8421	0.7083804	
40	0.2859074	1.641027	0	23.96353	3.599698	158.9988	1.559247	
41	0.9892003	1.875456	0	45.06241	3.780804	159.0819	1.654749	
42	0.9892003	2.34432	0	70.6155	3.692665	159.649	4.695671	
43	1.223636	2.34432	0	98.74733	3.736876	160.6901	5.347287	
44	-0.651825	2.34432	0	117.7363	3.585661	161.3331	7.306922	
45	-0.651825	1.641027	0	134.6154	3.802509	161.1739	5.517284	
46	-1.355133	2.109892	0	135.5531	3.772104	160.621	4.945625	
47	-1.120697	2.109892	0	135.0843	3.655113	160.3055	4.680151	
48	-1.120697	1.875456	0	135.5531	3.746049	160.0447	4.41378	
49	-1.120697	2.109892	0	135.5531	3.849953	159.458	4.056642	
50	-1.120697	1.406591	0	134.381	3.957405	158.5881	3.278048	
51	-1.589539	1.406591	0	136.2564	4.025426	158.1113	2.341789	
52	-1.120697	1.875456	0	136.4909	4.369689	157.5496	0.8683152	
53	-1.120697	2.109892	0	137.1942	4.291853	157.3892	0.9439971	
54	-0.886261	1.875456	0	137.4286	4.077239	157.4841	1.730301	
55	-0.886261	2.109892	0	137.1942	4.022342	157.6827	1.442888	
56	-0.886261	1.641027	0	136.7253	4.49326	157.729	0.5402846	
57	-1.355133	2.109892	0	137.4286	6.585991	157.6229	1.779496	
58	-1.120697	1.875456	0	137.4286	9.429579	156.7154	1.644345	
59	-0.886261	1.875456	0	136.9597	14.9246	156.7349	-2.374634	
60	-0.651825	1.875456	0	137.1942	20.81733	157.7252	-2.127106	
61	-0.886261	-5.157501	0	135.0843	23.67443	158.4364	-1.19696	
62	-1.355133	-5.391937	0	136.2564	28.60496	159.4498	-0.8775635	
63	-1.120697	-5.157501	0	133.4433	36.1082	160.5344	-1.410492	
64	-0.886261	-4.923065	0	125.2381	46.66667	161.2175	-1.21579	
65	-0.651825	-3.282043	0	121.2528	59.12538	163.2241	0.2603967	
66	-0.651825	-3.282043	0	119.3773	63.83196	160.816	-0.3509216	
67	-0.651825	-3.985352	0	118.674	64.29384	158.7305	-1.435638	
68	-1.120697	-5.157501	0	119.1429	63.98378	157.9839	-0.7364807	
69	-0.651825	-5.391937	0	119.3773	64.13055	158.9107	-0.03768921	
70	-0.651825	-5.391937	0	119.3773	63.92525	159.3271	-0.1737976	
71	-0.886261	-6.564087	0	119.3773	64.05823	158.7767	-0.2440186	
72	-0.651825	-8.439545	0	117.7363	64.47771	158.5557	-0.02874756	
73	-1.120697	-7.970703	0	118.674	64.44075	157.8382	-0.5162354	
74	-1.120697	-7.736267	0	119.1429	64.46909	157.0296	-1.036194	
75	-0.886261	-7.736267	0	119.3773	64.52219	156.7457	-1.145508	
76	-0.4173889	-7.501831	0	119.3773	64.61443	156.6945	-1.078705	
77	-0.4173889	-7.736267	0	119.3773	64.53781	156.7022	-1.088745	
78	-0.651825	-8.205109	0	118.674	64.4944	156.597	-1.011749	


Angle MV instances
Rotate	
ChildRotate	2.344394	7.736237	19.22345	4.923065	6.095245	9.377258	7.032959	10.78387	7.032957	
RotateInverse	
ChildRotateInverse	15.00363	10.78387	21.09888	25.55309	28.13183	18.989	16.8791	2.109879	2.813171	8.205124	3.985344	
Docking x	2.528325	2.092731	2.843587	5.49502	5.892733	2.857096	4.930531	7.503246	10.55847	12.45871	4.706581	
Docking y	2.63922	4.655965	5.46936	3.980652	3.53299	4.001953	9.92852	13.73325	20.02702	15.24229	14.25813	11.80879	17.71285	16.93299	16.78726	13.27629	7.793304	2.821747	2.006592	2.408035	2.08551	
Docking z	3.040922	
Total MV Amount	484.113


Angle TRE instances
Rotate	1	
ChildRotate	1	14	24	61	64	68	
RotateInverse	1	
ChildRotateInverse	
Docking x	
Docking y	
Docking z	43	51	
Total TRE Count	7


Correct Angles	Rotate	ChildRotate	RotateInverse	ChildRotateInverse	Docking x	Docking y	Docking z
	-5.720036E-36	0	0	90	34.98027	-168.9741	8.109267

Angle Error	Rotate	ChildRotate	RotateInverse	ChildRotateInverse	Docking x	Docking y	Docking z
	0.886261	7.736267	0	29.61178	29.49622	-34.65912	9.353316

Time Taken	Hours	Minutes	Seconds	Milliseconds	Seconds float	Completion time
	0	0	4	660	4.659712	00h:00m:04s:660ms

Final Results	Tester Name	Time of Test	Dock Shape Style	Virtual Device Visible	Time Taken	Shape Precision %	Orientation Precision %	Overall Precision %	Efficiency %	Difficulty	Total MV	Total TRE	
	1	2018-11-07_09:26:11	Presets_dockPreset_5	False	00h:00m:04s:660ms	94.68968	91.84955	91.13151	95.80439	0.3356262	484.113	7	
