
Angles Over Time
Frames	Rotate	ChildRotate	RotateInverse	ChildRotateInverse	Docking x	Docking y	Docking z	
0	-64.70328	-91.66293	0	111.1208	84.2993	76.44663	95.28583	
1	-64.70328	-90.25635	0	109.4797	84.07523	75.18007	93.67916	
2	-59.78021	-90.95966	0	95.88267	82.51018	64.1096	80.66206	
3	-46.41757	-91.42853	0	72.43947	78.64773	52.99787	64.65082	
4	-27.89746	-92.13181	0	66.1098	75.66327	34.16373	36.61732	
5	-4.923126	-81.11349	0	48.5274	70.73974	20.85093	22.72115	
6	-4.68869	-53.9194	0	33.99263	59.75095	12.67848	15.08981	
7	-4.454254	-44.07324	0	15.00363	44.35132	8.979113	13.38499	
8	-4.923126	-36.57141	0	11.25272	35.40379	6.87642	14.10756	
9	-4.923126	-28.83517	0	14.7692	28.8418	5.7211	2.994925	
10	-4.923126	-26.49084	0	14.7692	25.86318	6.606382	2.999997	
11	-3.985382	-21.09891	0	14.7692	21.18427	6.951622	0.7852496	
12	-2.109924	-18.98901	0	15.4725	14.10339	5.551051	-0.5531921	
13	-2.109924	-15.94141	0	12.89375	12.43524	4.336059	-0.6059265	
14	-1.875488	-15.70697	0	9.377268	8.561768	3.696471	-0.7982178	
15	-1.641052	-15.47253	0	9.377268	4.665862	3.563442	-0.82724	
16	-1.406647	-15.70697	0	-0.4688721	3.667597	3.021044	-0.6469421	
17	-1.172211	-14.06595	0	-0.4688721	3.157565	2.272888	-0.1904602	
18	-1.406647	-11.72162	0	0.4688512	2.81266	0.5807827	-0.04800415	
19	-1.641052	-9.377319	0	-0.234436	2.755277	-0.4397888	-0.0461731	
20	-1.172211	-7.267426	0	-0.234436	2.638196	-1.271667	0.0327937	
21	-1.406647	-5.391968	0	-0.234436	1.64599	-1.541321	0.4575787	
22	-1.172211	-5.157532	0	-0.234436	1.363338	-1.664795	0.5239459	
23	-1.641052	-4.219818	0	-0.4688721	1.096887	-1.70108	0.5759348	
24	-1.406647	-4.454254	0	0.2344152	0.7734877	-1.763489	0.6301616	
25	-1.641052	-4.219818	0	-1.319407E-05	0.7323449	-1.764008	0.6337365	
26	-1.172211	-4.219818	0	-1.319407E-05	0.7412903	-1.764038	0.6265791	
27	-1.406647	-4.219818	0	-0.234436	1.020739	-1.758575	0.6086379	
28	-1.406647	-4.219818	0	-0.234436	0.7287614	-1.763275	0.6659482	
29	-1.641052	-4.923096	0	1.172144	0.6214282	-1.764618	0.6784657	
30	-1.875488	-4.68866	0	0.2344154	0.5409286	-1.766052	0.6695132	
31	-1.641052	-3.985382	0	-1.299334E-05	0.4264331	-1.7677	0.6730881	
32	-1.406647	-4.219818	0	-0.234436	0.2385783	-1.770508	0.6766681	


Angle MV instances
Rotate	64.70328	4.923065	13.36264	18.52011	22.97433	
ChildRotate	91.66293	11.01831	27.19409	9.846161	7.501831	7.736237	2.34433	5.391937	2.109894	3.047607	2.34433	2.344299	2.109894	
RotateInverse	
ChildRotateInverse	111.1208	13.59706	23.4432	6.329666	17.5824	14.53478	18.98899	3.750916	3.516481	2.57875	3.51648	9.84614	
Docking x	84.2993	3.86245	2.984459	4.923531	10.98879	15.39963	8.947529	6.561991	2.978621	4.678907	7.080882	3.873468	3.895906	
Docking y	76.44663	11.07047	11.11173	18.83414	13.3128	8.172446	3.699368	2.102693	
Docking z	95.28583	13.01711	16.01124	28.0335	13.89617	7.63134	11.11263	2.214748	
Total MV Amount	1020.369


Angle TRE instances
Rotate	6	
ChildRotate	24	
RotateInverse	1	
ChildRotateInverse	17	
Docking x	16	
Docking y	14	
Docking z	10	
Total TRE Count	6


Correct Angles	Rotate	ChildRotate	RotateInverse	ChildRotateInverse	Docking x	Docking y	Docking z
	-1.061919E-08	-1.349336E-17	0	5.243625E-08	0	0	0

Angle Error	Rotate	ChildRotate	RotateInverse	ChildRotateInverse	Docking x	Docking y	Docking z
	1.172211	4.219818	0	0.2344361	0.1723779	1.771362	0.6856181

Time Taken	Hours	Minutes	Seconds	Milliseconds	Seconds float	Completion time
	0	0	1	946	1.946062	00h:00m:01s:946ms

Final Results	Tester Name	Time of Test	Dock Shape Style	Virtual Device Visible	Time Taken	Shape Precision %	Orientation Precision %	Overall Precision %	Efficiency %	Difficulty	Total MV	Total TRE	
	1	2018-11-07_09:25:44	ZEROING DATA	True	00h:00m:01s:946ms	99.21854	99.54501	99.34477	100	7.00616E-11	1020.369	6	
