
Angles Over Time
Frames	Rotate	ChildRotate	RotateInverse	ChildRotateInverse	Docking x	Docking y	Docking z	
0	-84.6597	-101.2746	0	92.80534	58.78551	41.73988	-16.96854	
1	-84.6597	-101.2746	0	92.80534	56.44145	35.38351	-17.32819	
2	-84.6597	-101.0402	0	93.03976	52.8834	29.67958	-15.59857	
3	-84.6597	-99.39917	0	91.86761	48.61728	23.23774	-8.937195	
4	-83.01868	-100.3369	0	92.33648	42.04564	21.5251	1.56656	
5	-84.19086	-101.0402	0	92.80534	31.92019	16.96254	15.16619	
6	-84.6597	-101.509	0	92.80534	22.49766	8.471953	22.42826	
7	-85.12857	-101.509	0	93.03977	16.95457	0.6349508	17.81786	
8	-85.12857	-101.9779	0	89.99216	15.80444	-3.873932	13.85802	
9	-85.12857	-101.0402	0	78.03612	12.13529	-8.543854	12.76399	
10	-84.19086	-101.7435	0	75.22295	4.908648	-12.24615	10.96264	
11	-84.6597	-101.509	0	69.831	1.459068	-13.99564	9.93078	
12	-84.6597	-101.7435	0	68.18998	1.418919	-13.66275	7.927883	
13	-84.6597	-106.4321	0	59.98486	1.588613	-13.07703	7.553397	
14	-75.51685	-105.26	0	30.21199	1.599292	-10.97925	5.927519	
15	-67.78061	-109.4797	0	7.003229	1.003704	-8.931549	11.08565	
16	-60.27878	-109.9486	0	3.955613	1.120172	-8.037659	11.21574	
17	-49.4949	-111.1208	0	-0.7330322	1.147215	-7.918335	10.87434	
18	-43.39966	-111.1208	0	-0.4985962	1.406868	-8.091705	7.946942	
19	-32.14694	-98.46143	0	-0.7330322	1.547589	-8.187897	7.120754	
20	-27.22388	-79.70688	0	-0.2641602	2.270309	-7.437653	4.479181	
21	-24.41068	-55.32596	0	-0.7330322	2.400041	-5.562317	2.082467	
22	-22.06635	-49.69958	0	-0.7330322	2.721152	-4.161011	0.5537282	
23	-16.67441	-43.36993	0	-0.9674683	2.6644	-3.937256	0.506238	
24	-11.98578	-33.0549	0	-0.7330322	2.647595	-4.048767	0.5371477	
25	-10.11032	-33.0549	0	-0.02972412	2.684861	-4.11911	0.5822415	
26	-9.172607	-24.61536	0	-0.2641602	2.655477	-4.280701	0.6531299	
27	-7.29715	0.4688659	0	-0.7330322	2.657898	-4.357452	0.7268979	
28	-5.421692	0.9377301	0	-0.4985962	2.457319	-4.581757	0.5841367	
29	-5.187256	0.7033018	0	-0.4985962	2.430764	-4.322357	0.5555582	
30	-5.421692	0.7033018	0	-0.7330322	2.442293	-4.022186	0.539195	
31	-5.187256	-0.234436	0	0.6735619	2.504187	-3.61142	0.5687311	
32	-5.890564	0.7033018	0	-0.7330322	2.478044	-3.09845	0.5634806	
33	-5.421692	0.7033018	0	-0.4985962	2.448647	-2.328552	0.6134131	
34	-5.421692	0.9377301	0	-0.4985962	2.446911	-2.204102	0.6699231	


Angle MV instances
Rotate	84.6597	9.142853	7.736237	7.501831	10.78387	6.095245	11.25272	4.923065	2.813202	2.34433	5.391937	4.688629	
ChildRotate	101.2746	4.68866	4.219772	12.65933	18.75455	24.38092	5.626373	6.329651	10.31503	8.439545	25.08422	
RotateInverse	
ChildRotateInverse	92.80534	3.047615	11.95604	2.813164	5.391953	8.20512	29.77287	23.20876	3.047616	4.688645	
Docking x	58.78551	2.344059	3.558044	4.266129	6.571632	10.12546	9.422525	5.543085	3.669151	7.226642	3.44958	
Docking y	41.73988	6.356365	5.703938	6.441841	4.562561	8.49059	7.837003	4.508883	4.669922	3.702301	2.097778	2.047699	
Docking z	16.96854	6.661377	10.50376	13.59963	7.26207	4.610409	3.959838	2.002898	5.158134	2.927396	2.641573	2.396714	
Total MV Amount	855.8563


Angle TRE instances
Rotate	
ChildRotate	28	
RotateInverse	1	
ChildRotateInverse	17	
Docking x	11	
Docking y	8	9	22	
Docking z	20	
Total TRE Count	7


Correct Angles	Rotate	ChildRotate	RotateInverse	ChildRotateInverse	Docking x	Docking y	Docking z
	-8.317718E-09	-7.724586E-19	0	8.317718E-09	0	0	0

Angle Error	Rotate	ChildRotate	RotateInverse	ChildRotateInverse	Docking x	Docking y	Docking z
	5.421692	0.9377301	0	0.2641602	2.445713	2.033112	0.6525515

Time Taken	Hours	Minutes	Seconds	Milliseconds	Seconds float	Completion time
	0	0	2	63	2.063333	00h:00m:02s:063ms

Final Results	Tester Name	Time of Test	Dock Shape Style	Virtual Device Visible	Time Taken	Shape Precision %	Orientation Precision %	Overall Precision %	Efficiency %	Difficulty	Total MV	Total TRE	
	1	2018-11-07_09:26:38	ZEROING DATA	True	00h:00m:02s:063ms	99.08006	99.50266	99.06707	100	1.848382E-11	855.8563	7	
