
Angles Over Time
Frames	Rotate	ChildRotate	RotateInverse	ChildRotateInverse	Docking x	Docking y	Docking z	
0	-104.6412	-87.44315	0	71.65177	5.135643	-90.96741	-70.54971	
1	-104.8756	-85.56769	0	68.36972	5.530275	-89.53162	-67.05048	
2	-104.6412	-79.23801	0	72.35507	5.243189	-84.49457	-64.5358	
3	-100.6558	-52.27832	0	71.88621	4.981015	-78.57339	-56.95242	
4	-99.95251	-40.08786	0	69.77632	4.287989	-69.6098	-51.81744	
5	-100.6558	-37.27469	0	68.13529	3.2856	-60.50699	-47.61832	
6	-100.8903	-22.27106	0	64.6188	2.779072	-49.94916	-35.4808	
7	-101.1247	2.109882	0	63.44665	2.29799	-43.71301	-30.12994	
8	-101.1247	2.109882	0	61.33676	2.118542	-40.27347	-28.52307	
9	-100.8903	1.17216	0	52.19392	1.969487	-35.19095	-23.91974	
10	-93.38843	1.641017	0	51.02175	1.658226	-28.88239	-20.58594	
11	-68.77307	1.641017	0	50.55288	-1.17453	-19.17978	-28.2189	
12	-20.94891	1.641017	0	50.78732	-3.181305	-15.46796	-31.87982	
13	-12.50937	1.875453	0	50.55288	-0.9100952	-14.30557	-24.28741	
14	-10.63391	0.4688598	0	48.67744	-1.684662	-12.02649	-22.28595	
15	-9.227325	1.406589	0	19.60786	-1.684387	-9.732361	-15.50613	
16	-8.524017	-22.27106	0	-1.022156	-2.194275	-7.138275	0.3371026	
17	-12.0405	-30.94504	0	-0.7877197	-0.4966125	-5.268829	1.986603	
18	2.259836	-26.49081	0	-0.7877197	-0.4487305	-5.01178	1.500844	
19	2.494272	-20.3956	0	-1.022156	-0.545166	-3.980377	1.384864	
20	2.728701	0.7032987	0	-0.3188477	-0.7718201	-2.866455	1.217907	
21	2.728701	1.172163	0	-0.5532837	-1.513123	-2.378723	1.31863	
22	2.963138	1.172163	0	-1.022156	-1.385834	-2.376984	1.266704	
23	3.432002	1.172163	0	-0.7877197	-1.267181	-2.37619	1.193594	
24	3.432002	0.9377269	0	-1.022156	-1.273834	-2.377686	1.146879	
25	3.432002	0.2344341	0	0.1500113	-1.222748	-2.382507	1.08931	
26	2.728701	0.7032985	0	-0.3188477	-1.192902	-2.381439	1.101853	
27	2.963138	1.406591	0	-0.5532837	-1.188599	-2.381042	1.112452	
28	3.197566	1.172163	0	-1.022156	-1.175995	-2.381622	1.082603	


Angle MV instances
Rotate	104.6412	3.985336	7.501831	24.61536	47.82416	8.439545	3.516479	14.30033	
ChildRotate	87.44315	6.329681	26.95969	12.19046	2.813171	15.00363	24.38094	23.67765	8.673981	4.454224	6.095215	21.0989	
RotateInverse	
ChildRotateInverse	71.65177	3.282051	3.985352	2.109886	3.516487	2.109894	9.142841	29.06957	20.63002	
Docking x	5.135643	2.006775	2.27121	
Docking y	90.96741	5.037048	5.921173	8.963593	9.102814	10.55783	6.236145	3.439545	5.08252	6.308563	9.702606	3.711823	2.279083	2.294128	2.594086	
Docking z	70.54971	3.499237	2.514679	7.583374	5.134979	4.199127	12.13751	5.350861	4.603333	3.333801	7.632965	3.660919	7.592407	2.001465	6.779816	15.84324	
Total MV Amount	943.472


Angle TRE instances
Rotate	19	
ChildRotate	8	16	20	
RotateInverse	1	
ChildRotateInverse	17	
Docking x	4	
Docking y	20	
Docking z	17	
Total TRE Count	8


Correct Angles	Rotate	ChildRotate	RotateInverse	ChildRotateInverse	Docking x	Docking y	Docking z
	-3.741549E-07	-1.560677E-15	0	3.741549E-07	0	0	0

Angle Error	Rotate	ChildRotate	RotateInverse	ChildRotateInverse	Docking x	Docking y	Docking z
	3.666431	1.406592	0	1.022156	1.167755	2.382629	1.042157

Time Taken	Hours	Minutes	Seconds	Milliseconds	Seconds float	Completion time
	0	0	1	711	1.71073	00h:00m:01s:711ms

Final Results	Tester Name	Time of Test	Dock Shape Style	Virtual Device Visible	Time Taken	Shape Precision %	Orientation Precision %	Overall Precision %	Efficiency %	Difficulty	Total MV	Total TRE	
	1	2018-11-07_09:29:25	ZEROING DATA	True	00h:00m:01s:711ms	99.15345	99.36578	99.15177	100	8.314553E-10	943.472	8	
