
Angles Over Time
Frames	Rotate	ChildRotate	RotateInverse	ChildRotateInverse	Docking x	Docking y	Docking z	
0	-98.69586	-92.83514	0	79.94131	2.40538	-18.86032	-76.56113	
1	-98.9303	-92.83514	0	79.94131	2.214648	-18.55539	-75.52942	
2	-98.9303	-92.83514	0	79.94131	2.32593	-17.76971	-73.34601	
3	-99.16473	-92.60071	0	79.94131	2.401969	-14.70697	-71.36545	
4	-98.22699	-91.66299	0	79.23802	2.452402	-11.39294	-68.98395	
5	-92.60062	-92.60071	0	79.23802	2.538676	-10.14191	-68.01501	
6	-86.27097	-92.60071	0	79.23802	3.222191	-8.393982	-70.94196	
7	-70.09515	-92.60071	0	79.23802	3.4452	-5.819183	-70.71191	
8	-63.53107	-79.00366	0	79.23802	2.181194	0.8636197	-66.02991	
9	-63.29663	-57.90479	0	59.78016	1.801591	8.464445	-48.51874	
10	-64.70322	-57.43591	0	18.75456	0.09024904	15.14054	-24.11481	
11	-74.54938	-50.63739	0	0.2344332	-1.886414	23.38381	-1.114868	
12	-79.23801	-17.81693	0	0.2344332	1.301166	29.21912	0.1134358	
13	-79.47244	1.172078	0	4.802467E-06	1.324424	35.48284	-1.696869	
14	-79.23801	1.406514	0	0.4688692	0.576831	38.29493	0.01041687	
15	-79.00357	0.4687854	0	1.875463	-0.1775818	43.86477	-0.8220825	
16	-54.85706	1.406514	0	0.7032977	-2.795288	50.7912	-8.649323	
17	-40.08786	1.640943	0	4.909106E-06	-1.856079	54.0196	-4.358948	
18	-37.50909	1.640943	0	4.909106E-06	-1.985504	57.80207	-4.596039	
19	-30.47614	1.640943	0	4.909106E-06	-1.714325	60.07472	-3.91037	
20	-29.30399	1.875379	0	0.4688693	-1.501373	60.45752	-2.61026	
21	-28.13184	-0.7033691	0	0.7032977	-1.125519	60.05034	-0.9007568	
22	-17.34796	-0.7033691	0	0.2344333	-1.281433	60.09028	-2.003479	
23	-12.89374	-6.798615	0	4.921895E-06	-1.000336	61.88676	-1.150146	
24	-10.78384	-32.58612	0	0.2344333	-0.8589478	64.52628	-1.598633	
25	1.64104	-32.35168	0	0.2344333	-0.7419434	66.86921	-0.9682922	
26	1.875476	-24.61545	0	0.9377338	-0.8006287	68.31266	-1.115845	
27	1.172176	-8.908508	0	0.7032978	-0.7381897	69.737	-1.355499	
28	1.406612	-2.813263	0	0.2344334	-0.6262207	71.72659	-1.538422	
29	1.875477	-2.813263	0	0.2344334	-0.5849304	71.7243	-1.597931	
30	2.344341	-3.047699	0	0.2344334	-0.5089722	71.78645	-1.711548	
31	1.641041	-3.047699	0	0.2344334	-0.4292603	72.29753	-1.853516	
32	1.875477	-3.047699	0	1.172162	-0.3608704	73.74486	-2.006042	
33	1.172176	-2.578827	0	0.4688695	-0.2527771	75.87045	-2.1604	
34	1.875477	-2.109955	0	5.069239E-06	-0.174408	78.26125	-2.283325	
35	2.109905	-2.109955	0	5.069239E-06	0.03488914	82.45409	-2.427856	
36	2.109905	-2.344391	0	-0.234436	0.1435688	84.21356	-2.452484	
37	2.109905	-2.109955	0	0.2344334	0.3092092	84.26244	-2.469604	
38	1.875477	-3.282135	0	2.109891	0.4139454	84.63704	-2.484344	
39	0.9377481	-2.344391	0	0.4688697	0.6548846	84.6507	-2.505493	
40	1.875477	-2.344391	0	5.361454E-06	0.8030251	85.24829	-2.578583	
41	1.641041	-2.344391	0	0.2344338	0.7528195	85.65102	-2.633331	
42	1.875477	-2.109955	0	0.4688698	0.7042108	86.07365	-2.688507	
43	1.641041	-1.875549	0	0.2344338	0.7264094	86.45738	-2.732086	
44	1.875477	-2.578827	0	1.172163	0.7640818	86.93709	-2.781586	
45	1.406613	-2.344391	0	0.2344339	0.8822566	87.78252	-2.839966	
46	2.109905	-2.344391	0	0.2344339	0.7649136	88.11678	-2.872284	
47	1.875477	-2.344391	0	5.469476E-06	0.6695747	88.04523	-2.848114	
48	1.875477	-2.344391	0	0.2344339	0.5399702	87.30789	-2.819244	
49	1.641041	-3.047699	0	1.875463	0.6026825	86.74928	-2.840027	
50	0.7033122	-2.344391	0	0.234434	0.6170387	86.74815	-2.861237	
51	1.875477	-2.344391	0	5.602878E-06	0.6632796	86.76117	-2.873749	
52	2.109905	-2.344391	0	0.46887	0.7691513	86.73969	-2.894135	
53	2.109905	-2.344391	0	0.234434	0.7635504	86.7398	-2.904114	
54	2.109905	-2.344391	0	5.576198E-06	0.7723027	86.73875	-2.935333	
55	2.109905	-2.813263	0	0.7032984	0.792256	86.7375	-2.946533	
56	1.641041	-2.109955	0	0.234434	0.8155452	87.01316	-2.979126	
57	2.109906	-2.109955	0	0.234434	0.8289406	87.18156	-2.995514	
58	1.875477	-2.344391	0	5.602878E-06	0.8333337	87.28338	-3.021576	
59	1.875477	-2.344391	0	0.46887	0.8431979	87.57576	-3.032928	
60	1.875477	-3.047699	0	1.406599	0.8885641	87.95742	-3.061066	
61	0.4688838	-2.813263	0	0.9377345	0.9173765	87.93541	-3.077515	
62	1.641041	-1.875549	0	0.4688702	0.9472722	88.40604	-3.094604	
63	1.875477	-2.109955	0	5.788337E-06	0.9539274	88.44111	-3.11026	
64	2.109906	-2.109955	0	0.4688702	0.9846248	88.63432	-3.121704	
65	1.875477	-2.109955	0	5.762924E-06	1.065554	89.00389	-3.15509	
66	2.109906	-2.578827	0	0.9377346	1.081276	89.29599	-3.155548	
67	1.406613	-1.875549	0	0.2344342	1.096822	89.57733	-3.155914	
68	2.109906	-2.109955	0	5.802347E-06	1.102798	89.78204	-3.16629	
69	2.109906	-2.344391	0	0.4688703	1.12821	90.15503	-3.182068	
70	1.875477	-2.344391	0	0.2344342	1.146751	90.49287	-3.18222	
71	1.641041	-3.047699	0	1.875463	1.159528	90.72311	-3.182281	
72	0.7033124	-2.344391	0	0.2344342	1.159528	90.72311	-3.182281	
73	1.875477	-2.344391	0	0.2344342	1.173518	91.07119	-3.192444	
74	1.875477	-2.344391	0	0.4688703	1.18205	91.22468	-3.192413	


Angle MV instances
Rotate	98.69586	5.626373	6.329651	16.17581	6.564087	9.846161	4.688629	24.14651	14.7692	2.578766	7.032959	10.78387	4.454224	2.109894	12.42488	
ChildRotate	92.83514	13.59705	21.09888	6.798523	32.82047	18.989	6.095245	25.78751	7.736237	15.70694	6.095245	
RotateInverse	
ChildRotateInverse	79.94131	19.45786	41.0256	18.52013	
Docking x	2.40538	2.617706	
Docking y	18.86032	3.062744	3.314026	2.574799	6.682803	7.600825	6.676093	8.243274	5.835308	6.263721	2.812088	5.569836	6.926434	3.228397	3.782478	2.272644	2.639523	2.342926	2.125587	2.390808	4.192833	
Docking z	76.56113	2.183411	2.3815	2.926941	4.682007	17.51117	24.40393	22.99994	7.82724	4.290375	
Total MV Amount	910.9203


Angle TRE instances
Rotate	26	
ChildRotate	14	23	28	
RotateInverse	1	
ChildRotateInverse	12	
Docking x	1	
Docking y	
Docking z	12	16	17	
Total TRE Count	8


Correct Angles	Rotate	ChildRotate	RotateInverse	ChildRotateInverse	Docking x	Docking y	Docking z
	-6.958691E-20	-5.443624E-41	0	6.958691E-20	0	0	0

Angle Error	Rotate	ChildRotate	RotateInverse	ChildRotateInverse	Docking x	Docking y	Docking z
	1.875477	2.344391	0	0.2344342	1.194849	91.45493	3.192322

Time Taken	Hours	Minutes	Seconds	Milliseconds	Seconds float	Completion time
	0	0	4	418	4.418379	00h:00m:04s:418ms

Final Results	Tester Name	Time of Test	Dock Shape Style	Virtual Device Visible	Time Taken	Shape Precision %	Orientation Precision %	Overall Precision %	Efficiency %	Difficulty	Total MV	Total TRE	
	1	2018-11-07_09:30:46	ZEROING DATA	True	00h:00m:04s:418ms	99.38135	82.47273	92.03997	100	1.546376E-22	910.9203	8	
