
Angles Over Time
Frames	Rotate	ChildRotate	RotateInverse	ChildRotateInverse	Docking x	Docking y	Docking z	
0	-0.6604919	1.317988E-05	0	-0.6603394	0	0	0	
1	0	0	0	0	0	0	0	
2	0	0	0	0.234436	-0.03225708	-0.0003658317	-0.003034222	
3	0	0.234436	0	0.4688645	-0.03225708	-0.0003658317	-0.003034222	
4	-0.234436	0.4688645	0	-0.234436	-0.03225708	-0.0003658317	-0.003034222	
5	0	5.336041E-08	0	0	-0.05142212	0.0001342413	0.02770782	
6	0.234436	0.4688645	0	0.234436	-0.1293335	0.0004536013	0.07733563	
7	0.234436	5.336041E-08	0	-0.234436	-0.3218994	0.006935534	0.1323667	
8	0.4688645	-0.234436	0	0.4688645	-0.4925232	0.02277895	0.2135508	
9	-0.234436	5.336074E-08	0	5.336041E-08	-0.5541992	0.3348924	0.3867649	
10	0.234436	5.336074E-08	0	5.336041E-08	-0.5258789	0.5715494	0.4730725	
11	-2.668037E-08	5.336074E-08	0	5.336041E-08	-0.2022705	0.9492473	0.3579639	
12	0.234436	-5.626373	0	-0.234436	0.1215675	1.157205	0.6639495	
13	-2.668037E-08	-38.2124	0	10.78388	0.3202921	2.48843	1.223256	
14	-0.9377136	-38.44684	0	11.0183	-0.5601501	2.439651	5.406083	
15	-0.234436	-38.2124	0	10.31501	-0.5423584	1.431866	5.951688	
16	-3.938773E-08	-37.97797	0	10.31501	-0.02877808	2.552703	8.038949	
17	-3.516479	-18.05127	0	9.846148	4.151045	5.659829	11.23468	
18	-15.4725	-18.05127	0	8.673989	12.26384	8.726523	12.36728	
19	-17.5824	-18.98898	0	8.908419	21.83153	10.96804	14.93318	
20	-18.52014	-18.05127	0	6.798532	30.46387	11.03142	18.58273	
21	-17.5824	-18.05127	0	7.032959	41.99638	13.10215	28.44908	
22	-24.84979	-18.05127	0	6.329667	54.73644	16.82343	43.7621	
23	-44.77652	-20.16113	0	-0.234436	69.40639	17.03368	59.21174	
24	-56.26367	-25.08423	0	-0.234436	78.59324	7.424733	54.84428	
25	-56.02924	-25.5531	0	0.9377298	80.31149	7.29254	53.0174	
26	-56.02924	-25.31866	0	1.011289E-06	83.89176	19.54654	64.44434	
27	-56.02924	-25.5531	0	3.516481	85.30463	68.94288	116.1651	
28	-57.90469	-25.31866	0	3.282052	82.91961	92.60113	146.3242	
29	-64.70325	-25.31866	0	3.516481	83.15685	88.23664	146.4375	
30	-70.09515	-17.81683	0	4.688646	83.26204	65.78397	127.317	
31	-78.06586	-12.65933	0	3.750917	82.83128	44.61038	108.4857	
32	-85.09882	-10.315	0	3.516481	82.69674	42.18938	108.8711	
33	-91.19406	-9.611725	0	7.267395	82.66998	40.82846	111.043	
34	-95.41382	-9.377289	0	7.267395	82.52267	36.94264	112.5696	
35	-99.39917	-9.611694	0	7.267395	82.43867	35.02969	114.397	
36	-99.86804	-14.53479	0	7.73626	82.37105	33.81516	114.0847	
37	-99.16473	-19.92673	0	7.267396	82.36797	34.10627	114.8362	
38	-99.39917	-26.02194	0	7.267396	82.28368	33.28629	115.7945	
39	-99.39917	-31.41388	0	7.032961	82.26591	33.12812	116.8423	
40	-99.39917	-40.08786	0	7.032961	82.31099	33.27985	117.2817	
41	-99.39917	-54.38821	0	6.329669	82.30053	33.8743	117.9476	
42	-99.16473	-65.40652	0	6.095232	82.3702	34.11903	118.9294	
43	-98.9303	-68.45416	0	5.157511	82.3831	34.20419	118.7115	
44	-99.39917	-70.79846	0	5.157511	82.35887	34.45869	118.9318	
45	-99.63361	-71.0329	0	5.157511	82.37712	35.15689	119.4318	
46	-99.39917	-71.0329	0	5.626375	82.39857	36.09992	119.6918	
47	-99.16473	-64.93768	0	6.564096	82.34451	34.94308	120.6259	
48	-98.9303	-58.37357	0	5.860804	82.30068	34.71859	120.5499	
49	-105.0255	-57.67029	0	5.391939	82.29726	35.22417	121.0951	
50	-105.4944	-56.73254	0	5.626375	82.30839	35.21771	121.0796	
51	-105.7288	-55.09152	0	5.157511	82.29819	35.29353	120.9509	
52	-105.7288	-53.91937	0	5.39194	82.2936	35.36198	120.9537	
53	-105.9633	-52.27835	0	7.032962	82.28876	35.44387	121.1902	
54	-105.9633	-50.16846	0	5.39194	82.31311	35.54769	121.4407	
55	-108.0731	-47.82413	0	5.626376	82.3153	35.69095	121.666	
56	-109.9486	-45.94867	0	5.39194	82.32087	34.54448	122.166	
57	-111.1208	-45.94867	0	5.39194	82.30879	33.75609	122.7666	
58	-111.1208	-45.94867	0	5.39194	82.29819	33.03021	123.5013	
59	-111.1208	-46.18311	0	6.095233	82.29289	33.05617	123.5925	
60	-111.1208	-45.94867	0	5.157512	82.28726	33.06655	123.7167	
61	-111.1208	-46.65198	0	5.391939	82.3045	33.47517	124.409	
62	-110.8863	-52.04391	0	5.157512	82.31222	33.62504	124.4769	
63	-111.1208	-53.68494	0	5.157512	82.3137	33.71227	124.5565	
64	-111.1208	-54.38824	0	6.564097	82.30915	33.82605	124.7264	
65	-110.183	-54.38824	0	5.626376	82.30997	33.9143	124.8056	
66	-110.8863	-54.38824	0	5.626376	82.31129	33.99643	124.8963	
67	-110.8863	-54.38824	0	5.39194	82.31129	33.99643	124.8963	
68	-111.1208	-54.15381	0	5.39194	82.31129	33.99643	124.8963	
69	-111.1208	-54.38821	0	6.798533	82.31129	33.99643	124.8963	


Angle MV instances
Rotate	3.516479	11.95602	2.109894	7.267395	19.92673	11.48715	6.798553	5.391907	7.970703	7.032959	6.095245	4.219757	3.985352	6.095215	2.109879	
ChildRotate	5.626373	32.58603	19.9267	2.109863	4.923096	7.501831	5.157501	2.34433	4.923096	5.391937	6.095215	5.391937	8.673981	14.30035	11.01831	3.047638	2.344299	6.095215	6.564117	2.109894	2.34433	5.391937	
RotateInverse	
ChildRotateInverse	11.01831	2.109887	6.564103	3.51648	3.750914	
Docking x	4.179823	8.112791	9.56769	8.632347	11.5325	12.74006	14.66996	9.186844	3.580276	2.385025	
Docking y	3.107126	3.066694	2.24152	2.07073	3.72128	9.608947	12.254	49.39634	23.65825	4.364487	22.45267	21.1736	2.420998	3.885822	
Docking z	4.182827	2.087261	3.19573	2.565908	3.649547	9.866348	15.31302	15.44964	4.367458	11.42693	51.72076	30.1591	19.12046	18.83134	2.17186	
Total MV Amount	738.9088


Angle TRE instances
Rotate	50	
ChildRotate	14	17	40	41	
RotateInverse	1	
ChildRotateInverse	1	13	23	33	
Docking x	27	35	
Docking y	37	44	57	
Docking z	29	30	
Total TRE Count	15


Correct Angles	Rotate	ChildRotate	RotateInverse	ChildRotateInverse	Docking x	Docking y	Docking z
	-110	-37.08945	0	6.022545E-37	87.48877	29.33024	146.5128

Angle Error	Rotate	ChildRotate	RotateInverse	ChildRotateInverse	Docking x	Docking y	Docking z
	0.1830139	17.06433	0	6.095233	5.179771	4.490612	21.77538

Time Taken	Hours	Minutes	Seconds	Milliseconds	Seconds float	Completion time
	0	0	4	132	4.132081	00h:00m:04s:132ms

Final Results	Tester Name	Time of Test	Dock Shape Style	Virtual Device Visible	Time Taken	Shape Precision %	Orientation Precision %	Overall Precision %	Efficiency %	Difficulty	Total MV	Total TRE	
	0	2018-11-07_09:14:08	Presets_dockPreset_4	False	00h:00m:04s:132ms	96.75797	95.13593	95.65172	91.55391	0.4560236	738.9088	15	
