
Angles Over Time
Frames	Rotate	ChildRotate	RotateInverse	ChildRotateInverse	Docking x	Docking y	Docking z	
0	-97.98837	-77.59698	0	142.3043	25.06277	39.33011	73.41452	
1	-97.98837	-76.65927	0	141.601	23.27151	37.33575	74.75394	
2	-97.05066	-77.36255	0	142.3043	19.21038	32.15378	78.89885	
3	-97.5195	-77.12814	0	142.3043	12.17136	28.32479	89.49511	
4	-97.5195	-77.36258	0	142.3043	8.926141	26.63881	98.30172	
5	-97.75394	-77.12814	0	142.5387	8.862277	24.05234	99.58197	
6	-97.5195	-75.95599	0	140.6633	10.15675	21.54956	97.07498	
7	-96.34735	-53.21606	0	141.601	11.46198	18.21335	95.51677	
8	-97.28506	2.109878	0	142.5387	10.25769	13.17125	77.32044	
9	-97.28506	2.109878	0	142.3043	9.786051	5.602308	34.85832	
10	-50.16425	2.109878	0	142.3043	11.25408	2.572978	9.070654	
11	-35.16058	2.109878	0	142.5387	11.45632	-0.4486084	-2.660339	
12	-6.794312	1.641014	0	141.1321	15.06191	-6.48114	-16.04837	
13	-0.2302246	1.641014	0	125.4252	15.10681	-9.42981	-17.6358	
14	0.238645	1.875442	0	99.63767	13.03038	-11.02835	-15.23993	
15	0.004216648	1.875442	0	81.11755	12.97598	-12.5177	-10.75638	
16	0.004216648	2.109878	0	51.57911	10.77407	-13.54276	-7.856903	
17	0.004216648	1.406578	0	9.381351	7.276674	-14.03067	0.581675	
18	-8.904205	1.641014	0	17.1176	6.06419	-17.09015	13.37523	
19	-25.78329	2.109878	0	15.94544	2.746131	-22.78595	21.21174	
20	-26.72104	2.344307	0	30.94909	2.407394	-22.4971	16.13822	
21	-24.84558	2.109878	0	31.41796	2.088494	-22.18945	8.077699	
22	-23.20456	1.641014	0	27.66705	2.40396	-21.62637	8.087445	
23	-18.28149	-1.406616	0	23.21284	2.507864	-21.5	7.717954	
24	-11.0141	-2.34433	0	17.58646	2.473182	-21.65903	7.61341	
25	-8.669769	-9.611725	0	17.35204	2.670125	-20.93558	6.906415	
26	-2.105682	-9.611725	0	1.410658	2.527863	-18.84158	6.420015	
27	-1.402374	-9.611725	0	-1.636963	2.122899	-15.8414	6.190968	
28	-1.402374	-10.0806	0	-1.402527	1.586654	-12.83618	5.899561	
29	-1.402374	-9.846161	0	-0.6992188	1.24496	-10.40204	5.561725	
30	-1.167938	-9.611725	0	-1.636963	1.081291	-9.91449	5.091597	
31	-0.6990967	-8.673981	0	-1.402527	0.8531061	-9.742126	4.548281	
32	0.004215276	-5.157532	0	-1.636963	0.5333466	-8.572784	3.940295	
33	0.004215276	-4.923096	0	-1.636963	0.3402533	-7.549561	3.692556	
34	0.4730797	-3.750916	0	-0.4648132	0.1372292	-7.593964	3.583786	
35	-0.4646606	-2.109894	0	-0.9336548	-0.00300499	-7.854889	3.389843	
36	0.2386436	-1.875458	0	-1.636963	-0.3416748	-7.863373	3.275408	
37	0.2386436	-1.406616	0	-1.402527	-0.5613098	-7.877136	3.161856	
38	0.4730797	-1.875458	0	-1.402527	-0.9519348	-7.915466	3.118062	
39	0.4730797	-1.641052	0	-1.168091	-1.01886	-7.916626	2.997596	
40	0.2386436	-2.34433	0	0.00406401	-1.388672	-7.942932	2.968047	
41	-0.4646606	-1.875458	0	-1.168091	-1.453827	-7.958344	2.874043	
42	0.2386436	-1.875458	0	-1.636963	-1.523682	-7.963348	2.795132	
43	0.4730796	-1.875458	0	-1.402527	-1.567749	-7.977325	2.715601	
44	0.2386435	-1.875458	0	-1.636963	-1.667694	-7.98288	2.65339	


Angle MV instances
Rotate	97.98837	47.12082	15.00366	28.36627	6.564087	8.908422	16.87909	4.923065	7.267395	2.34433	6.564087	
ChildRotate	77.59698	22.73993	55.32594	7.267395	3.516449	
RotateInverse	
ChildRotateInverse	142.3043	15.70695	25.78752	18.52013	29.53843	42.19776	7.736249	15.00364	3.75091	4.454208	5.626375	15.94138	
Docking x	25.06277	4.061134	7.039013	3.245223	3.605589	2.076427	2.201906	3.497398	3.318059	
Docking y	39.33011	5.181973	3.828983	2.58647	2.502785	3.336205	5.042098	7.568946	3.02933	3.021587	6.032532	2.948669	3.059479	5.695801	2.093994	3.000183	3.005219	2.434143	
Docking z	73.41452	4.144905	10.59626	8.80661	2.506989	18.19633	42.46212	25.78767	11.73099	13.38803	2.395874	4.483551	2.899475	8.438578	12.79356	7.836509	5.073519	8.060523	
Total MV Amount	1155.766


Angle TRE instances
Rotate	14	18	26	
ChildRotate	9	25	33	
RotateInverse	1	
ChildRotateInverse	27	
Docking x	20	
Docking y	11	12	
Docking z	17	18	31	
Total TRE Count	13


Correct Angles	Rotate	ChildRotate	RotateInverse	ChildRotateInverse	Docking x	Docking y	Docking z
	-1.447941E-11	-2.347328E-24	0	2.35506E-11	0	0	0

Angle Error	Rotate	ChildRotate	RotateInverse	ChildRotateInverse	Docking x	Docking y	Docking z
	0.4730796	2.34433	0	0.2303772	1.716492	7.98645	2.588931

Time Taken	Hours	Minutes	Seconds	Milliseconds	Seconds float	Completion time
	0	0	2	650	2.64987	00h:00m:02s:650ms

Final Results	Tester Name	Time of Test	Dock Shape Style	Virtual Device Visible	Time Taken	Shape Precision %	Orientation Precision %	Overall Precision %	Efficiency %	Difficulty	Total MV	Total TRE	
	0	2018-11-07_09:18:55	ZEROING DATA	True	00h:00m:02s:650ms	99.5767	98.0416	98.78257	100	4.225556E-14	1155.766	13	
