
Angles Over Time
Frames	Rotate	ChildRotate	RotateInverse	ChildRotateInverse	Docking x	Docking y	Docking z	
0	-54.38718	-103.3845	0	64.93876	8.449174	-70.78796	-119.2621	
1	-54.15274	-102.6812	0	65.40762	8.43203	-70.77661	-119.5284	
2	-54.38718	-103.1501	0	64.93876	8.48851	-70.71396	-119.2448	
3	-54.38718	-103.3845	0	64.93876	8.511741	-70.07019	-118.7745	
4	-54.38718	-103.3845	0	64.93876	8.560732	-69.77905	-118.4012	
5	-54.38718	-103.3845	0	64.93876	8.620756	-69.63028	-117.9464	
6	-54.38718	-103.1501	0	64.70434	8.936802	-69.63141	-116.8385	
7	-54.38718	-102.9156	0	64.70434	9.558436	-69.44763	-114.9295	
8	-54.38718	-104.3223	0	64.70434	12.23935	-68.46713	-110.2469	
9	-53.44943	-105.26	0	64.70434	17.95214	-66.20035	-104.6555	
10	-45.47876	-108.3076	0	64.70434	24.09826	-61.13828	-97.72739	
11	-36.10147	-108.7765	0	61.18786	29.31056	-52.55643	-87.08075	
12	-27.66193	-108.542	0	38.68238	33.7476	-37.10168	-66.31818	
13	-25.08316	-108.0732	0	15.94248	36.2726	-15.50592	-34.41626	
14	-25.55203	-108.542	0	0.001103449	31.04311	0.9244515	-9.77063	
15	-24.37988	-101.9779	0	0.001103449	26.68769	6.981992	-0.3992004	
16	-24.14545	-96.586	0	0.2355395	22.63245	12.01533	5.933566	
17	-24.84872	-75.48712	0	4.455312	22.17728	13.34457	-0.1732178	
18	-22.03555	-59.54575	0	8.90952	16.31915	17.38725	0.3028154	
19	-20.1601	-59.54575	0	7.502926	12.4408	19.23554	0.09208097	
20	-9.610657	-59.54575	0	7.034062	10.16326	20.54505	-0.9194946	
21	-8.907349	-59.54575	0	7.034062	8.238421	20.85937	-1.553528	
22	-1.639984	-42.66663	0	9.143957	3.626398	20.83501	-1.096649	
23	-1.639984	-41.0256	0	9.143957	2.806211	20.63822	-0.7950745	
24	-1.639984	-37.978	0	9.847249	2.934467	19.88192	-0.9841614	
25	-2.577698	-34.22708	0	9.143957	3.566807	17.55134	-0.9727783	
26	-2.108826	-27.19412	0	9.143957	4.131485	17.22067	-1.232391	
27	-1.87439	-25.78754	0	9.143957	4.018279	17.6776	-1.500916	
28	-2.108826	-25.5531	0	9.143957	2.971336	17.252	-1.183533	
29	-2.108826	-25.78754	0	9.612821	1.878466	17.66067	-0.1298218	
30	-2.812134	-25.31866	0	9.612821	1.809015	17.36712	0.162443	
31	-2.343262	-22.27106	0	8.440657	2.122543	15.94447	0.1822634	
32	-1.87439	-20.16116	0	5.627478	1.889119	14.68832	0.3352416	
33	-1.639984	-20.16116	0	0.2355407	1.739808	13.28694	0.2185609	
34	-2.343262	-19.45786	0	0.001104661	0.3080487	12.42269	0.1099932	
35	-1.171112	-16.17581	0	1.17327	0.2268157	12.02827	0.1873178	
36	-1.87439	-2.109894	0	0.7044052	-0.01751709	12.51812	0.06315677	
37	-1.405548	-0.7033081	0	0.001104759	-0.0128479	12.85908	-0.1186829	
38	-0.936676	-0.234436	0	0.2355408	-0.01065063	12.95642	-0.1463013	
39	-0.70224	-3.747958E-06	0	0.001104755	0.2159211	12.74516	-0.1928101	
40	-0.70224	-0.234436	0	0.001104755	0.4944141	11.96646	-0.2875366	
41	-0.936676	-1.406586	0	1.642134	0.4728046	10.99087	-0.2367554	
42	-2.577698	-0.234436	0	0.001104665	0.5460027	9.536813	-0.2536621	
43	-1.171112	-3.735252E-06	0	0.001104665	0.4977282	8.007429	-0.2056274	
44	-1.171112	0.2344247	0	0.2355407	0.4894789	7.417797	-0.1911926	
45	-1.171112	-0.234436	0	-0.2333374	0.4298677	6.915109	-0.1802368	
46	-0.70224	-0.234436	0	0.001104678	0.3958155	6.438133	-0.1682739	
47	-1.171112	-0.9377441	0	1.876563	0.351505	5.761805	-0.1220703	
48	-2.343262	-0.7033081	0	0.4699692	0.3553195	4.01525	-0.050354	
49	-1.171112	-3.79999E-06	0	0.2355408	0.4109283	1.894573	-0.008544922	
50	-0.936676	-0.234436	0	0.001104741	0.351056	1.023612	0.02716278	
51	-1.171112	-0.234436	0	0.001104741	0.3401016	0.4700451	0.03175706	
52	-1.171112	-3.788613E-06	0	0.001104741	0.3411699	-0.2163086	0.05897544	
53	-1.171112	-1.17218	0	1.407698	0.4113581	-0.6051331	0.06914572	
54	-2.108826	-0.234436	0	0.4699692	0.45057	-1.004578	0.06963626	
55	-1.171112	-3.815293E-06	0	-0.2333374	0.4678399	-1.6604	0.1001754	
56	-0.936676	-3.815293E-06	0	0.001104772	0.4678399	-1.6604	0.1001754	
57	-1.405548	-3.815293E-06	0	0.001104772	0.4287729	-1.881226	0.0999798	
58	-0.936676	0.2344246	0	0.2355408	0.4373056	-2.193634	0.1150587	
59	-1.171112	-0.4688721	0	0.4699693	0.4456556	-2.490448	0.1298793	
60	-1.639984	0.2344246	0	0.001104847	0.4548838	-2.833954	0.1452844	
61	-0.936676	-0.234436	0	0.001104847	0.4059263	-3.044769	0.1508887	
62	-1.171112	-0.234436	0	0.001104847	0.4068987	-3.147125	0.1525738	


Angle MV instances
Rotate	54.38718	7.970673	9.377289	8.439545	2.578766	2.813171	10.54944	7.267365	
ChildRotate	103.3845	3.047607	6.564087	5.391937	21.09888	15.94138	16.87912	3.047607	3.750916	7.032959	3.047607	2.109894	3.282043	14.06592	
RotateInverse	
ChildRotateInverse	64.93876	3.516476	22.50548	22.7399	15.94138	4.219772	4.454208	2.109895	2.813179	5.391937	
Docking x	8.449174	2.680912	5.712792	6.14612	5.212301	4.437035	2.525002	5.229486	4.355419	4.055241	5.858124	3.878355	2.277536	4.612023	
Docking y	70.78796	2.266785	5.062073	8.581848	15.45474	21.59576	16.43037	6.057541	5.033335	4.042684	2.330584	2.120677	
Docking z	119.2621	4.682602	5.591446	6.928101	10.64664	20.76257	31.90192	24.64563	9.371429	6.332767	6.106784	
Total MV Amount	932.0847


Angle TRE instances
Rotate	23	
ChildRotate	37	
RotateInverse	1	
ChildRotateInverse	15	18	33	
Docking x	23	
Docking y	48	
Docking z	17	
Total TRE Count	8


Correct Angles	Rotate	ChildRotate	RotateInverse	ChildRotateInverse	Docking x	Docking y	Docking z
	-1.913307E-16	-2.326602E-34	0	6.412181E-17	0	0	0

Angle Error	Rotate	ChildRotate	RotateInverse	ChildRotateInverse	Docking x	Docking y	Docking z
	1.171112	3.761932E-06	0	0.001104847	0.4057789	3.449463	0.1730266

Time Taken	Hours	Minutes	Seconds	Milliseconds	Seconds float	Completion time
	0	0	3	700	3.700103	00h:00m:03s:700ms

Final Results	Tester Name	Time of Test	Dock Shape Style	Virtual Device Visible	Time Taken	Shape Precision %	Orientation Precision %	Overall Precision %	Efficiency %	Difficulty	Total MV	Total TRE	
	0	2018-11-07_09:06:57	ZEROING DATA	True	00h:00m:03s:700ms	99.83719	99.32917	99.58727	100	2.838361E-19	932.0847	8	
