
Angles Over Time
Frames	Rotate	ChildRotate	RotateInverse	ChildRotateInverse	Docking x	Docking y	Docking z	
0	4.478831	0.4688703	0	-0.6786499	0.022863	0.0008503504	0.01153467	
1	0.2229017	5.28481E-11	0	-0.2459717	-0.06643677	-0.001348137	0.006632918	
2	0.2229017	-1.17215	0	1.395059	-0.181366	0.002837849	0.006235275	
3	-1.183685	-3.685133E-08	0	-0.4804077	-0.4605103	-0.03643799	0.07301846	
4	0.2229018	-0.4688721	0	-0.4804077	-0.8479309	-0.06130981	0.2055952	
5	0.4573302	-5.336041E-08	0	-0.2459717	-0.8731384	-0.06182861	0.2101042	
6	-0.01153564	-0.234436	0	-0.7148132	-0.9001465	-0.08731079	0.231633	
7	0.2229018	-3.750916	0	3.504945	-0.4924316	-0.3333435	0.3550981	
8	-3.528015	-7.501831	0	1.160631	-0.3478699	-0.9877319	0.6392285	
9	-0.9492493	-33.75821	0	-0.7148132	-0.53479	0.8869968	2.93843	
10	-0.01153564	-58.84244	0	0.2229019	-0.6138306	7.042768	4.602016	
11	0.4573302	-72.90836	0	36.7943	-0.5639343	8.566947	2.841858	
12	0.9261945	-76.42484	0	101.4975	-0.6070251	8.544702	1.811297	
13	1.160631	-77.59698	0	123.7686	-1.382782	8.644455	1.102251	
14	-1.183685	-76.1904	0	124.003	-1.462646	8.358078	1.06183	
15	-0.01153564	-75.25269	0	117.2045	-1.244781	6.268029	0.6214702	
16	-0.7148132	-58.84244	0	98.44991	1.717731	2.841398	-0.9609985	
17	-0.01153564	-26.49081	0	84.85284	2.640941	0.4405906	-0.7876587	
18	-11.49869	1.406589	0	6.552554	4.394714	-1.115295	1.396518	
19	-33.06644	-0.7033081	0	33.2778	9.256538	-3.707153	15.4659	
20	-53.2276	0.9377245	0	29.99575	20.83932	-6.214935	33.1453	
21	-52.75873	-15.23807	0	27.417	39.72651	0.2722681	53.1082	
22	-48.53897	-34.22708	0	22.72836	41.52573	6.235062	74.06899	
23	-44.08475	-52.27832	0	20.14961	40.0525	2.759798	78.14365	
24	-35.6452	-53.68494	0	20.61847	40.53633	-4.4953	85.0975	
25	-37.52066	-55.56039	0	12.64779	43.98947	-10.4603	86.55816	
26	-26.26791	-76.89371	0	-0.01153564	48.8153	-10.84793	90.90589	
27	-4.465729	-75.25269	0	-0.2459717	56.96072	0.7742226	104.0577	
28	-0.4804077	-72.20505	0	-0.4804077	60.44886	32.35717	142.6129	
29	-0.2459717	-79.23804	0	0.4573182	60.44365	43.883	168.8602	
30	-0.9492493	-86.97427	0	3.973798	69.07174	42.38297	174.6628	
31	-3.762451	-92.13177	0	0.2228898	74.38382	37.01337	170.9224	
32	-0.7148132	-93.77283	0	0.2228898	74.45299	36.89875	170.6548	
33	-0.2459717	-93.77283	0	-0.2459717	75.37399	34.06446	169.9221	
34	0.9261937	-93.53839	0	-0.2459717	80.46693	13.91936	152.0358	
35	0.6917654	-93.53839	0	-0.2459717	82.21523	-0.5926819	137.5631	
36	0.222901	-94.24167	0	1.629483	81.73241	4.176363	142.2312	
37	-1.418121	-94.00723	0	-0.2459717	81.81585	3.09198	141.0749	
38	-0.01153564	-93.77283	0	-0.2459717	81.87687	2.881078	140.9283	
39	0.222901	-93.77283	0	-0.2459717	82.64314	-6.06488	133.06	
40	-0.2459717	-93.77283	0	-0.01153564	83.57093	-23.47861	115.4339	
41	-0.2459717	-94.4761	0	3.973798	83.44552	-35.06339	102.4781	
42	-3.059143	-94.00723	0	78.52319	83.35462	-45.39227	87.08356	
43	-5.169037	-93.53839	0	79.69534	82.92693	-69.59299	68.97186	
44	-8.45108	-71.97064	0	82.03966	82.27998	-43.66959	97.63284	
45	-0.7148438	-43.60437	0	88.60375	83.06879	-2.655853	136.6867	
46	-0.2459717	1.406582	0	108.9993	79.01904	14.95693	149.1999	
47	2.567214	-1.192905E-05	0	114.8602	77.17417	15.33332	146.1237	
48	0.2228995	1.172153	0	119.7832	79.45772	9.943744	144.007	
49	1.863921	1.172153	0	119.7832	83.23259	-1.394379	135.5786	
50	1.395057	1.172153	0	118.611	85.66225	-24.05539	115.296	
51	1.160628	1.172153	0	112.9847	86.49335	-68.10699	73.98899	
52	1.863921	-1.406586	0	109.7026	86.22649	-86.13501	56.17363	
53	-0.9492798	-0.9377441	0	105.7173	86.31895	-87.60306	54.87804	
54	0.9261922	0.937717	0	105.2484	86.41969	-84.98157	57.17168	
55	1.863921	2.109882	0	104.7795	86.20233	-92.53735	49.24371	
56	2.332786	1.875446	0	99.85648	86.2094	-94.52533	47.81955	
57	2.332786	-3.516479	0	92.12022	86.99541	-72.73367	73.52722	
58	2.80165	-20.16116	0	87.43159	85.58076	-19.22391	134.6462	
59	-0.01153564	-21.33331	0	86.25942	84.29466	-10.52319	147.175	
60	1.863921	-27.42856	0	85.08726	83.37504	-8.328827	150.513	
61	1.395057	-36.33698	0	57.89314	81.21754	1.123689	164.1761	
62	1.863921	-40.55676	0	73.36565	77.26755	9.996253	178.9828	
63	1.395057	-43.60437	0	75.00668	73.14819	8.655283	-179.2932	
64	-0.9492798	-42.66663	0	73.13123	69.99832	5.343639	175.9496	
65	0.9261926	-42.19778	0	72.42793	67.70815	6.064511	175.1703	
66	1.863922	-41.49448	0	72.89679	65.81624	6.217347	174.056	
67	3.036079	-38.6813	0	73.36566	65.46318	7.175783	172.377	
68	2.801651	-30.94504	0	75.2411	64.69283	8.944408	170.4576	
69	2.09835	-27.42856	0	75.47554	64.3262	10.37982	170.2186	
70	0.6917645	-19.45789	0	74.53782	63.70798	11.71504	170.7688	
71	1.395057	-12.42493	0	74.30339	62.77261	12.74517	170.3202	
72	1.863922	-3.985352	0	68.91145	62.29269	13.27855	169.2165	
73	1.863922	-1.641052	0	71.25577	61.71881	13.64495	168.7875	
74	1.863922	-4.219788	0	72.89679	60.81623	13.41994	168.8066	
75	-0.9492798	-2.34433	0	71.95906	60.08319	12.83813	168.7756	
76	0.4573284	-1.406616	0	71.02132	59.97002	12.81921	168.896	
77	1.629493	-1.406616	0	60.23745	60.02214	11.08871	168.6723	
78	2.09835	-1.17218	0	53.67337	60.15851	9.794929	168.9316	
79	1.629493	-1.17218	0	71.4902	60.25364	8.56918	169.3245	
80	2.09835	-5.157532	0	75.9444	60.30309	7.491939	169.7039	
81	-1.886993	-1.641052	0	73.83451	60.3464	6.235343	169.9702	
82	1.863922	-1.17218	0	70.7869	60.56229	3.678627	170.4235	
83	1.395058	-1.641052	0	68.91144	60.89552	2.725269	170.6435	


Angle MV instances
Rotate	4.478831	4.255929	3.750917	2.578766	11.48715	21.56775	20.16116	4.219757	4.454224	8.439545	11.25275	21.80219	3.985321	2.813202	3.047638	2.813171	2.109894	3.282043	7.736237	2.813186	2.344315	2.813186	
ChildRotate	3.516479	3.750916	26.25638	25.08423	14.06592	3.516479	16.41025	32.35162	27.8974	16.17579	18.98901	18.05124	21.33331	3.047638	7.03299	7.736237	5.157501	21.56775	28.36627	45.01095	16.64468	6.095245	8.908417	4.219788	3.047607	2.813171	7.736267	3.516479	7.970673	7.032959	8.439575	2.344299	2.578735	3.985352	3.516479	
RotateInverse	
ChildRotateInverse	4.219758	2.344314	36.5714	64.70323	22.27103	6.798531	18.75455	13.59706	78.30029	26.72524	3.282045	2.578751	4.688643	2.578747	7.970688	12.65932	3.516479	3.750908	3.985334	74.54939	2.344322	6.564095	20.39559	5.860809	4.923058	5.626366	3.282051	3.985352	4.923073	7.736252	4.688637	27.19411	15.47251	5.391945	2.344322	10.78387	6.564087	17.81683	4.454208	2.109894	3.047607	
Docking x	4.861824	11.58279	18.88718	3.453136	4.825832	8.145424	3.488132	8.628094	5.31208	5.092941	4.049751	2.283546	3.774872	2.429665	2.157494	3.949997	4.119362	3.149864	2.290176	
Docking y	6.155772	2.090049	3.426631	2.400807	2.591858	2.507782	6.487204	5.962793	3.475264	5.964996	11.62215	31.58295	11.52583	5.369598	2.83429	20.1451	14.51204	4.769045	8.945959	17.41373	11.58478	10.32889	24.20071	25.9234	41.01373	17.61278	5.389573	11.33812	22.66101	44.05161	18.02802	2.62149	7.555786	21.79166	53.50977	8.700714	2.194366	9.452517	8.872564	3.311644	2.556716	
Docking z	2.299201	14.06938	17.6794	19.96291	20.96079	4.074661	6.95385	4.347733	13.1518	38.55525	26.24724	5.802643	3.740417	17.88626	14.47273	4.668106	7.868256	17.62605	12.95583	15.39455	18.1117	28.66098	39.05386	12.51321	3.076218	2.116653	8.428482	20.28252	41.30704	17.81536	2.293644	7.927979	25.70768	61.11899	12.52882	3.337952	13.66316	14.80666	355.2428	
Total MV Amount	2727.407


Angle TRE instances
Rotate	1	18	27	43	45	
ChildRotate	1	8	18	21	46	58	72	80	81	
RotateInverse	1	
ChildRotateInverse	57	61	
Docking x	75	82	
Docking y	12	15	34	35	46	49	62	64	68	80	
Docking z	
Total TRE Count	26


Correct Angles	Rotate	ChildRotate	RotateInverse	ChildRotateInverse	Docking x	Docking y	Docking z
	-4.373433E-33	0	0	90	55.38318	12.58036	163.5828

Angle Error	Rotate	ChildRotate	RotateInverse	ChildRotateInverse	Docking x	Docking y	Docking z
	1.629494	1.17218	0	15.69662	5.646824	10.9339	7.469269

Time Taken	Hours	Minutes	Seconds	Milliseconds	Seconds float	Completion time
	0	0	4	952	4.951906	00h:00m:04s:952ms

Final Results	Tester Name	Time of Test	Dock Shape Style	Virtual Device Visible	Time Taken	Shape Precision %	Orientation Precision %	Overall Precision %	Efficiency %	Difficulty	Total MV	Total TRE	
	1	2018-11-27_19:32:07	Presets_dockPreset_5	True	00h:00m:04s:952ms	97.43079	96.592	96.62315	83.84195	0.3572737	2727.407	26	
