
Angles Over Time
Frames	Rotate	ChildRotate	RotateInverse	ChildRotateInverse	Docking x	Docking y	Docking z	
0	-97.8714	-121.4358	0	145.4691	78.10843	20.41464	-106.3768	
1	-97.8714	-121.4358	0	145.7035	78.53609	22.79684	-102.0637	
2	-97.8714	-121.6702	0	145.4691	79.2467	37.94573	-77.86191	
3	-97.8714	-121.6702	0	145.7035	76.18364	76.36243	-24.81564	
4	-97.8714	-116.2783	0	145.4691	62.88946	98.45786	24.45153	
5	-98.1058	-113.4651	0	145.4691	40.42725	93.63099	45.82141	
6	-97.8714	-112.9963	0	145.4691	31.96674	87.99665	58.78558	
7	-98.1058	-113.4651	0	145.4691	26.38954	83.23495	68.12162	
8	-97.63696	-116.2783	0	145.4691	16.39117	68.41901	52.13601	
9	-74.42819	-116.0439	0	145.0002	0.488297	44.14028	29.85986	
10	-36.91907	-113.2307	0	145.2347	-7.030762	29.49923	21.72694	
11	-34.3403	-103.619	0	145.4691	-4.48877	28.48313	17.61655	
12	-33.63702	-103.619	0	145.4691	-0.5501099	25.41846	16.04089	
13	-27.54178	-103.619	0	145.4691	6.510315	22.02035	18.26907	
14	-26.8385	-103.619	0	145.0002	13.20734	18.4933	15.96515	
15	-2.223145	-87.20874	0	109.3666	14.996	14.50003	-0.285675	
16	-2.223145	-41.49451	0	70.45086	15.61085	13.14274	-7.939606	
17	-1.754272	-31.1795	0	32.94174	16.12759	14.46948	-10.85886	
18	-0.8165283	-26.25644	0	13.95275	18.16367	14.46839	0.8337424	
19	-3.62973	-26.72528	0	11.13956	22.05118	13.34055	0.09278592	
20	-0.3476868	-22.27109	0	10.90513	21.11383	9.974345	0.269435	
21	-0.5820923	-10.78391	0	12.54615	19.01706	5.270799	0.6364174	
22	-2.45755	-0.9377747	0	10.90513	14.69144	1.204787	0.7228737	
23	-1.050964	-1.406647	0	11.84285	7.369377	-0.9681091	0.9167304	
24	-1.519836	1.406542	0	1.058986	5.47387	-0.06887817	0.2957645	
25	-1.050964	2.109843	0	-1.285339	-1.597809	0.4704913	0.5945216	
26	0.3556269	-0.9377747	0	1.762279	-0.7058716	0.7742317	0.565246	
27	-2.223145	0.9376779	0	0.3556859	-0.3995361	0.7951007	0.4786889	
28	-0.1132507	1.875407	0	-1.519775	-0.4478149	0.7929721	0.4284911	
29	0.5900556	1.875407	0	-1.519775	-0.5924988	0.788027	0.3351674	
30	0.8244916	2.109843	0	-0.8164673	-0.6523438	0.7853567	0.2621153	
31	0.3556272	2.109843	0	-0.8164673	-0.6225281	0.7751458	0.1842972	
32	0.3556272	-1.172211	0	2.934436	-0.6135559	0.7742814	0.1338658	
33	-2.926422	1.640978	0	-1.519775	-0.5244751	0.7745891	0.07164937	
34	0.8244914	2.344271	0	-1.519775	-0.4926453	0.7738199	0.009673509	


Angle MV instances
Rotate	97.8714	23.20877	37.50912	2.578766	6.095245	24.61536	2.813202	3.282043	2.109894	3.282049	3.750914	
ChildRotate	121.4358	5.391922	2.813187	2.813187	2.813171	9.611725	16.41025	45.71423	10.315	4.923065	4.454193	11.48718	9.84613	
RotateInverse	
ChildRotateInverse	145.4691	35.63365	38.91572	37.50912	18.98899	2.813187	10.78387	3.750904	
Docking x	78.10843	3.063057	13.29418	22.46221	8.460506	5.5772	9.998369	15.90288	7.519059	2.541992	3.93866	7.060425	6.697025	2.036081	3.88751	2.096766	4.325624	7.32206	7.071679	
Docking y	20.41464	2.382208	15.14888	38.41671	22.09543	4.826874	5.634338	4.761703	14.81594	24.27873	14.64105	3.064674	3.398109	3.527048	3.993272	3.366209	4.703547	4.066011	
Docking z	106.3768	4.313034	24.20181	53.04626	21.36988	12.96416	9.336044	15.98561	22.27615	8.132923	4.110394	2.228188	2.303927	16.25082	7.653931	2.91925	11.6926	
Total MV Amount	1479.071


Angle TRE instances
Rotate	16	
ChildRotate	23	
RotateInverse	1	
ChildRotateInverse	25	
Docking x	11	13	25	
Docking y	23	
Docking z	18	
Total TRE Count	8


Correct Angles	Rotate	ChildRotate	RotateInverse	ChildRotateInverse	Docking x	Docking y	Docking z
	-1.068331E-08	-1.079807E-18	0	1.297315E-08	0	0	0

Angle Error	Rotate	ChildRotate	RotateInverse	ChildRotateInverse	Docking x	Docking y	Docking z
	0.5900555	1.875407	0	1.519775	0.4584656	0.7734051	0.0362854

Time Taken	Hours	Minutes	Seconds	Milliseconds	Seconds float	Completion time
	0	0	2	59	2.059061	00h:00m:02s:059ms

Final Results	Tester Name	Time of Test	Dock Shape Style	Virtual Device Visible	Time Taken	Shape Precision %	Orientation Precision %	Overall Precision %	Efficiency %	Difficulty	Total MV	Total TRE	
	1	2018-11-27_19:29:20	ZEROING DATA	True	00h:00m:02s:059ms	99.4465	99.85006	99.58306	100	2.628496E-11	1479.071	8	
