
Angles Over Time
Frames	Rotate	ChildRotate	RotateInverse	ChildRotateInverse	Docking x	Docking y	Docking z	
0	0.2344074	2.344351	0	-3.516479	-0.7357178	-6.803047E-05	0.1666137	
1	0.7711022	0.9377288	0	-0.166626	-0.03182983	0.0005775386	0.03292298	
2	1.708831	0.2344361	0	-0.166626	-0.1291809	0.1763161	0.2388127	
3	0.7711022	0.2344361	0	-0.166626	-0.2328186	0.232176	0.9843017	
4	0.7711022	-2.344299	0	14.13373	-0.1557922	0.2965851	1.378076	
5	-3.448669	-25.5531	0	66.6465	0.1672073	-0.1972961	0.4987205	
6	0.5366737	-75.95596	0	113.064	0.4636181	-0.9585571	1.580534	
7	0.7711022	-80.17575	0	128.771	0.3475123	2.238479	0.8763386	
8	1.474403	-80.17575	0	137.9138	0.3361571	2.355753	0.9777789	
9	1.239967	-80.17575	0	137.9138	-0.07339478	1.502322	0.545687	
10	1.005538	-63.06219	0	136.5072	0.5877609	-1.092712	-0.008483887	
11	-0.635498	-24.61536	0	120.5658	2.72058	-3.113129	-0.3982544	
12	-7.902863	-0.234436	0	114.9395	3.445878	-5.273407	-0.5819397	
13	-31.81494	-2.109894	0	115.1739	6.018804	-5.820496	0.3276203	
14	-35.09698	-1.875458	0	115.4084	10.21268	-6.621613	-0.3742065	
15	-36.73804	-4.454224	0	116.1116	17.6905	-10.17908	0.08965714	
16	-40.25449	-2.578766	0	115.8772	30.49324	-19.28888	1.487585	
17	-46.8186	-1.641022	0	114.9395	41.88222	-36.77338	0.9927114	
18	-53.61713	-64.93768	0	121.0347	51.61496	-48.94699	-8.643707	
19	2.41212	-21.56775	0	121.0347	58.97255	-62.79221	-15.41245	
20	2.646556	1.406584	0	121.2692	73.31813	-76.75598	-14.79596	
21	3.584285	-0.234436	0	121.2692	81.14228	-56.2413	27.94037	
22	1.005535	0.468855	0	112.1263	79.57686	-70.63538	22.21363	
23	2.646556	0.468855	0	102.9835	82.60123	-63.79834	32.03707	
24	2.41212	0.9377193	0	67.11536	84.41525	-54.90732	46.97456	
25	2.177691	0.9377193	0	18.11907	85.67831	-46.77985	69.24411	
26	2.646556	-1.17218	0	3.115427	84.99234	-60.02536	71.67891	
27	0.06780537	-11.01831	0	1.23997	81.81152	-97.51889	37.37315	
28	1.474399	-21.33331	0	-0.166626	81.84341	-104.7534	37.13729	
29	2.646556	-26.25638	0	0.06781226	83.31438	-96.07251	49.97191	
30	3.349849	-40.79117	0	0.3022407	85.04137	-85.12009	66.39314	
31	3.349849	-43.83881	0	-0.401062	84.92229	-82.09164	71.52832	
32	3.349849	-24.38095	0	4.287585	85.21264	-51.00702	100.9364	
33	1.239963	-10.78387	0	-0.166626	84.4863	-22.29953	126.86	
34	2.41212	-21.56775	0	-0.166626	82.82171	-7.877747	144.2333	
35	2.646556	-29.06958	0	0.06781257	80.77538	-0.1074524	156.2236	
36	3.349849	-44.77652	0	-0.166626	77.78907	3.601083	167.3304	
37	2.646556	-44.77652	0	15.07146	76.72969	1.196464	173.7968	
38	-2.042084	-24.61536	0	58.67581	78.24703	-0.5353394	158.0102	
39	-0.401062	-1.334642E-05	0	62.42673	78.84129	-2.013336	150.7846	
40	1.239962	-0.7033081	0	72.74173	77.99291	-4.438019	152.9204	
41	1.708827	-1.333996E-05	0	91.02743	77.72433	-6.00238	153.1706	
42	1.239962	-1.333996E-05	0	105.0933	79.28585	-9.060486	151.8157	
43	1.708827	-2.813202	0	118.6904	81.97197	-12.84576	149.3578	
44	-0.8699341	-0.9377441	0	123.6135	84.3864	-17.05658	146.6202	
45	1.708827	-0.4688721	0	122.9102	84.98714	-20.6955	144.1698	
46	2.880984	0.7032874	0	112.3607	85.5765	-20.78198	145.5762	
47	3.818713	0.9377157	0	101.5769	87.27172	-48.12949	119.7768	
48	4.053149	0.7032874	0	100.8736	87.93256	-90.66156	77.81203	
49	4.053149	-0.9377441	0	98.76368	87.89848	-89.09491	79.51909	
50	1.943255	0.2344231	0	98.29481	87.85909	-79.19614	89.46006	
51	3.11542	-1.296666E-05	0	98.29481	88.10742	-66.92813	101.6891	
52	3.11542	-1.296666E-05	0	98.29481	88.21458	-58.4429	110.0162	
53	2.880984	0.2344231	0	98.29481	88.10606	-49.37308	118.9795	
54	3.115421	-3.282043	0	99.23254	88.22878	-45.11478	123.0935	
55	0.53667	-1.17218	0	98.76368	88.4258	-43.32468	124.7663	
56	1.943256	-1.316293E-05	0	98.52924	88.43777	-37.7149	130.3162	
57	2.646556	0.7032873	0	98.29482	88.46787	-37.41318	130.5533	
58	4.053149	0.7032873	0	98.29482	88.39002	-32.80432	135.2042	
59	4.053149	1.172152	0	98.76368	88.13229	-23.17422	144.86	
60	3.349849	-1.875458	0	98.76368	88.10711	-18.23404	149.8027	
61	1.943256	-1.311994E-05	0	98.29482	88.21546	-19.46045	148.5857	
62	3.115421	0.4688513	0	98.52925	88.05017	-15.77682	152.2882	


Angle MV instances
Rotate	4.219772	3.985343	7.267365	23.91208	3.282043	3.516449	6.564117	6.798523	56.02925	2.57875	2.578751	2.109886	2.109894	2.578751	
ChildRotate	2.344351	2.578735	23.2088	50.40286	4.219788	17.11356	38.44684	24.38092	2.578766	63.29666	43.36993	22.97433	9.84613	10.315	4.923065	14.53479	3.047638	19.45786	13.59708	10.78387	7.501831	15.70694	20.16116	24.61534	2.813189	3.516467	2.109863	
RotateInverse	
ChildRotateInverse	3.516479	3.349854	14.30035	52.51277	46.41753	15.70695	9.142838	15.94139	5.626366	6.09523	9.142853	9.142853	35.8681	48.99629	15.00365	4.688647	4.454211	15.23808	43.60435	3.750916	10.315	18.2857	14.06592	13.59705	4.923073	10.54945	10.78388	2.109886	
Docking x	2.132819	2.572926	4.193881	7.477814	12.80275	11.38898	9.732738	7.35759	14.34558	7.82415	3.024376	3.180824	2.046333	2.986305	2.686119	2.414429	
Docking y	2.020416	2.160278	3.557465	9.109802	17.4845	12.17361	13.84521	13.96378	20.51468	14.39407	6.837036	8.891022	8.127472	13.24551	37.49353	7.234467	8.680847	10.95242	3.028442	31.08463	28.70749	14.42178	7.770294	3.708536	2.40462	2.424683	3.058105	3.785278	4.210815	3.638916	27.3475	42.53207	9.898773	12.26801	8.485229	9.069824	4.258301	5.609772	4.608856	9.630096	4.940186	3.683624	
Docking z	9.636418	6.768738	42.73633	5.726742	9.823442	14.93749	22.26955	2.434799	34.30576	12.83461	16.42123	5.135178	29.40813	25.92358	17.37325	11.99036	11.10675	6.466385	15.78661	7.225586	2.135834	2.457901	2.73761	2.450439	25.79939	41.96478	9.940971	12.22901	8.32711	8.963348	4.11396	5.549866	4.650848	9.655792	4.94278	3.702499	
Total MV Amount	2047.869


Angle TRE instances
Rotate	1	12	19	
ChildRotate	1	5	12	18	20	27	39	
RotateInverse	1	
ChildRotateInverse	
Docking x	26	27	30	33	45	
Docking y	
Docking z	29	30	
Total TRE Count	15


Correct Angles	Rotate	ChildRotate	RotateInverse	ChildRotateInverse	Docking x	Docking y	Docking z
	-1.7559E-23	0	0	90	89.50505	-110.1901	49.27146

Angle Error	Rotate	ChildRotate	RotateInverse	ChildRotateInverse	Docking x	Docking y	Docking z
	2.646556	1.312666E-05	0	8.294815	1.778618	98.86316	107.4879

Time Taken	Hours	Minutes	Seconds	Milliseconds	Seconds float	Completion time
	0	0	3	715	3.714522	00h:00m:03s:715ms

Final Results	Tester Name	Time of Test	Dock Shape Style	Virtual Device Visible	Time Taken	Shape Precision %	Orientation Precision %	Overall Precision %	Efficiency %	Difficulty	Total MV	Total TRE	
	1	2018-11-27_19:30:54	Presets_dockPreset_5	False	00h:00m:03s:715ms	98.48036	61.78684	82.61341	88.25171	0.3766296	2047.869	15	
