
Angles Over Time
Frames	Rotate	ChildRotate	RotateInverse	ChildRotateInverse	Docking x	Docking y	Docking z	
0	1.699706	5.391903	0	-5.333313	-0.08026123	-0.002681351	-0.04559326	
1	0.5144695	0.2344284	0	0.748898	-0.05288696	-0.001446291	-0.0218811	
2	-0.4232483	-1.641022	0	3.09322	0.03356241	-0.0009997186	-0.03320313	
3	-1.595428	0.2344285	0	0.04560523	0.06175122	-0.008331299	-0.07611084	
4	1.452198	0.2344285	0	1.217762	0.04624558	-0.03417969	-0.07907104	
5	0.5144695	0.7032928	0	0.2800336	0.03073912	-0.06002808	-0.08203125	
6	0.5144695	0.2344285	0	1.217762	0.07839849	-0.01126099	0.08741338	
7	-0.1888123	-10.08057	0	5.9064	0.1525001	0.2984861	0.2290501	
8	-5.58075	-25.78754	0	37.08585	0.1472828	2.033401	1.392342	
9	-1.126556	-39.61902	0	101.3202	1.030194	2.093479	1.019799	
10	0.9833342	-47.35526	0	126.6389	1.968965	0.2916825	0.01167458	
11	1.452199	-47.58969	0	128.5143	2.606681	-2.88089	-0.5354919	
12	2.389928	-48.76187	0	128.5143	2.49758	-4.276306	-0.2556763	
13	2.624364	-50.16846	0	128.9832	1.674153	-3.002716	-0.2715454	
14	-2.06427	-51.10617	0	128.0455	0.4794833	-1.326233	-0.618103	
15	0.7489055	-53.21606	0	122.1847	-0.5683594	1.157537	-0.4139404	
16	0.2800412	-52.98163	0	112.8074	-0.9937744	4.717331	0.1112128	
17	-0.1888123	-51.80948	0	101.3202	-0.9169922	11.20055	1.202076	
18	0.7489057	-50.63733	0	94.99055	-0.6297913	16.38235	1.161591	
19	-4.4086	-42.43219	0	90.77077	-0.3725281	19.56225	5.116921	
20	-2.298706	-39.85345	0	90.06749	-0.2825012	20.114	9.351738	
21	-9.097229	-39.15015	0	89.59863	-0.4274597	19.60647	12.19675	
22	-8.628387	-38.91571	0	88.19204	-0.9585266	18.5061	11.33158	
23	-8.628387	-39.61902	0	87.9576	-1.049103	19.22732	11.08073	
24	-8.628387	-42.43219	0	89.59863	-0.9794617	21.36891	11.40007	
25	-12.37927	-40.08789	0	88.19204	-0.8605652	23.04926	9.63239	
26	-10.50385	-40.3223	0	87.9576	-1.024902	23.61665	8.087313	
27	-10.26941	-39.61902	0	88.19204	-0.6858215	23.76899	8.497293	
28	-12.61371	-25.08423	0	87.72318	0.3775216	24.34096	10.33998	
29	-27.85181	-9.142853	0	89.83306	0.9802355	24.94196	12.39231	
30	-45.66864	-3.047607	0	86.08215	3.801886	24.86424	11.38684	
31	-46.37192	-1.406586	0	75.76714	8.165172	23.57591	10.30077	
32	-47.30966	-0.7033081	0	67.56202	10.87066	22.64583	13.21428	
33	-47.77853	0.7032921	0	61.23235	12.40459	22.2239	15.52005	
34	-48.48181	0.7032921	0	62.17008	12.46491	22.02536	16.48681	
35	-49.65399	-5.157501	0	61.70121	12.20715	21.94518	15.99535	
36	-54.10818	-4.923065	0	57.71587	12.12557	21.78915	17.02344	
37	-54.57706	-8.908417	0	56.54371	12.28614	21.63006	17.57101	
38	-56.45251	-26.72525	0	56.77814	12.3004	21.85016	17.9071	
39	-55.74921	-52.74719	0	56.77814	12.16224	22.21928	17.90795	
40	-53.63931	-63.06223	0	53.49609	11.49798	22.24063	18.05427	
41	-52.7016	-66.10983	0	59.35689	10.78617	22.06654	18.17981	
42	-48.01294	-70.79846	0	58.18473	9.737256	21.93484	17.9491	
43	-41.91772	-78.76917	0	64.04553	8.670033	21.67294	16.16909	
44	-35.58807	-84.1611	0	65.21769	7.112599	21.75325	15.649	
45	-34.65033	-89.55304	0	64.98326	6.742554	22.23424	14.62036	
46	-34.65033	-98.22702	0	65.92099	5.623614	22.19874	16.20877	
47	-37.46353	-98.69586	0	64.74883	3.561008	21.90673	16.43087	
48	-35.82251	-98.69586	0	64.98326	3.402647	22.09839	16.33689	
49	-36.52579	-98.46143	0	64.5144	3.374937	22.31134	16.77884	
50	-35.82251	-100.8058	0	64.5144	2.624796	22.14835	16.91463	
51	-35.82251	-105.9633	0	66.85872	2.516659	22.07654	17.13027	
52	-39.80783	-109.7142	0	66.85872	1.896337	21.95104	17.60441	
53	-37.93237	-110.8863	0	64.74883	1.302527	21.82635	17.74782	
54	-36.05692	-112.7618	0	64.98326	0.6622295	21.65348	17.91494	
55	-35.35364	-113.2307	0	64.5144	-0.03042603	21.41907	18.08544	
56	-36.05692	-113.4651	0	64.27996	-0.3222351	21.29503	18.01577	
57	-36.05692	-114.6372	0	68.49973	-0.4506226	21.20261	18.03424	
58	-40.51114	-113.2307	0	67.79645	-0.4833679	21.14738	17.05907	
59	-36.05692	-113.2307	0	71.31293	-0.3056641	21.27072	15.98248	
60	-36.76022	-112.9962	0	71.07849	0.4728985	21.42397	16.0112	
61	-35.35364	-112.9962	0	60.06018	1.848549	21.58623	15.86568	
62	-35.1192	-112.9962	0	70.60963	4.024055	21.89501	16.85225	
63	-34.88477	-114.1684	0	71.78179	6.664654	22.23998	18.59689	
64	-38.16681	-113.4651	0	70.84407	7.439409	22.42221	20.05101	
65	-37.93237	-113.6995	0	71.0785	6.284308	22.01997	19.39988	
66	-35.82251	-113.6995	0	72.25066	4.695972	21.61319	18.82248	
67	-37.2291	-113.4651	0	74.36055	3.934187	21.40989	18.64234	
68	-37.2291	-114.6372	0	77.64259	3.01104	21.28734	18.52871	
69	-41.68329	-113.9339	0	79.75248	2.089805	21.16334	17.95865	
70	-37.69797	-113.2307	0	78.58032	1.482968	21.08547	17.72232	
71	-37.2291	-113.2307	0	79.04919	1.336706	21.0548	17.61595	
72	-36.76022	-112.9962	0	78.81477	1.233025	21.02993	17.49389	
73	-36.52579	-113.4651	0	78.34589	1.117514	21.00297	17.43855	
74	-37.2291	-114.8716	0	82.56567	1.065091	20.97179	17.48472	
75	-41.68329	-113.4651	0	78.58034	0.9472847	20.96912	17.56423	
76	-37.46353	-113.4651	0	78.58034	1.034132	20.97942	17.66864	
77	-37.2291	-113.4651	0	79.0492	1.024205	20.93926	18.02294	
78	-37.46353	-113.6995	0	78.58035	0.999552	20.87893	18.56038	
79	-37.46353	-114.6372	0	80.92466	1.166909	20.89577	19.14552	
80	-41.21445	-113.9339	0	79.98694	1.426803	20.83055	19.58058	
81	-39.57343	-113.4651	0	77.87705	2.024022	20.70827	21.01205	
82	-40.98001	-113.2306	0	76.93932	3.622391	20.45704	23.48543	
83	-43.79318	-113.4651	0	75.06387	5.317054	20.34997	26.19286	
84	-46.37195	-113.2306	0	75.29829	6.240911	20.32441	27.10034	
85	-47.77853	-114.4028	0	75.76716	6.170256	20.17847	26.51352	
86	-49.88843	-113.2306	0	74.59499	6.218062	20.10151	26.39851	
87	-48.71625	-113.4651	0	73.89172	6.565309	20.30079	25.9684	
88	-48.95068	-113.6995	0	72.25069	6.886739	20.58699	26.00156	
89	-48.48184	-113.4651	0	70.60967	7.306549	20.86095	25.80026	
90	-48.48184	-114.4028	0	73.89172	7.53561	21.17498	25.61305	
91	-51.76389	-113.9339	0	72.71956	7.776963	21.40188	25.85956	
92	-50.82614	-113.4651	0	70.8441	7.789932	21.84224	26.88554	
93	-49.41956	-112.9962	0	71.31297	7.583434	22.24145	26.95691	
94	-48.95068	-112.9962	0	69.90638	6.974561	22.97515	27.09903	
95	-48.48184	-113.465	0	69.90638	6.324595	23.38946	26.77773	
96	-49.88843	-115.1061	0	73.89172	6.644904	23.54357	26.83903	
97	-53.40491	-113.4651	0	69.90638	6.782131	23.65694	26.91586	
98	-49.65399	-113.6995	0	69.90638	6.75587	23.49523	27.14818	
99	-49.65399	-112.9962	0	70.60967	6.495782	23.23003	27.111	
100	-49.65399	-112.9962	0	70.60967	6.209461	22.84148	27.32986	
101	-48.95068	-113.2306	0	70.37524	6.113893	22.88091	27.39968	


Angle MV instances
Rotate	5.391937	4.454193	5.157506	2.109894	6.798523	3.750885	2.344299	15.2381	17.81683	4.454193	2.109894	4.68866	6.095215	6.329651	2.813202	3.985321	4.454224	4.454224	3.282043	2.109863	4.454193	3.985321	4.454193	4.219757	3.750916	2.813171	2.578766	2.109894	3.282043	3.516479	3.750916	
ChildRotate	5.391903	5.157475	10.31499	15.70697	13.83148	7.736237	2.109894	8.205139	2.578735	2.813171	2.344299	14.53479	15.94138	6.095245	5.860793	3.985352	17.81683	26.02194	10.31503	3.047607	4.688629	7.970703	5.391937	5.391937	8.673981	2.34433	5.157516	3.7509	
RotateInverse	
ChildRotateInverse	5.333313	6.082211	2.344322	3.047615	4.688637	31.17945	64.23437	25.31866	5.860802	9.377281	11.48717	6.329666	4.21978	2.109886	3.750916	10.31501	8.205116	6.329666	3.98534	3.282047	5.860802	5.860802	2.344322	2.109894	4.219772	3.516479	11.01831	10.54945	2.109894	3.282043	2.109886	4.21978	3.985336	2.344315	2.109886	3.282043	3.985336	3.985336	
Docking x	2.82165	4.363286	2.705488	2.062605	2.175506	2.640599	
Docking y	3.172572	3.559794	6.483214	5.181808	3.179899	2.141592	
Docking z	3.95533	4.234817	2.84501	2.052329	2.913502	2.305779	2.473375	2.70743	
Total MV Amount	728.284


Angle TRE instances
Rotate	45	47	63	64	
ChildRotate	52	55	60	63	72	73	93	95	99	101	
RotateInverse	1	
ChildRotateInverse	19	31	
Docking x	
Docking y	
Docking z	84	
Total TRE Count	17


Correct Angles	Rotate	ChildRotate	RotateInverse	ChildRotateInverse	Docking x	Docking y	Docking z
	-30	-108.2275	0	90	30	30	30

Angle Error	Rotate	ChildRotate	RotateInverse	ChildRotateInverse	Docking x	Docking y	Docking z
	18.95068	6.175278	0	18.21817	23.69224	7.126343	2.449432

Time Taken	Hours	Minutes	Seconds	Milliseconds	Seconds float	Completion time
	0	0	6	20	6.020102	00h:00m:06s:020ms

Final Results	Tester Name	Time of Test	Dock Shape Style	Virtual Device Visible	Time Taken	Shape Precision %	Orientation Precision %	Overall Precision %	Efficiency %	Difficulty	Total MV	Total TRE	
	1	2018-11-27_19:35:35	Ltd Random	True	00h:00m:06s:020ms	93.97998	98.22671	93.91967	92.46758	0.3535861	728.284	17	
