
Angles Over Time
Frames	Rotate	ChildRotate	RotateInverse	ChildRotateInverse	Docking x	Docking y	Docking z	
0	-54.81622	-82.75452	0	96.62694	1.188387	-67.27966	4.14046	
1	-55.98837	-82.05121	0	95.92365	1.196149	-67.46564	4.096662	
2	-55.05066	-82.05121	0	95.68921	1.050887	-66.93475	4.014013	
3	-54.58179	-81.81677	0	95.92365	1.136992	-66.34711	4.036399	
4	-55.05066	-80.41019	0	95.92365	1.29193	-65.84845	4.006066	
5	-54.81622	-66.34427	0	96.62694	1.941636	-63.36639	3.830919	
6	-58.56714	-45.47983	0	94.51705	2.801295	-59.61942	2.565834	
7	-65.83453	-27.42856	0	69.9017	2.298748	-51.06799	2.030241	
8	-72.16418	-18.28571	0	39.65997	1.905262	-38.3688	1.22502	
9	-72.16418	-18.05127	0	31.45484	3.120983	-27.15814	-0.335907	
10	-56.22281	-17.34799	0	38.01894	1.263127	-11.96445	-3.683136	
11	-30.90414	-18.98901	0	39.1911	-5.119293	-0.9855347	-4.71817	
12	-8.633118	-11.01831	0	27.4695	-3.767883	3.808841	-4.073395	
13	-4.178894	-11.01831	0	25.59405	-4.854248	6.041322	-9.256256	
14	0.9785945	-14.53479	0	17.38893	-4.154175	6.761113	-6.258575	
15	1.681895	-19.45789	0	-0.4279175	-3.750153	7.344666	-4.042389	
16	2.619616	2.578741	0	-3.006653	-3.024414	6.17263	-1.026672	
17	0.9785945	3.282034	0	-4.413239	-2.721405	5.928967	-1.143127	
18	4.02621	5.860784	0	-5.585419	-2.854858	5.9312	-1.137177	
19	6.136096	5.391919	0	-5.819855	-2.812592	6.007368	-1.146393	
20	6.370532	5.860784	0	-5.819855	-2.733826	6.072425	-1.174103	
21	6.136096	5.860784	0	-6.05426	-2.761292	6.179962	-1.223633	
22	6.370533	3.985326	0	-4.178802	-2.661865	6.280564	-1.242706	
23	4.260646	4.219762	0	-6.288696	-2.594757	6.294916	-1.246582	
24	5.432804	4.923055	0	-5.819855	-2.635895	6.295699	-1.24292	
25	4.96394	4.923055	0	-5.819855	-2.512512	6.293342	-1.253906	
26	5.198375	4.688626	0	-5.350983	-2.589661	6.27904	-1.255554	
27	4.963939	1.406575	0	-0.896759	-2.590485	6.227794	-1.252045	
28	1.213031	4.923055	0	-5.819855	-2.550171	6.18584	-1.252899	
29	4.963939	4.688626	0	-5.350983	-2.498627	6.190478	-1.251587	
30	4.963939	5.39192	0	-6.05426	-2.426453	6.188935	-1.264465	
31	6.604961	5.860785	0	-5.819855	-2.416382	6.188899	-1.259003	
32	6.370533	5.860785	0	-5.819855	-2.40509	6.255647	-1.257996	
33	6.136097	3.516462	0	-3.709961	-2.288849	7.813543	-1.378143	
34	3.557346	5.157491	0	-6.05426	-2.02478	11.21199	-1.672028	
35	5.198376	4.454191	0	-6.05426	-1.948547	12.31495	-1.819305	
36	5.667241	4.923055	0	-6.05426	-1.95105	12.67536	-1.822083	
37	5.198376	4.923055	0	-5.350983	-1.927002	13.06665	-1.824432	
38	4.729512	1.406575	0	-2.772217	-1.875244	13.97304	-1.836212	
39	1.916325	3.516461	0	-4.413239	-1.851074	14.47815	-1.860809	
40	4.260648	4.923055	0	-5.819855	-1.767975	14.62972	-1.92865	
41	5.198377	4.923055	0	-6.05426	-1.703033	14.80188	-1.968536	
42	6.370534	4.923055	0	-5.350983	-1.684601	14.89352	-1.977386	
43	4.96394	4.923055	0	-5.585419	-1.735077	15.00376	-1.96402	
44	5.198376	1.87544	0	-3.006653	-1.747223	15.11861	-1.967499	
45	2.38519	3.750898	0	-4.178802	-1.705963	15.31469	-1.970093	
46	4.729512	4.454191	0	-5.819855	-1.703186	15.41649	-1.976074	
47	5.198376	4.923054	0	-5.585419	-1.701233	15.48323	-1.980011	
48	4.729512	5.391919	0	-5.819855	-1.705627	15.54085	-1.973846	
49	5.432806	5.860784	0	-5.116547	-1.704926	15.5663	-1.975342	
50	4.729512	4.688626	0	-3.709961	-1.704926	15.5663	-1.975342	
51	4.495076	5.391919	0	-6.05426	-1.682831	15.56524	-1.98819	


Angle MV instances
Rotate	54.81622	3.750916	7.267395	6.329651	15.94138	25.31866	22.27103	4.454224	5.157488	3.047615	2.109886	2.109886	3.750907	3.750907	2.578751	2.813187	2.344323	2.813187	2.344323	
ChildRotate	82.75452	14.06592	20.86444	18.05127	9.142853	7.970703	3.516479	4.923096	22.03663	2.57875	3.282051	3.51648	2.344323	3.516479	2.109886	3.047616	
RotateInverse	
ChildRotateInverse	96.62694	2.109886	24.61536	30.24173	8.205124	6.564102	11.7216	8.205126	17.81684	2.578735	2.109894	4.454224	4.923096	2.109894	2.344299	2.578766	2.578766	2.344299	
Docking x	6.382421	
Docking y	67.27966	2.482056	3.746979	8.551422	12.69919	11.21066	15.1937	10.97891	4.794375	2.232481	3.398444	
Docking z	4.14046	3.347229	5.182861	2.997681	2.216187	3.015717	
Total MV Amount	778.6705


Angle TRE instances
Rotate	14	19	23	24	25	26	27	31	34	35	38	41	43	44	45	47	48	49	50	
ChildRotate	17	18	22	30	33	34	35	48	50	51	
RotateInverse	1	
ChildRotateInverse	16	18	22	23	27	28	33	34	38	40	44	46	50	51	
Docking x	1	11	12	
Docking y	12	13	
Docking z	1	13	15	
Total TRE Count	49


Correct Angles	Rotate	ChildRotate	RotateInverse	ChildRotateInverse	Docking x	Docking y	Docking z
	0	0	0	0	0	0	0

Angle Error	Rotate	ChildRotate	RotateInverse	ChildRotateInverse	Docking x	Docking y	Docking z
	6.370534	5.860784	0	6.05426	1.578918	15.6438	2.022369

Time Taken	Hours	Minutes	Seconds	Milliseconds	Seconds float	Completion time
	0	0	3	54	3.054	00h:00m:03s:054ms

Final Results	Tester Name	Time of Test	Dock Shape Style	Virtual Device Visible	Time Taken	Shape Precision %	Orientation Precision %	Overall Precision %	Efficiency %	Difficulty	Total MV	Total TRE	
	1	2018-11-27_19:27:06	ZEROING DATA	True	00h:00m:03s:054ms	97.46033	96.72849	97.02138	100	0	778.6705	49	
