
Angles Over Time
Frames	Rotate	ChildRotate	RotateInverse	ChildRotateInverse	Docking x	Docking y	Docking z	
0	-109.4703	-54.38824	0	0.947175	82.51395	-6.153992	146.2277	
1	-109.2358	-53.4505	0	0.009446149	82.40164	-4.038422	144.6229	
2	-106.8915	-52.98166	0	0.4783105	82.55155	-1.983734	145.1095	
3	-105.9538	-53.68494	0	-0.2249756	82.55292	-1.221527	145.5383	
4	-105.9538	-53.68494	0	0.4783105	82.40948	0.3389572	147.1489	
5	-106.1882	-55.79483	0	4.932519	82.28187	0.9901335	147.9429	
6	-106.6571	-54.15381	0	0.7127468	82.30161	0.9645733	148.1045	
7	-105.9538	-53.4505	0	-0.2249756	82.64665	-1.807892	145.2579	
8	-102.2029	-53.68494	0	-0.4594116	82.77251	-10.0531	130.0701	
9	-81.57285	-33.75824	0	7.276841	81.53397	-37.18152	82.48329	
10	-45.93921	-26.95969	0	-0.6938477	57.42382	-69.39365	17.61152	
11	-3.272583	-15.94141	0	1.650474	25.50214	-76.56677	7.141431	
12	-5.14801	-14.06595	0	-0.4594116	29.83161	-77.71133	3.315169	
13	-2.334839	-12.89377	0	3.05706	24.3372	-77.99808	2.043791	
14	-2.334839	-13.1282	0	3.291496	25.14663	-77.45074	1.950305	
15	-3.038147	-13.36264	0	0.009445017	24.01584	-76.50192	2.564774	
16	-2.569275	-15.94141	0	3.05706	23.39544	-75.49527	2.67587	
17	-5.616882	-7.267426	0	0.947174	21.81136	-75.52075	2.642306	
18	-3.272583	-3.750946	0	-0.2249756	13.46901	-76.72766	2.042466	
19	-2.334839	0.4688481	0	-0.6938477	8.236921	-76.97974	1.86729	
20	-1.162689	0.7032766	0	-0.6938477	5.315217	-77.29013	2.501204	
21	-0.9282532	0.2344121	0	-0.6938477	4.902047	-77.31482	2.482249	
22	-1.397125	-1.641052	0	1.18161	4.883473	-77.31638	2.464543	
23	-3.506989	-0.2344666	0	0.009445091	4.882478	-77.31778	2.428228	
24	-2.569275	-1.623437E-05	0	0.2438811	4.862905	-77.32071	2.37421	
25	-2.569275	-0.2344666	0	-0.6938477	4.731957	-77.3429	2.333292	
26	-1.865967	0.2344121	0	-0.4594116	4.689171	-78.00543	2.351627	
27	-2.100403	-2.813202	0	1.18161	4.830866	-80.50797	2.237237	
28	-5.14801	-1.17218	0	0.947174	4.873333	-81.58929	2.169243	
29	-3.272583	0.2344121	0	-0.4594116	4.939707	-82.00204	2.148798	
30	-1.865967	0.9377125	0	-0.4594116	4.942974	-82.31348	2.082759	
31	-0.9282532	0.2344121	0	0.009444978	4.905515	-82.33865	2.047826	
32	-2.569275	0.2344121	0	-0.2249756	4.877928	-82.34097	2.016963	
33	-2.334839	-3.51651	0	4.69809	4.836421	-82.3436	1.99435	


Angle MV instances
Rotate	109.4703	2.34433	3.750916	20.63004	35.63364	42.66663	2.813171	3.047607	2.344299	2.109863	3.047607	
ChildRotate	54.38824	2.109894	19.9267	6.798553	11.01828	2.578766	8.673981	3.516479	4.219794	3.047614	3.750922	
RotateInverse	
ChildRotateInverse	4.454209	4.219773	7.736253	7.970689	3.516472	3.282051	3.047615	2.109886	4.923065	
Docking x	82.51395	24.11015	31.92168	4.329466	5.494411	8.342345	5.232091	2.921704	
Docking y	6.153992	2.11557	2.054688	8.245209	27.12842	32.21213	7.173126	2.502533	
Docking z	146.2277	2.846558	15.18779	47.58684	64.87178	10.47008	3.826262	
Total MV Amount	932.6161


Angle TRE instances
Rotate	13	17	18	28	29	
ChildRotate	19	
RotateInverse	1	
ChildRotateInverse	1	9	10	
Docking x	22	
Docking y	2	8	
Docking z	13	
Total TRE Count	12


Correct Angles	Rotate	ChildRotate	RotateInverse	ChildRotateInverse	Docking x	Docking y	Docking z
	-2.185422E-08	-1.507256E-18	0	0	0	0	0

Angle Error	Rotate	ChildRotate	RotateInverse	ChildRotateInverse	Docking x	Docking y	Docking z
	6.32019	0.4688485	0	0.6938477	4.747494	82.3512	1.971344

Time Taken	Hours	Minutes	Seconds	Milliseconds	Seconds float	Completion time
	0	0	2	1	2.000811	00h:00m:02s:001ms

Final Results	Tester Name	Time of Test	Dock Shape Style	Virtual Device Visible	Time Taken	Shape Precision %	Orientation Precision %	Overall Precision %	Efficiency %	Difficulty	Total MV	Total TRE	
	1	2018-11-27_19:30:14	ZEROING DATA	True	00h:00m:02s:001ms	98.96071	84.38471	92.33707	100	2.428246E-11	932.6161	12	
