
Angles Over Time
Frames	Rotate	ChildRotate	RotateInverse	ChildRotateInverse	Docking x	Docking y	Docking z	
0	-14.67389	-126.3587	0	86.83546	-66.81152	-156.5069	-51.95779	
1	-14.67389	-125.6555	0	87.06989	-66.89651	-156.5547	-51.51279	
2	-14.67389	-125.8899	0	86.83546	-67.41913	-156.727	-51.06799	
3	-14.67389	-121.2012	0	84.96	-68.8732	-156.6376	-50.6611	
4	-14.67389	-124.7177	0	84.2567	-70.91119	-159.76	-44.70642	
5	-14.20502	-125.8899	0	78.16147	-72.81668	-170.184	-29.58069	
6	-6.937622	-125.1866	0	63.15783	-73.86938	172.8483	-6.88501	
7	-3.421143	-117.2159	0	3.612097	-70.55243	153.1735	24.42627	
8	-3.186707	-86.27087	0	14.39596	-60.24988	139.9019	45.93726	
9	-3.186707	-30.24164	0	14.6304	-43.60272	131.2707	43.7749	
10	-3.421143	0.9378368	0	18.38131	-25.01584	121.8003	24.5936	
11	-0.8424072	0.9378368	0	16.037	-16.36301	107.4372	18.25714	
12	-0.8424072	0.9378368	0	16.50586	-13.78601	91.51629	16.53634	
13	-0.8424072	0.9378368	0	-0.37323	-5.343597	71.06936	19.71933	
14	-0.8424072	0.4689724	0	1.267778	2.894675	53.04003	22.83077	
15	-1.076813	0.9378368	0	0.5644852	3.868589	38.90301	19.95569	
16	-0.8424072	0.9378368	0	-0.1388245	3.035146	28.29641	13.28768	
17	-0.3735352	1.172265	0	-0.37323	0.7418959	19.37603	6.923866	
18	-0.3735352	1.172265	0	-0.37323	-2.071259	15.31148	3.990577	
19	-0.3735352	0.9378368	0	-0.37323	-0.9856873	12.41061	0.6954684	
20	-0.3735352	0.2345362	0	1.736642	1.809126	9.356957	-1.846008	
21	-1.311249	0.9378368	0	-0.1388245	2.149426	5.368371	-1.962433	
22	-0.3735352	0.9378368	0	-0.1388245	4.531538	-0.3336792	-4.327209	
23	-0.3735352	1.172265	0	-0.37323	2.278462	0.1983877	-7.918915	
24	-0.3735352	1.406701	0	-0.37323	-1.439911	3.465261	-7.389984	
25	-0.1390991	1.172265	0	-0.37323	-2.626892	1.916789	-9.004913	
26	-0.3735352	0.9378368	0	0.5644853	1.978482	0.1221291	-10.02011	
27	-0.6079712	0.9378368	0	-0.607666	4.246168	-0.3329163	-9.720184	
28	-0.3735352	0.9378368	0	-0.37323	3.159004	-0.5275269	-8.775055	
29	-0.3735352	1.172265	0	-0.37323	2.842654	-0.3056641	-7.540375	
30	-0.3735352	0.9378368	0	-0.37323	3.104176	0.666335	-4.969116	
31	-0.3735352	0.4689723	0	0.7989136	3.439941	1.719145	-3.340973	
32	-0.8424072	0.4689723	0	0.3300492	5.07315	3.759359	-1.801971	
33	-0.6079712	0.7034007	0	-0.37323	6.409494	4.149587	-0.9907837	
34	-0.3735352	1.172265	0	-0.37323	7.292452	3.704481	1.031081	
35	-0.3735352	0.9378368	0	-0.1388245	8.514359	3.70128	2.582055	
36	-0.3735352	1.172265	0	-0.37323	7.782768	4.137876	1.213534	
37	-0.3735352	0.2345363	0	1.502207	7.571493	4.296194	0.693914	
38	-0.8424072	1.172265	0	0.09562094	8.364908	4.32056	0.7142653	
39	-0.3735352	0.9378368	0	-0.37323	8.463476	4.486001	0.4783497	
40	-0.3735352	1.172265	0	-0.1388245	8.956048	4.500319	0.6883064	
41	-0.3735352	1.172265	0	-0.1388245	8.796868	4.719863	0.5466347	
42	-0.1390991	1.172265	0	-0.37323	9.16235	5.395987	0.04092059	
43	-0.1390991	0.7034008	0	0.3300494	9.958887	6.487006	-1.393707	
44	-0.8424072	0.9378369	0	-0.37323	10.97805	7.848572	-2.47171	
45	-0.3735352	0.9378369	0	-0.37323	11.72679	9.027771	-3.095459	
46	-0.3735352	0.9378369	0	-0.37323	11.58853	9.450976	-3.40036	
47	-0.3735352	1.172265	0	-0.37323	11.25815	9.786839	-3.555481	
48	-0.3735352	0.7034009	0	1.03335	10.96603	9.394493	-3.610535	
49	-0.8424072	0.9378371	0	0.3300495	9.892861	6.522014	-2.489502	
50	-0.6079712	1.172265	0	0.09562107	9.688236	3.192116	-1.263306	
51	-0.3735352	0.9378371	0	-0.1388245	9.451991	0.05197451	-0.7572632	
52	-0.1390991	1.172265	0	-0.37323	9.610551	-2.267151	-0.5982056	
53	-0.3735352	0.9378371	0	-0.37323	10.04365	-3.033051	-0.6500244	
54	-0.3735352	0.2345365	0	1.736643	10.25902	-2.927246	-0.5857544	
55	-1.311249	1.172265	0	-0.1388245	10.60031	-2.65506	-0.6746521	
56	-0.3735352	1.172265	0	-0.1388245	11.06532	-2.30191	-0.6886597	
57	-0.3735352	1.406701	0	-0.1388245	11.04272	-1.876282	-0.4397583	
58	-0.3735352	0.9378371	0	-0.37323	10.9558	-1.753754	-0.1000061	
59	-0.3735352	1.172265	0	-0.37323	10.85145	-1.729309	0.3315097	
60	-0.3735352	0.2345365	0	1.502207	10.51957	-1.527496	1.156789	
61	-1.076813	0.9378371	0	-0.37323	10.17432	-1.334259	1.54173	
62	-0.3735352	0.9378371	0	-0.1388245	10.01568	-1.436859	1.92186	
63	-0.6079712	1.172265	0	-0.37323	10.07325	-1.437958	1.967094	
64	-0.3735352	0.9378371	0	-0.37323	9.888767	-2.205963	2.275055	
65	-0.3735352	1.406701	0	-0.1388245	9.474483	-2.148438	2.24114	
66	-0.3735352	0.4689726	0	0.3300494	8.983381	-2.099823	2.47254	
67	-0.6079712	0.703401	0	-0.37323	8.864699	-2.742462	2.794245	
68	-0.6079712	0.703401	0	0.09562098	8.761054	-2.682404	2.766558	
69	-0.6079712	0.9378371	0	-0.37323	9.0063	-2.668243	2.700525	
70	-0.3735352	1.172265	0	-0.37323	9.111023	-2.647034	2.568724	
71	-0.3735352	0.4689726	0	0.3300495	9.260356	-2.629578	2.540137	


Angle MV instances
Rotate	14.67389	7.267395	3.516479	2.578735	
ChildRotate	126.3587	4.68866	3.516495	7.970688	30.94502	56.02924	31.17948	
RotateInverse	
ChildRotateInverse	86.83546	6.09523	15.00364	59.54573	10.78387	3.75091	2.344315	16.87909	
Docking x	66.81152	2.037994	3.316956	10.30255	16.64716	18.58688	8.652832	2.576996	8.442413	8.238272	2.29325	2.382112	2.253076	2.267686	
Docking y	156.5069	3.12236	10.42404	343.0323	19.67476	13.27168	8.631165	9.470383	14.36308	15.92094	20.44693	18.02933	14.13702	10.6066	8.920378	4.064552	2.900867	3.053657	3.988587	5.70205	3.266873	2.040214	2.872479	3.329897	3.140142	2.319125	
Docking z	51.95779	5.954681	15.12573	22.69568	31.31128	21.51098	2.162357	19.1813	6.336454	3.182997	3.111435	2.875074	6.668018	6.36381	2.933289	3.295109	2.364777	3.591705	2.571259	
Total MV Amount	1561.203


Angle TRE instances
Rotate	8	
ChildRotate	11	
RotateInverse	1	
ChildRotateInverse	13	
Docking x	15	32	
Docking y	23	42	50	
Docking z	19	23	30	
Total TRE Count	11


Correct Angles	Rotate	ChildRotate	RotateInverse	ChildRotateInverse	Docking x	Docking y	Docking z
	-1.161034E-19	-5.443624E-41	0	0	0	0	0

Angle Error	Rotate	ChildRotate	RotateInverse	ChildRotateInverse	Docking x	Docking y	Docking z
	0.8424072	0.4689726	0	0.3300495	9.352538	2.54184	2.510001

Time Taken	Hours	Minutes	Seconds	Milliseconds	Seconds float	Completion time
	0	0	4	224	4.223599	00h:00m:04s:224ms

Final Results	Tester Name	Time of Test	Dock Shape Style	Virtual Device Visible	Time Taken	Shape Precision %	Orientation Precision %	Overall Precision %	Efficiency %	Difficulty	Total MV	Total TRE	
	1	2018-11-14_19:49:01	ZEROING DATA	True	00h:00m:04s:224ms	99.77203	99.06448	98.72652	100	1.290038E-22	1561.203	11	
