
Angles Over Time
Frames	Rotate	ChildRotate	RotateInverse	ChildRotateInverse	Docking x	Docking y	Docking z	
0	-69.43781	-82.52008	0	57.85879	78.75423	12.90172	-22.30737	
1	-69.90668	-82.52008	0	57.85879	78.85834	13.84528	-21.3927	
2	-70.14111	-82.05121	0	57.85879	79.05946	13.40714	-21.95105	
3	-70.84442	-80.17575	0	57.15549	79.15884	13.28655	-21.91846	
4	-68.50009	-79.23801	0	53.40459	78.37317	14.46755	-19.13663	
5	-69.67227	-79.23801	0	35.35332	75.70842	14.00785	-19.24005	
6	-63.34259	-77.36255	0	35.82219	68.33835	12.74757	-18.86798	
7	-42.94699	-76.89371	0	14.48888	56.32265	14.74515	-18.65103	
8	-20.44153	-73.84607	0	0.4229569	41.69343	17.09982	-13.83939	
9	-2.859131	-66.34427	0	0.4229569	33.14179	18.18773	-8.185822	
10	-2.155823	-39.85345	0	-0.2803345	26.13826	18.22035	-7.24295	
11	-1.686981	-7.501831	0	0.1885208	17.52676	16.97264	-10.20135	
12	-1.452545	-0.7033081	0	-0.2803345	11.35082	15.71655	-13.92218	
13	-0.9836731	-0.7033081	0	-0.2803345	10.09467	15.31491	-13.92422	
14	-0.9836731	-1.406616	0	1.360686	9.464165	16.75029	-13.35461	
15	-1.686981	-0.9377441	0	-0.04589844	9.51411	20.0679	-13.56851	
16	-0.9836731	-0.9377441	0	-0.2803345	7.95102	24.28768	-13.08401	
17	-0.9836731	-0.7033081	0	-0.04589844	7.291087	28.36138	-11.62991	
18	-0.7492371	-0.7033081	0	-0.2803345	6.66642	32.06833	-11.16339	
19	-0.7492371	-0.7033081	0	-0.2803345	6.225838	34.79409	-10.85721	
20	-0.7492371	-0.9377441	0	0.6573851	7.1689	35.43377	-11.9501	
21	-1.218109	-0.7033081	0	-0.2803345	5.667676	31.30067	-14.6102	
22	-0.9836731	-0.9377441	0	-0.04589844	1.320927	20.99337	-16.21722	
23	-0.9836731	-0.9377441	0	-0.2803345	-1.656708	13.20735	-14.46173	
24	-0.9836731	-0.9377441	0	-0.2803345	-2.405212	6.206502	-10.73196	
25	-0.9836731	-1.406616	0	1.360685	-0.2088318	2.722254	-7.310333	
26	-1.218109	-1.17218	0	0.4229565	1.744323	1.462985	-5.634369	
27	-1.218109	-0.7033081	0	-0.2803345	2.286159	1.242914	-5.994415	
28	-0.9836731	-0.7033081	0	-0.2803345	3.075355	2.377885	-8.408722	
29	-0.7492371	-0.7033081	0	-0.04589844	3.844579	3.493577	-8.07724	
30	-0.7492371	-0.7033081	0	-0.04589844	4.394009	4.423555	-4.962921	
31	-0.7492371	-1.641052	0	1.595114	4.862957	4.768056	-0.8700867	
32	-1.218109	-0.7033081	0	0.4229566	5.695231	4.51256	0.4286584	
33	-1.218109	-0.9377441	0	-0.04589844	7.192483	4.43632	1.331534	
34	-0.7492371	-0.7033081	0	0.1885206	7.049893	4.13196	2.015944	
35	-0.7492371	-0.7033081	0	-0.04589844	7.03907	3.88099	2.480672	
36	-0.7492371	-0.7033081	0	-0.04589844	7.877242	3.842746	3.204482	
37	-0.7492371	-0.9377441	0	0.6573851	8.668324	3.945189	3.525239	
38	-0.9836731	-0.7033081	0	-0.2803345	9.129909	3.842721	3.921893	
39	-0.9836731	-0.7033081	0	-0.2803345	9.155251	3.850294	4.688315	
40	-0.9836731	-0.7033081	0	-0.2803345	8.593391	3.71149	4.891034	
41	-0.9836731	-0.9377441	0	-0.04589844	8.236496	3.413828	4.871326	
42	-0.514801	-1.406616	0	0.8918211	7.134017	3.249567	4.311691	
43	-0.9836731	-1.17218	0	0.4229567	4.83659	3.199535	3.671101	
44	-0.514801	-0.9377441	0	-0.2803345	2.763547	4.19522	2.373695	
45	-0.280365	-0.7033081	0	-0.2803345	0.6453611	4.909671	1.102993	
46	-0.04595947	-0.9377441	0	-0.2803345	0.6660228	5.157629	0.9652213	
47	-0.280365	-0.7033081	0	-0.2803345	1.857348	5.221289	1.620726	
48	-0.280365	-1.406616	0	1.829542	3.06722	5.123195	2.299726	
49	-0.9836731	-0.9377441	0	0.6573852	3.946607	4.528405	2.803523	
50	-0.514801	-0.7033081	0	-0.04589844	4.799058	3.570537	3.352571	
51	-0.280365	-0.9377441	0	-0.2803345	5.358552	3.274829	3.11755	
52	-0.280365	-0.9377441	0	-0.5147705	6.75481	2.758653	2.200372	
53	-0.04595947	-0.7033081	0	-0.04589844	7.883088	1.931192	1.279694	
54	-0.280365	-1.17218	0	1.595114	8.236238	1.49859	0.8420529	
55	-0.7492371	-1.17218	0	0.4229567	8.289288	1.375394	0.7948665	
56	-0.280365	-0.7033081	0	-0.04589844	7.644128	1.295181	0.532959	
57	-0.280365	-0.7033081	0	-0.04589844	7.663246	1.1564	0.7967935	
58	-0.280365	-0.7033081	0	-0.04589844	6.532622	0.9019287	1.090927	
59	-0.04595947	-0.7033081	0	-0.04589844	5.656735	0.6596504	0.9520877	
60	-0.280365	-0.9377441	0	0.6573852	5.365416	1.024987	0.5662435	
61	-0.514801	-0.9377441	0	-0.2803345	6.119242	1.208451	1.18388	
62	-0.04595947	-0.7033081	0	-0.04589844	6.96201	0.5037683	1.908072	
63	-0.280365	-0.9377441	0	-0.2803345	8.009032	-0.461792	1.225209	
64	-0.04595947	-0.7033081	0	0.1885207	8.451844	-0.4823303	0.6134417	
65	-0.280365	-1.406616	0	0.1885207	8.058434	-0.1593018	0.9239913	
66	-0.9836731	-0.9377441	0	0.4229567	8.2257	-0.4431152	0.7821041	
67	-0.514801	-0.7033081	0	-0.04589844	7.941394	-0.3509521	0.174963	
68	-0.280365	-0.7033081	0	-0.04589844	7.006434	0.2065365	0.2768869	
69	-0.04595947	-0.7033081	0	-0.04589844	6.85487	0.3153704	0.9669673	
70	-0.04595947	-0.7033081	0	-0.2803345	7.449892	-0.03475952	0.6044666	
71	-0.280365	-1.17218	0	1.360686	6.76967	-0.2062683	0.2753952	
72	-0.7492371	-0.7033081	0	0.1885206	5.903559	-0.1747742	0.3725741	
73	-0.280365	-0.7033081	0	-0.2803345	6.733234	-0.1750793	0.4913594	
74	-0.280365	-0.7033081	0	-0.04589844	6.869735	0.02749255	0.6513707	
75	-0.04595947	-0.7033081	0	-0.04589844	6.476192	0.1623158	0.8011471	


Angle MV instances
Rotate	69.43781	2.34433	6.329681	20.3956	22.50546	17.5824	
ChildRotate	82.52008	3.047638	7.501801	26.49081	32.35162	6.798523	
RotateInverse	
ChildRotateInverse	57.85879	3.750904	18.05127	21.33331	14.06592	
Docking x	78.75423	2.664749	7.370071	12.0157	14.62922	8.55164	7.003529	8.611506	6.175939	4.346749	2.196381	2.297427	2.073043	2.118186	
Docking y	12.90172	2.354674	3.317606	4.219782	4.0737	3.706944	2.725765	4.133099	10.3073	7.786022	7.000845	3.484249	
Docking z	22.30737	2.78183	4.811646	5.653564	2.958405	3.720825	2.660095	3.729767	3.421631	2.414307	3.114319	4.092834	
Total MV Amount	698.8528


Angle TRE instances
Rotate	10	
ChildRotate	13	
RotateInverse	1	
ChildRotateInverse	9	
Docking x	23	32	43	51	
Docking y	26	46	49	
Docking z	31	
Total TRE Count	11


Correct Angles	Rotate	ChildRotate	RotateInverse	ChildRotateInverse	Docking x	Docking y	Docking z
	-4.507469E-20	-2.280193E-41	0	1.517531E-20	0	0	0

Angle Error	Rotate	ChildRotate	RotateInverse	ChildRotateInverse	Docking x	Docking y	Docking z
	0.04595947	0.7033081	0	0.1885206	6.677211	0.1918762	0.9163968

Time Taken	Hours	Minutes	Seconds	Milliseconds	Seconds float	Completion time
	0	0	4	465	4.464647	00h:00m:04s:465ms

Final Results	Tester Name	Time of Test	Dock Shape Style	Virtual Device Visible	Time Taken	Shape Precision %	Orientation Precision %	Overall Precision %	Efficiency %	Difficulty	Total MV	Total TRE	
	1	2018-11-14_19:54:09	ZEROING DATA	True	00h:00m:04s:465ms	99.86975	99.79476	99.30768	100	6.694445E-23	698.8528	11	
