
Angles Over Time
Frames	Rotate	ChildRotate	RotateInverse	ChildRotateInverse	Docking x	Docking y	Docking z	
0	-89.43484	-138.7837	0	94.59432	23.16296	67.71211	29.4166	
1	-89.90369	-138.7837	0	94.12547	23.01582	67.97768	29.15412	
2	-89.20041	-138.7837	0	94.12547	22.66186	68.4639	29.48302	
3	-89.66925	-134.3295	0	92.48444	22.48605	68.27679	30.29847	
4	-86.85608	-137.1427	0	93.42216	20.61591	66.98236	29.87459	
5	-89.66925	-138.7837	0	94.3599	17.28449	61.84129	25.26032	
6	-86.85608	-139.9559	0	62.00828	17.84366	52.77461	25.52632	
7	-85.91833	-139.9559	0	-0.3506165	19.19077	45.75714	33.73513	
8	-84.04291	-141.3625	0	-0.1161804	15.28424	30.35028	30.46531	
9	-81.46414	-137.3771	0	0.8215353	7.977161	18.96947	31.13664	
10	-79.35425	-139.487	0	-0.3506165	6.080408	13.12307	43.11792	
11	-85.44949	-138.7837	0	-0.3506165	9.054438	4.014799	52.31334	
12	-84.74619	-139.487	0	-0.3506165	10.87739	-1.520935	43.15509	
13	-56.37991	-141.5969	0	-0.1161804	10.2454	-7.994415	24.44342	
14	-43.95502	-137.1427	0	1.055964	12.96579	-9.137024	18.00119	
15	-7.383636	-138.5493	0	0.5870993	8.040839	-10.72208	15.25092	
16	-1.522827	-140.8936	0	-0.1161804	6.543869	-8.705933	18.31486	
17	-1.522827	-142.7691	0	-0.1161804	6.239282	-5.046478	21.18139	
18	-1.288391	-140.4248	0	-0.1161804	2.110615	-4.386658	23.16108	
19	-1.288391	-139.487	0	-0.1161804	2.098592	-2.740631	25.41578	
20	-1.288391	-83.92664	0	1.759257	-0.2728577	-2.68335	21.20165	
21	-1.991699	-17.58237	0	-0.3506165	-6.753387	-3.985046	7.545949	
22	-1.288391	-1.17215	0	-0.3506165	-9.590363	-4.130371	-4.717438	
23	-1.053986	-1.17215	0	0.118235	-3.975708	-3.999451	-2.292419	
24	-1.288391	-1.17215	0	-0.3506165	-0.9858704	-2.841064	-1.773956	
25	-0.8195496	-1.17215	0	-0.3506165	-1.673401	-2.602539	-4.347321	
26	-1.053986	-1.406586	0	0.5870995	0.5712101	-2.231079	-4.432007	
27	-1.053986	-1.17215	0	-0.1161804	2.701877	-1.808685	-3.783356	
28	-0.8195496	-1.17215	0	-0.1161804	5.312836	-1.300446	-2.551086	
29	-1.053986	-1.17215	0	-0.1161804	5.948886	-0.9550476	-0.7806091	
30	-1.053986	-1.406586	0	-0.1161804	6.269228	-0.8916931	1.014276	
31	-0.8195496	-1.406586	0	0.8215355	6.116011	-1.374084	2.633372	
32	-1.288391	-1.406586	0	0.5870996	5.712937	-1.844757	4.201317	
33	-1.053986	-1.17215	0	-0.3506165	5.770195	-2.321289	5.046922	
34	-0.8195496	-0.9377136	0	-0.3506165	6.256127	-2.617798	5.432584	
35	-1.053986	-1.17215	0	-0.3506165	6.491116	-2.664001	5.82726	
36	-0.8195496	-0.9377136	0	-0.1161804	6.62086	-2.758484	5.768314	
37	-1.053986	-1.640991	0	1.2904	7.061257	-2.852386	5.50957	
38	-1.288391	-1.406586	0	0.3526712	7.629948	-2.852966	5.238336	
39	-0.8195496	-1.17215	0	-0.1161804	7.802748	-2.848724	4.69469	
40	-0.8195496	-0.9377136	0	0.1182352	8.607878	-2.905762	4.291656	
41	-0.8195496	-1.17215	0	-0.1161804	9.013682	-3.108856	3.877948	
42	-1.053986	-0.9377136	0	-0.3506165	9.603236	-3.30603	2.781883	
43	-1.053986	-1.640991	0	1.524829	9.544557	-3.534088	1.754044	
44	-1.522827	-1.406586	0	0.8215359	9.774946	-3.645233	1.239979	
45	-0.8195496	-1.17215	0	0.1182354	9.925004	-3.725739	1.113116	
46	-1.053986	-1.17215	0	-0.1161804	9.82905	-3.637909	1.423211	
47	-0.8195496	-1.17215	0	-0.1161804	9.533995	-3.588745	1.504888	
48	-0.8195496	-0.9377136	0	-0.3506165	9.43038	-3.605438	1.550895	
49	-1.053986	-1.641022	0	1.524829	9.455923	-3.61499	1.699563	
50	-1.522827	-1.17215	0	0.3526715	9.212193	-3.61319	1.753994	
51	-1.053986	-1.17215	0	-0.3506165	9.229438	-3.613831	1.787707	
52	-1.053986	-0.9377136	0	0.1182355	9.156329	-3.671112	1.873016	


Angle MV instances
Rotate	89.43484	2.813171	2.813171	2.813171	2.578766	2.109894	6.095245	28.36627	12.4249	36.57138	5.860809	
ChildRotate	138.7837	4.454208	2.813187	3.985352	2.109894	2.109879	4.454193	2.344315	2.34433	55.56039	66.34427	16.41022	
RotateInverse	
ChildRotateInverse	94.59432	32.35162	62.3589	
Docking x	23.16296	3.331417	3.906526	7.307082	2.97403	2.720395	4.924952	4.128667	6.48053	2.836975	5.614655	2.989838	2.130667	2.610958	
Docking y	67.71211	5.141075	9.066673	7.017467	15.40687	11.38081	5.846395	9.108275	5.535734	6.47348	2.016144	3.659454	
Docking z	29.4166	4.614267	8.208815	3.269823	11.98128	9.195423	9.158249	18.71168	6.44223	2.750267	3.06394	2.866528	2.254698	4.214127	13.6557	12.26339	2.425018	2.573364	
Total MV Amount	1053.45


Angle TRE instances
Rotate	17	
ChildRotate	23	
RotateInverse	1	
ChildRotateInverse	8	
Docking x	19	21	23	28	
Docking y	12	13	18	
Docking z	23	33	39	
Total TRE Count	13


Correct Angles	Rotate	ChildRotate	RotateInverse	ChildRotateInverse	Docking x	Docking y	Docking z
	-9.929121E-14	-1.551923E-28	0	9.929121E-14	0	0	0

Angle Error	Rotate	ChildRotate	RotateInverse	ChildRotateInverse	Docking x	Docking y	Docking z
	1.053986	0.9377136	0	0.1182355	9.131565	3.673279	1.671504

Time Taken	Hours	Minutes	Seconds	Milliseconds	Seconds float	Completion time
	0	0	3	112	3.111616	00h:00m:03s:112ms

Final Results	Tester Name	Time of Test	Dock Shape Style	Virtual Device Visible	Time Taken	Shape Precision %	Orientation Precision %	Overall Precision %	Efficiency %	Difficulty	Total MV	Total TRE	
	1	2018-11-14_19:54:55	ZEROING DATA	True	00h:00m:03s:112ms	99.70695	99.01022	98.68363	100	2.206471E-16	1053.45	13	
