
Angles Over Time
Frames	Rotate	ChildRotate	RotateInverse	ChildRotateInverse	Docking x	Docking y	Docking z	
0	-86.85797	-89.78745	0	81.93308	15.66824	109.7845	-98.31757	
1	-86.62354	-90.02188	0	81.93308	15.49099	109.7731	-98.18756	
2	-86.3891	-87.67755	0	80.76093	15.54179	109.6587	-97.8905	
3	-84.27924	-88.8497	0	81.46422	16.09248	108.6992	-96.86011	
4	-86.3891	-90.02188	0	81.69865	17.38582	106.5345	-94.58813	
5	-86.15469	-91.19403	0	81.69865	19.49503	98.58469	-91.78561	
6	-87.32684	-91.42847	0	81.93308	17.76338	84.9027	-91.64108	
7	-87.79572	-97.28925	0	88.96604	8.101579	70.42259	-87.3443	
8	-81.23163	-109.0109	0	101.1565	-2.009857	54.07816	-83.01361	
9	-65.99353	-119.0914	0	109.5961	-5.025055	35.18912	-73.34216	
10	-59.89832	-119.0914	0	109.3616	-7.698334	22.04798	-52.63907	
11	-59.42944	-118.6226	0	109.5961	-9.000732	15.39191	-36.05038	
12	-58.72614	-119.0914	0	109.5961	-9.057037	11.34859	-23.68045	
13	-51.45874	-114.6372	0	107.2517	-4.210907	5.840119	-3.586853	
14	-47.70786	-117.4504	0	108.4239	-0.7825317	3.406291	5.969539	
15	-49.11444	-119.3259	0	109.1272	1.839276	1.472382	5.176963	
16	-49.11444	-120.7325	0	109.5961	1.465873	-0.9188232	7.469588	
17	-49.81775	-120.2636	0	109.5961	1.666043	-3.352234	5.611091	
18	-49.81775	-120.498	0	109.5961	1.025395	-6.344299	7.183914	
19	-50.05219	-117.216	0	108.4239	1.385145	-4.929077	4.064121	
20	-48.64557	-118.857	0	109.5961	0.7372079	-4.784515	-0.9756165	
21	-39.73715	-119.3259	0	108.8928	2.602467	-4.930023	-5.384552	
22	-27.31226	-118.857	0	85.21515	0.56109	-6.27536	-8.638947	
23	-11.83975	-118.6226	0	34.10897	-1.3862	-6.221954	-0.3986206	
24	-11.13644	-115.575	0	1.288494	0.2349848	-5.76413	11.85532	
25	-12.30862	-117.4504	0	-0.118103	-1.230835	-8.757507	18.24354	
26	-3.165771	-119.0914	0	-1.055817	-6.190216	-10.6553	16.64197	
27	-1.993622	-120.9669	0	-0.8214111	-3.368011	-12.55316	17.7743	
28	-1.759186	-120.9669	0	-1.290253	2.124154	-13.55081	18.91667	
29	-1.52475	-114.4028	0	-0.8214111	3.551123	-13.10648	16.76738	
30	-1.290314	-101.7435	0	0.1163286	6.527423	-10.91846	16.14657	
31	-1.993622	-90.25629	0	-1.290253	4.816839	-7.428589	14.21601	
32	-1.290314	-65.17206	0	-0.8214111	4.012578	-4.54599	9.545542	
33	-1.290314	-35.16476	0	-1.290253	3.108521	-0.2213135	2.537479	
34	-1.290314	0.937752	0	-1.290253	2.651245	2.909337	-6.221832	
35	-0.5870056	0.937752	0	-1.290253	5.22842	3.667162	-9.560944	
36	-0.8214417	0.2344591	0	-0.118103	8.074862	1.736689	-6.198425	
37	-1.055878	0.937752	0	-1.290253	8.7197	-0.07330322	-4.693024	
38	-0.1181641	1.17218	0	-1.290253	10.31313	-1.74765	-1.699707	
39	-0.3525696	0.937752	0	-1.055817	12.93881	-2.567505	1.556057	
40	-0.3525696	0.937752	0	-1.290253	14.09585	-3.02594	3.764376	
41	-0.3525696	-0.4688416	0	1.288493	14.53959	-3.914459	5.211148	
42	-1.759186	0.4688875	0	-0.5869751	14.32076	-4.646301	6.312062	
43	-0.5870056	0.9377519	0	-1.290253	14.32994	-4.890289	7.956683	
44	-0.1181641	1.406616	0	-1.290253	14.25238	-5.141907	8.968983	
45	-0.1181641	1.406616	0	-1.055817	14.23629	-5.69751	8.905969	
46	-0.1181641	0.9377519	0	-1.290253	14.16263	-5.739288	8.512378	
47	-0.3525696	-0.9377136	0	1.991786	14.06279	-5.678467	7.922414	
48	-2.228027	0.7033233	0	-1.524689	14.15376	-5.793182	6.757207	
49	-0.1181641	0.7033233	0	-1.290253	12.97876	-6.045624	5.335412	
50	-0.1181641	1.406616	0	-1.055817	10.90432	-5.905396	4.079607	
51	0.1162861	1.17218	0	-1.290253	9.261892	-5.9133	3.621723	
52	0.3507145	1.17218	0	-1.290253	8.925661	-5.811646	3.443887	
53	0.3507145	0.4688873	0	0.1163279	8.835783	-5.664551	3.133781	
54	-1.055878	1.17218	0	-1.290253	8.547094	-5.688507	2.754548	
55	-0.3525696	0.7033234	0	-1.290253	8.421604	-5.574371	2.035052	
56	-0.3525696	0.9377518	0	-1.290253	8.426195	-5.418549	1.465558	
57	-0.3525696	0.9377518	0	-0.8214111	8.95401	-4.939606	1.093225	
58	-0.3525696	-0.4688416	0	1.054057	9.824645	-4.205292	0.4253445	
59	-1.52475	0.4688873	0	-0.118103	10.35577	-3.316498	-0.3510437	
60	-1.055878	1.17218	0	-1.055817	10.47493	-2.386749	-0.6980286	
61	-0.1181641	0.9377517	0	-1.290253	10.54283	-1.988861	-0.7442017	
62	-0.1181641	0.9377517	0	-1.524689	10.57068	-1.988495	-0.7026978	
63	-0.1181641	0.9377517	0	-1.290253	10.40954	-1.704712	-0.6308899	
64	-0.1181641	-0.4688416	0	1.991786	10.19108	-1.488708	-0.3851624	
65	-2.462463	0.4688872	0	0.1163278	10.13735	-1.676239	-0.1629028	
66	-0.5870056	1.406616	0	-1.290253	9.846622	-1.782257	-0.1411438	
67	-0.3525696	1.17218	0	-1.290253	9.145113	-1.634918	-0.2651062	
68	0.3507143	1.406616	0	-1.290253	8.429189	-1.617706	-0.2936096	
69	0.1162859	0.9377517	0	-1.524689	8.123197	-1.579224	-0.3586121	
70	-0.1181641	0.2344588	0	1.991786	7.897057	-1.595459	-0.2355652	
71	-1.055878	0.9377517	0	-1.290253	7.797617	-1.522705	-0.2280273	
72	-0.1181641	0.9377517	0	-1.290253	7.736583	-1.615051	-0.07138062	
73	-0.1181641	1.17218	0	-0.8214111	7.705742	-1.497894	-0.05899048	
74	-0.3525696	1.406616	0	-1.524689	7.561631	-1.416504	0.03917231	
75	-0.1181641	1.406616	0	-1.290253	7.489261	-1.413391	0.1161058	
76	-0.1181641	0.2344588	0	-0.5869751	7.141006	-1.217865	-0.00692749	
77	-0.5870056	0.9377517	0	-1.290253	6.733779	-1.366119	0.1826456	
78	-0.3525696	1.17218	0	-1.524689	6.185795	-1.804565	0.4740417	
79	-0.1181641	0.7033232	0	-1.759125	5.260065	-2.096954	0.643978	
80	-0.1181641	0.9377517	0	-1.524689	4.968094	-2.227783	0.9711926	
81	-0.1181641	-0.9377136	0	1.288492	4.90961	-2.171844	1.093354	
82	-1.993622	0.7033232	0	-0.118103	4.696182	-2.13681	0.9842438	
83	-0.8214417	1.17218	0	-1.055817	4.285931	-2.093964	0.8787128	
84	-0.1181641	1.406616	0	-1.055817	4.116945	-2.216705	0.9060244	
85	0.3507141	1.406616	0	-1.524689	4.161586	-2.205109	0.7851683	
86	0.3507141	1.17218	0	-1.759125	4.439888	-2.171997	0.7406957	
87	0.1162857	0.4688872	0	0.1163275	4.900008	-2.031769	0.5928873	
88	-0.8214417	0.9377516	0	-1.524689	5.51645	-1.937714	0.3232892	
89	-0.1181641	1.17218	0	-0.8214111	6.251095	-1.869873	-0.4804688	
90	-0.1181641	1.17218	0	-1.524689	6.455399	-1.73645	-1.171478	
91	-0.1181641	1.17218	0	-1.290253	5.94893	-1.783112	-1.399261	
92	-0.3525696	0.9377516	0	-1.524689	5.625743	-1.885651	-1.513794	


Angle MV instances
Rotate	86.85797	2.109863	2.109863	6.564087	15.2381	6.095215	7.267395	3.750885	8.908417	12.4249	15.4725	9.142853	2.109863	2.344299	
ChildRotate	89.78745	2.34433	5.860779	11.72162	10.08057	4.454193	2.813171	3.282043	3.047623	6.564102	12.65932	11.48718	25.08423	30.00729	36.10252	
RotateInverse	
ChildRotateInverse	81.93308	7.032959	12.19047	8.439552	2.344322	23.67763	51.10617	32.82048	
Docking x	15.66824	2.109209	9.661803	10.11144	3.015198	2.673279	4.84613	3.428375	2.041377	4.959381	2.822205	2.9763	2.577175	2.846443	2.625682	2.07444	
Docking y	109.7845	2.16468	7.949791	13.68198	14.48011	16.34443	18.88905	13.14114	6.656066	4.043321	5.508472	2.433828	2.433411	2.992065	2.993378	2.188019	3.489868	2.882599	4.324677	3.13065	
Docking z	98.31757	2.271973	2.802521	4.296783	4.330688	9.671448	20.70309	16.58868	12.36993	20.0936	9.556393	2.292624	3.119793	5.039737	4.408936	3.254395	8.240326	12.25394	6.388227	2.149288	4.670467	7.008063	8.759312	3.339111	3.362518	2.993317	2.208319	
Total MV Amount	1249.677


Angle TRE instances
Rotate	27	
ChildRotate	35	
RotateInverse	1	
ChildRotateInverse	25	
Docking x	13	26	27	30	31	35	80	88	
Docking y	15	18	19	22	32	44	57	
Docking z	19	21	23	24	33	34	37	41	50	
Total TRE Count	27


Correct Angles	Rotate	ChildRotate	RotateInverse	ChildRotateInverse	Docking x	Docking y	Docking z
	-7.430436E-25	0	0	7.430436E-25	0	0	0

Angle Error	Rotate	ChildRotate	RotateInverse	ChildRotateInverse	Docking x	Docking y	Docking z
	0.1181641	0.2344587	0	0.1163274	5.340385	1.811554	1.464661

Time Taken	Hours	Minutes	Seconds	Milliseconds	Seconds float	Completion time
	0	0	5	471	5.471401	00h:00m:05s:471ms

Final Results	Tester Name	Time of Test	Dock Shape Style	Virtual Device Visible	Time Taken	Shape Precision %	Orientation Precision %	Overall Precision %	Efficiency %	Difficulty	Total MV	Total TRE	
	1	2018-11-14_19:47:38	ZEROING DATA	True	00h:00m:05s:471ms	99.93487	99.3933	99.27892	100	1.651208E-27	1249.677	27	
