
Angles Over Time
Frames	Rotate	ChildRotate	RotateInverse	ChildRotateInverse	Docking x	Docking y	Docking z	
0	4.76579	0.9377164	0	1.249275	0.004584326	2.247704	-1.386414	
1	0.4478118	0.4688644	0	1.385541	-0.081604	1.020564	-0.5415039	
2	0.9166762	0.7032928	0	0.4478118	0.3262314	3.244925	-1.801056	
3	1.619969	1.406593	0	0.6822478	0.926537	4.344712	-4.02594	
4	1.854405	0.9377288	0	0.9166762	2.538224	6.066879	-6.351135	
5	1.385541	0.9377288	0	0.4478118	4.579904	7.797358	-9.880493	
6	1.619969	5.082576E-08	0	2.323269	6.64676	9.283882	-11.68402	
7	0.4478116	0.7032929	0	1.385541	8.053706	11.08132	-11.67236	
8	1.385541	0.9377289	0	0.9166764	10.8237	14.51152	-11.81989	
9	1.385541	0.9377289	0	0.447812	12.25727	17.44197	-11.25803	
10	2.088834	1.172157	0	0.9166763	12.05848	19.61046	-9.928009	
11	1.619969	0.9377289	0	0.682248	12.74078	21.2634	-9.506836	
12	1.854405	0.4688646	0	1.619977	14.35496	22.32632	-9.465729	
13	0.916676	0.703293	0	0.2133834	19.43449	23.68392	-8.677277	
14	1.619969	0.703293	0	0.6822477	28.90137	21.50449	-5.940948	
15	1.385541	-0.9377136	0	0.4478116	39.48595	17.81764	-5.167084	
16	1.619969	-15.4725	0	0.4478116	52.0648	12.55397	-6.233368	
17	1.385541	-18.28571	0	5.136456	63.95491	5.329502	-12.41238	
18	0.4478116	-18.05127	0	10.52839	75.99458	-5.780884	-22.93106	
19	1.151105	-22.97433	0	10.99725	85.02834	-75.00848	-88.25293	
20	1.385541	-32.11719	0	10.99725	78.23833	-136.6831	-145.1722	
21	2.088834	-37.97797	0	10.99725	73.90581	-142.1026	-146.7434	
22	2.088834	-41.72888	0	11.23169	74.32959	-145.073	-147.7134	
23	1.619969	-41.72888	0	12.63828	75.5983	-151.4352	-154.0252	
24	0.9166763	-42.19775	0	12.63828	75.5673	-159.2831	-161.8589	
25	1.385541	-42.19775	0	12.40384	75.22942	-164.2854	-166.1299	
26	1.385541	-42.19775	0	13.57601	75.50593	-164.864	-167.0106	
27	1.385541	-42.19775	0	16.15476	76.24833	-162.6085	-165.6917	
28	1.619969	-42.19775	0	27.17306	77.18242	-160.5716	-165.655	
29	1.854405	-41.72888	0	48.74081	79.08395	-155.6027	-166.0638	
30	0.916676	-40.79117	0	78.51367	79.89697	-147.905	-167.3729	
31	1.619969	-33.52377	0	119.0704	79.71445	-131.1895	-158.2114	
32	1.854405	-32.35162	0	126.3378	80.89496	-121.9108	-151.025	
33	1.619969	-29.53842	0	129.151	83.54456	-124.472	-154.5809	
34	1.619969	-29.53842	0	127.9788	84.02477	-134.4201	-165.4322	
35	0.2133755	-29.53842	0	133.1363	84.87088	-148.5129	-179.3305	
36	1.38554	-29.53842	0	137.5905	85.00261	-166.8679	162.9171	
37	1.38554	-29.53842	0	138.7627	84.55849	-174.0782	156.4908	
38	1.854405	-29.53842	0	139.2316	83.86419	-174.2504	159.2428	
39	1.619969	-29.30399	0	137.5905	83.37791	-178.4107	157.9335	
40	1.854404	-29.53842	0	138.5283	82.94244	173.0567	153.1325	
41	0.9166756	-29.53842	0	139.2316	82.44099	175.7509	156.5109	
42	1.38554	-29.53842	0	139.9349	82.1824	-176.5196	164.2595	
43	1.38554	-29.77286	0	140.1693	81.6421	-175.5626	165.4673	
44	-0.02105713	-29.53842	0	140.4037	81.47426	-174.105	167.5253	
45	-4.709686	-29.53842	0	138.0594	81.94626	-167.4927	175.0523	
46	-15.728	-25.78754	0	139.466	82.2023	-164.9133	179.2017	
47	-26.74631	-24.38092	0	140.1693	81.2654	-168.5818	177.7491	
48	-39.40564	-18.52014	0	140.6382	80.7053	-173.4243	173.7809	
49	-49.48621	-16.64468	0	140.6382	79.54874	-175.6436	171.7567	
50	-55.34702	-15.00366	0	140.6382	79.55236	-174.297	172.6018	
51	-58.16022	-15.4725	0	139.2316	79.43172	-175.6478	170.7405	
52	-59.5668	-14.53479	0	140.8726	79.14614	-172.8106	172.0099	
53	-62.37997	-14.30035	0	140.8726	78.98199	-174.0184	170.0014	
54	-64.7243	-14.30035	0	141.3414	79.19375	-174.5395	168.264	
55	-67.06863	-14.53479	0	141.8103	79.42138	-175.7592	165.9737	
56	-68.47522	-14.53479	0	140.4037	80.44698	-171.116	170.0623	
57	-67.53748	-14.53479	0	140.6382	81.29453	-169.1229	171.8147	
58	-68.24078	-14.30035	0	141.8103	81.5938	-164.3913	175.7179	
59	-68.70966	-14.06592	0	142.0447	81.98183	-166.8608	172.9104	
60	-69.41296	-14.30035	0	142.0447	82.3424	-163.3186	175.9345	
61	-69.88184	-14.30035	0	142.0447	82.77154	-162.1788	176.4889	
62	-71.52283	-14.76923	0	140.1693	82.7644	-163.3911	174.5179	
63	-72.22614	-14.30035	0	141.8103	83.0905	-172.3273	164.9805	
64	-74.8049	-14.53479	0	142.0447	83.56699	-167.9432	167.6779	
65	-75.03934	-17.5824	0	142.0447	83.76313	-164.8658	170.165	
66	-75.50818	-24.61536	0	142.0447	84.41981	-160.1498	174.5781	
67	-75.50818	-35.39923	0	142.0447	84.66615	-148.9086	-173.9704	
68	-75.27377	-45.94867	0	140.8726	84.26739	-146.6985	-169.3849	
69	-74.33603	-62.82779	0	142.0447	82.9548	-153.9073	-173.9192	
70	-75.27377	-75.95596	0	142.0447	82.05933	-162.7356	-179.3745	
71	-75.03934	-80.64462	0	141.8103	81.75314	-165.5744	178.7509	
72	-74.8049	-80.41019	0	142.0447	82.27958	-164.3328	-179.6387	
73	-74.8049	-79.0036	0	138.7627	82.43556	-161.769	-177.0538	
74	-73.16388	-79.94131	0	140.8726	82.05318	-157.7776	-173.4089	
75	-74.57047	-80.87903	0	142.0447	81.73763	-154.0554	-170.0861	
76	-74.8049	-80.64459	0	142.0447	81.73498	-151.0537	-166.3898	
77	-74.8049	-80.64459	0	141.8103	81.74141	-145.7231	-160.4821	
78	-75.27377	-80.41019	0	142.0447	81.89497	-139.7487	-152.6711	
79	-75.03934	-79.0036	0	138.5283	82.14098	-134.5362	-146.0925	
80	-73.16388	-80.64462	0	141.107	82.31474	-128.4837	-136.6996	
81	-74.8049	-80.41019	0	142.0447	82.01335	-123.1785	-129.0425	
82	-74.8049	-81.11346	0	142.0447	81.87608	-123.3129	-127.5768	
83	-75.27377	-81.11346	0	142.0447	81.87504	-126.1775	-129.2487	
84	-75.50821	-80.87906	0	141.8103	81.97562	-129.9309	-131.4422	
85	-76.44592	-79.70688	0	138.9971	82.18407	-132.9331	-131.4242	
86	-79.02469	-81.3479	0	142.0447	82.30953	-134.752	-130.776	
87	-82.0723	-81.58234	0	142.0447	82.57273	-139.8181	-134.9092	
88	-83.71332	-83.45779	0	142.0447	82.45023	-145.4575	-140.3195	
89	-84.41663	-87.44315	0	142.0447	81.7535	-147.2059	-142.7612	
90	-84.41663	-87.67758	0	142.0447	81.53404	-150.469	-146.3385	
91	-84.65106	-86.73987	0	140.4037	81.14854	-152.6877	-149.1644	
92	-83.71332	-86.97427	0	142.0447	81.18361	-154.9664	-151.7119	
93	-85.35437	-87.44315	0	141.8103	81.2224	-156.9357	-153.8726	
94	-85.82321	-87.20871	0	142.0447	81.12347	-158.1712	-155.2062	
95	-85.82321	-87.20871	0	142.0447	81.12653	-160.1321	-157.3473	
96	-86.05765	-85.09882	0	138.9971	81.10358	-162.0948	-159.602	
97	-84.8855	-87.20871	0	141.107	81.00835	-162.959	-160.7492	
98	-86.76093	-88.6153	0	141.8103	80.87947	-162.6128	-161.0577	
99	-86.76093	-90.25635	0	142.0447	80.98513	-163.1162	-161.6195	
100	-87.2298	-90.72519	0	141.5759	81.05358	-163.1743	-161.9681	
101	-87.2298	-90.72519	0	142.0447	81.14115	-163.949	-162.8902	
102	-87.2298	-89.08417	0	139.7004	81.08253	-163.7454	-162.62	
103	-85.58881	-90.49078	0	142.0447	81.20054	-162.529	-160.9815	
104	-87.46423	-90.49078	0	142.0447	81.4474	-163.0084	-161.024	
105	-87.69867	-90.95966	0	142.0447	81.38594	-162.741	-160.7348	
106	-88.40198	-91.19406	0	142.0447	81.32594	-162.453	-160.4083	
107	-88.40198	-91.4285	0	141.8103	81.24839	-162.2194	-160.3037	
108	-88.16754	-89.78748	0	140.8726	81.29546	-162.3973	-160.3489	
109	-86.99536	-90.72522	0	141.5759	81.25146	-161.7713	-159.8566	
110	-87.69867	-90.49078	0	142.0447	81.29078	-161.0516	-159.1886	
111	-87.93311	-90.72522	0	141.8103	81.25996	-160.7975	-159.1064	


Angle MV instances
Rotate	4.76579	4.317978	4.688629	11.01831	11.01831	12.65933	10.08057	5.860809	2.813202	2.813171	2.34433	2.34433	2.578766	2.578766	3.047607	
ChildRotate	14.53479	2.813202	4.923065	9.142853	5.860779	3.750916	7.267395	2.813202	3.750885	5.860779	3.047607	7.032959	10.78387	10.54944	16.87912	13.12817	4.68866	3.985352	2.109894	2.109894	
RotateInverse	
ChildRotateInverse	4.688645	5.391931	2.57875	11.0183	21.56774	29.77287	40.55675	7.267387	2.813179	5.157509	4.454208	2.34433	3.282059	2.109909	3.516479	2.578751	2.813171	3.047607	3.047607	2.109894	2.344315	2.344315	
Docking x	2.04168	2.066857	2.769994	5.079531	9.466877	10.58459	12.57885	11.89011	12.03967	9.03376	6.790016	4.33252	2.649605	
Docking y	2.247704	2.224361	3.430201	2.93045	2.168491	2.179428	3.686844	5.263673	7.224469	69.2276	61.67458	5.419556	2.970428	6.362167	7.84787	5.002274	2.255447	2.036865	4.968903	7.697769	16.71547	9.278702	2.561249	9.948044	14.09277	18.35501	7.210297	4.160355	351.4674	2.694199	6.612274	2.579422	3.668488	4.842514	2.219345	2.837143	4.643204	4.731598	2.469452	3.542175	8.936142	4.384048	3.077393	4.716019	11.24121	2.210129	7.208832	8.828262	2.838791	2.563828	3.991425	3.722122	3.00174	5.330627	5.97438	5.212448	6.05249	5.305206	2.864563	3.753403	3.002197	5.066162	5.639404	3.263046	2.218735	2.278625	
Docking z	2.224884	2.325195	3.529358	2.736328	6.179016	10.51868	65.32187	56.91927	6.311783	7.833679	4.271011	9.161484	7.186417	3.555954	10.85127	13.8983	342.2476	6.426346	2.75206	4.80101	3.378357	7.748581	2.05806	7.526993	4.149338	3.96814	2.024216	2.008469	2.290344	4.088577	3.903275	2.80751	3.024048	9.537399	2.697403	2.487106	4.413055	4.585495	4.534286	5.455307	2.584961	3.644867	3.322754	3.69632	5.9077	7.810974	6.578674	9.392822	7.657181	2.193451	4.133148	5.410278	2.441681	3.577393	2.825806	2.547592	2.16069	2.141159	2.254654	
Total MV Amount	2010.241


Angle TRE instances
Rotate	94	97	98	
ChildRotate	
RotateInverse	1	
ChildRotateInverse	
Docking x	36	37	
Docking y	1	4	
Docking z	1	4	
Total TRE Count	7


Correct Angles	Rotate	ChildRotate	RotateInverse	ChildRotateInverse	Docking x	Docking y	Docking z
	-90	-51.18536	0	150	90	0	0

Angle Error	Rotate	ChildRotate	RotateInverse	ChildRotateInverse	Docking x	Docking y	Docking z
	2.301331	39.53986	0	7.955261	8.804771	160.5121	158.9316

Time Taken	Hours	Minutes	Seconds	Milliseconds	Seconds float	Completion time
	0	0	6	591	6.591484	00h:00m:06s:591ms

Final Results	Tester Name	Time of Test	Dock Shape Style	Virtual Device Visible	Time Taken	Shape Precision %	Orientation Precision %	Overall Precision %	Efficiency %	Difficulty	Total MV	Total TRE	
	1	2018-11-06_14:59:27	Ltd Random	True	00h:00m:06s:591ms	93.08382	40.84377	69.99644	87.42346	0.4235393	2010.241	7	
