
Angles Over Time
Frames	Rotate	ChildRotate	RotateInverse	ChildRotateInverse	Docking x	Docking y	Docking z	
0	-2.751129	-83.92667	0	103.4466	76.84508	-31.83167	164.0904	
1	-2.751129	-83.45779	0	102.9777	76.89234	-31.49304	164.2729	
2	-2.985565	-83.92664	0	103.681	76.79144	-30.89975	162.9027	
3	-2.516724	-84.39551	0	103.681	76.2617	-30.75	158.302	
4	-2.047852	-73.61163	0	102.5088	73.71423	-32.08173	150.473	
5	-1.813416	-63.53107	0	90.55278	69.54786	-31.73251	142.253	
6	-1.344543	-54.15378	0	71.79822	64.90591	-32.11316	136.7953	
7	-2.516724	-46.41754	0	40.8532	59.32066	-33.68863	129.8012	
8	-1.344543	-39.15015	0	0.9997544	53.22096	-34.97803	126.9702	
9	0.06204663	-33.99265	0	3.812933	45.69418	-31.26682	119.364	
10	0.296475	-21.56775	0	3.812933	37.99386	-29.83453	113.2929	
11	0.296475	-1.875458	0	4.047369	29.17022	-26.03922	101.962	
12	0.296475	-2.344299	0	4.281798	18.66543	-21.45401	91.1804	
13	-0.4068298	-1.875458	0	2.640776	8.302776	-17.56503	84.96838	
14	-3.220001	-1.875458	0	26.08397	1.230144	-16.0675	64.34705	
15	-2.047852	-1.875458	0	27.0217	-4.915161	-14.20456	48.03391	
16	-0.6412659	-1.875458	0	27.0217	-5.884064	-10.62662	39.21206	
17	-0.4068298	-3.750916	0	21.8642	-5.442352	-7.367279	30.23986	
18	-1.813416	-2.578735	0	17.17556	-7.264954	-3.924591	22.81128	
19	-0.8756714	-1.875458	0	16.94113	-9.265015	-3.247437	15.94125	
20	-0.6412659	-1.406586	0	16.94113	-13.49539	-4.506378	11.22669	
21	-0.4068298	-1.641022	0	15.3001	-13.93921	-2.597748	4.738242	
22	0.06204619	-1.641022	0	9.204872	-10.95566	-1.904755	1.679851	
23	0.06204619	-2.34433	0	1.703049	-5.473969	-3.560028	2.116212	
24	-0.8756714	-2.109894	0	0.999756	-0.9992065	-3.582306	4.039353	
25	-0.6412659	-2.109894	0	1.234185	2.003114	-3.425507	6.755049	
26	-0.4068298	-1.875458	0	1.234185	3.081152	-3.083771	9.384401	
27	-0.6412659	-2.109894	0	1.234185	4.084558	-2.321899	6.889013	
28	-0.6412659	-3.047607	0	1.703049	-1.168427	-1.647461	3.888875	
29	-1.344543	-2.34433	0	1.46862	-3.485046	-1.321716	2.094013	
30	-0.8756714	-2.109894	0	0.76532	-4.13504	-2.818634	2.18003	
31	-0.4068298	-2.109894	0	0.9997559	-4.685699	-3.548279	2.700973	
32	-0.4068298	-1.875458	0	0.7653199	-4.693237	-4.260437	3.355213	
33	-0.4068298	-1.875458	0	0.7653199	-4.39035	-4.769501	3.188499	
34	-0.1723938	-2.813171	0	2.640778	-4.427551	-5.206726	3.757992	
35	-1.344543	-2.109894	0	1.703049	-3.797241	-5.807373	4.036894	
36	-0.8756714	-1.875458	0	0.7653199	-3.48526	-6.821777	4.508795	


Angle MV instances
Rotate	2.751129	2.813171	
ChildRotate	83.92667	10.78387	10.08057	9.377289	7.736237	7.267395	5.157501	12.4249	19.69229	
RotateInverse	
ChildRotateInverse	103.4466	11.95603	18.75456	30.94502	39.85344	2.813179	23.4432	5.157499	4.688643	6.095232	7.501823	
Docking x	76.84508	2.54747	4.166374	4.641945	5.585251	6.099705	7.526779	7.700321	8.823639	10.50479	10.36266	7.072632	6.145305	2.000061	4.230377	2.983551	5.481689	4.474762	5.252985	2.31662	
Docking y	31.83167	3.711212	3.795319	4.585205	3.888977	3.577942	3.259338	3.442688	
Docking z	164.0904	4.600693	7.828964	8.220016	5.457672	6.99411	2.831009	7.606239	6.071083	11.33087	10.78162	6.212013	20.62134	16.31313	8.82185	8.972206	7.428579	6.870026	4.714559	6.488451	3.058391	2.715696	2.629352	2.495389	3.000138	
Total MV Amount	1005.674


Angle TRE instances
Rotate	1	
ChildRotate	12	
RotateInverse	1	
ChildRotateInverse	9	14	23	
Docking x	15	16	24	
Docking y	19	34	
Docking z	22	25	28	
Total TRE Count	12


Correct Angles	Rotate	ChildRotate	RotateInverse	ChildRotateInverse	Docking x	Docking y	Docking z
	-8.236513E-10	-5.176574E-20	0	2.44935E-09	0	0	0

Angle Error	Rotate	ChildRotate	RotateInverse	ChildRotateInverse	Docking x	Docking y	Docking z
	0.1723938	2.109894	0	0.9997559	3.176422	7.446869	4.679632

Time Taken	Hours	Minutes	Seconds	Milliseconds	Seconds float	Completion time
	0	0	2	181	2.181475	00h:00m:02s:181ms

Final Results	Tester Name	Time of Test	Dock Shape Style	Virtual Device Visible	Time Taken	Shape Precision %	Orientation Precision %	Overall Precision %	Efficiency %	Difficulty	Total MV	Total TRE	
	1	2018-11-06_14:58:34	ZEROING DATA	True	00h:00m:02s:181ms	99.54416	97.75435	98.525	100	3.636668E-12	1005.674	12	
