
Angles Over Time
Frames	Rotate	ChildRotate	RotateInverse	ChildRotateInverse	Docking x	Docking y	Docking z	
0	-9.637421	-146.7544	0	147.1976	1.230314	-13.71545	-155.3688	
1	-9.402985	-146.2856	0	147.1976	1.392196	-12.34607	-158.3023	
2	-9.637421	-146.7544	0	146.7287	1.636458	-9.563751	-164.6425	
3	-6.589783	-135.2673	0	143.9155	0.2280335	-3.141144	-178.6007	
4	-2.604462	-116.5127	0	145.791	-4.768982	4.802429	167.6875	
5	-2.13559	-85.33325	0	146.7287	-7.813904	9.571951	152.25	
6	-1.901154	-16.41022	0	147.1976	-0.6624756	12.86494	130.7961	
7	-1.901154	0.9377338	0	146.9631	0.7308723	15.04741	106.7697	
8	-0.7290039	0.7033054	0	124.4577	-0.4249268	15.25324	97.99832	
9	-0.0256958	0.4688694	0	84.13536	-2.436005	9.448665	94.63744	
10	-0.2601318	0.9377338	0	75.22694	-6.712524	10.34628	91.99699	
11	-0.2601318	0.4688694	0	69.36614	-7.722534	11.15647	87.64416	
12	-0.2601318	0.4688694	0	64.44308	-8.442932	7.297506	81.0944	
13	-0.2601318	0.7033054	0	52.9559	-13.86087	6.394907	69.06871	
14	-0.0256958	-1.641022	0	7.710526	-22.34702	4.64205	63.71778	
15	-0.4945679	-0.234436	0	20.60429	-30.60718	3.586376	59.13387	
16	-0.2601318	1.248641E-05	0	19.66656	-30.6842	11.17935	49.10501	
17	-0.0256958	0.2344409	0	19.901	-24.91797	15.9622	36.70668	
18	0.2087352	0.2344409	0	26.93395	-16.10229	14.97323	20.86319	
19	-0.0256958	1.248641E-05	0	28.10611	-8.748962	11.77248	10.62097	
20	-0.0256958	-0.4688416	0	2.318598	-7.96524	8.372214	10.04287	
21	-0.9634094	0.2344409	0	0.6775686	-6.863403	5.755699	13.92151	
22	0.2087353	0.2344409	0	0.9120045	-4.191254	2.949091	13.62877	
23	0.4431637	0.2344409	0	0.6775686	-2.815094	0.3409175	10.88871	
24	0.2087353	0.2344409	0	0.6775686	-1.091888	-1.084808	6.00172	
25	0.4431636	0.2344409	0	1.146433	1.802271	-1.234039	2.41839	
26	0.4431637	1.253977E-05	0	1.380869	3.463555	-1.63678	2.218016	
27	-0.0256958	1.253977E-05	0	0.6775686	5.384991	-1.036896	2.268703	
28	0.4431637	1.253977E-05	0	0.9120045	5.89149	-0.3510132	1.202336	
29	0.2087353	0.2344409	0	0.9120045	4.773452	0.5433898	0.6320822	
30	0.4431636	0.2344409	0	0.6775686	2.202301	1.495119	-1.787201	
31	0.2087352	-0.4688416	0	1.146433	1.231928	2.54654	-2.99646	
32	-0.4945679	1.248634E-05	0	1.615297	0.3113495	2.694188	-3.231964	
33	-0.0256958	0.2344409	0	0.9120044	-0.3591309	3.31492	-3.69577	
34	0.2087352	1.248641E-05	0	0.6775684	0.1385141	3.464081	-4.366089	
35	0.2087352	0.2344409	0	0.9120044	0.1682908	3.688275	-4.634979	


Angle MV instances
Rotate	9.637421	3.047638	3.985321	
ChildRotate	146.7544	11.48715	18.75456	31.17944	68.92303	17.34795	
RotateInverse	
ChildRotateInverse	147.1976	2.813187	22.50546	40.32231	8.908424	5.860794	4.923065	11.48717	45.24538	12.89376	7.032959	25.78752	
Docking x	4.997015	3.044922	7.151428	2.011078	4.27652	5.417938	8.486145	8.260162	5.766235	8.815674	7.353333	2.67215	2.571151	
Docking y	13.71545	2.782318	6.422607	4.769522	3.292992	2.182463	5.804575	3.858961	7.592978	4.782849	3.200747	3.40027	2.616515	2.806608	2.608174	
Docking z	155.3688	2.933472	6.340149	13.95827	346.2883	15.43755	21.45392	24.02634	8.771416	3.360886	2.640442	4.352837	6.549759	12.02569	5.350933	4.583904	10.02886	12.39833	15.84349	10.24222	3.878646	2.740057	4.886991	3.58333	
Total MV Amount	1483.8


Angle TRE instances
Rotate	5	
ChildRotate	8	
RotateInverse	1	
ChildRotateInverse	21	
Docking x	1	5	6	10	22	27	29	
Docking y	4	5	14	16	22	
Docking z	26	
Total TRE Count	15


Correct Angles	Rotate	ChildRotate	RotateInverse	ChildRotateInverse	Docking x	Docking y	Docking z
	0	-4.003396E-19	0	7.646628E-09	0	0	0

Angle Error	Rotate	ChildRotate	RotateInverse	ChildRotateInverse	Docking x	Docking y	Docking z
	0.0256958	1.248641E-05	0	0.6775684	0.5259666	3.884201	4.727783

Time Taken	Hours	Minutes	Seconds	Milliseconds	Seconds float	Completion time
	0	0	2	119	2.119305	00h:00m:02s:119ms

Final Results	Tester Name	Time of Test	Dock Shape Style	Virtual Device Visible	Time Taken	Shape Precision %	Orientation Precision %	Overall Precision %	Efficiency %	Difficulty	Total MV	Total TRE	
	1	2018-11-06_14:57:12	ZEROING DATA	True	00h:00m:02s:119ms	99.90232	98.40519	99.21895	100	8.496253E-12	1483.8	15	
