
Angles Over Time
Frames	Rotate	ChildRotate	RotateInverse	ChildRotateInverse	Docking x	Docking y	Docking z	
0	2.793675	2.109892	0	-1.19165	-0.4697876	0.06278054	0.1923527	
1	0.2759905	0.2344284	0	-0.8961792	0.2299833	0.1813903	-0.1854858	
2	0.510419	0.2344284	0	-0.6617432	0.1647952	-0.02581787	-0.08334351	
3	0.510419	0.2344284	0	-0.6617432	0.04154976	0.943209	-0.3176575	
4	0.510419	-0.7033081	0	0.9792832	1.135069	2.905147	-1.000977	
5	-1.130615	-0.234436	0	0.2759904	2.964525	5.319647	-1.442596	
6	-0.1928711	0.2344283	0	-0.8961792	10.04874	6.527048	-4.210938	
7	0.5104192	0.4688644	0	-0.4273071	18.51684	6.736726	-7.021912	
8	0.5104192	0.4688644	0	-0.6617432	22.86832	6.65055	-8.438538	
9	0.9792834	0.2344283	0	-0.6617432	27.20452	12.33687	-6.747894	
10	0.744855	-0.9377441	0	1.917012	29.58694	20.51044	-5.939514	
11	-1.365021	0.2344282	0	-0.4273071	34.06697	25.89274	-1.589478	
12	0.2759907	0.7032926	0	-0.4273071	46.40932	28.74314	3.789327	
13	0.744855	0.4688641	0	-0.6617432	50.84863	33.42672	7.883644	
14	0.744855	0.7032925	0	-0.4273071	54.60992	35.4421	9.375774	
15	0.744855	0.7032925	0	-0.4273071	54.44279	32.50266	4.561029	
16	0.5104191	-0.234436	0	0.2759903	53.8816	25.95968	-5.658844	
17	-0.4273071	0.234428	0	-0.8961792	56.69925	21.34971	-11.69711	
18	0.2759906	-3.468448E-07	0	-0.8961792	58.30989	19.5875	-13.67795	
19	0.510419	0.234428	0	13.40418	61.36065	16.36731	-16.00558	
20	0.2759906	-0.234436	0	15.7485	62.26442	15.94635	-17.16632	
21	0.510419	-0.7033081	0	19.96828	62.06289	18.05903	-14.70364	
22	-0.6617432	-0.234436	0	19.03055	62.75373	20.41385	-10.15292	
23	-0.1928711	0.234428	0	18.09282	62.90209	22.71898	-4.215302	
24	0.0415622	0.234428	0	17.85839	61.67213	25.28643	-0.1210022	
25	-1.130615	0.4688641	0	18.09282	62.11524	27.18536	4.121343	
26	-4.178223	0.4688641	0	17.85839	61.67906	27.81147	5.383069	
27	-6.991394	-0.7033081	0	15.27964	62.83041	28.55577	9.263178	
28	-16.13425	-4.383189E-07	0	-0.6617432	61.47258	29.24057	17.48498	
29	-29.73132	-0.234436	0	-0.8961792	61.94663	29.46698	24.06572	
30	-39.34302	-4.268859E-07	0	-0.8961792	61.65278	29.59466	29.46022	
31	-45.20383	0.234428	0	-0.6617432	62.74527	29.76461	32.21784	
32	-48.95474	-0.9377441	0	-0.6617432	62.63033	29.4018	32.8737	
33	-48.72031	-0.7033081	0	0.04155745	62.68301	29.44617	34.51586	
34	-52.70563	-4.916787E-07	0	-0.8961792	62.40891	30.00154	37.45511	
35	-54.11224	0.2344279	0	-0.8961792	61.18464	30.88845	37.63648	
36	-54.81552	-4.802467E-07	0	-0.6617432	61.70355	33.10257	37.03258	
37	-54.58112	-4.802467E-07	0	-0.4273071	60.00079	32.29176	28.23839	
38	-51.76791	-1.406586	0	1.213715	58.61362	31.36959	18.53848	
39	-39.10858	-0.234436	0	0.2759933	57.23405	30.71759	9.494625	
40	-37.702	-5.336074E-07	0	2.385879	55.62982	34.16246	9.522198	
41	-37.93643	-5.336074E-07	0	15.98293	56.352	38.15108	16.78801	
42	-39.10858	-5.336074E-07	0	35.67522	52.83216	38.8985	17.17771	
43	-44.03168	-2.813202	0	44.3492	53.56186	37.4177	20.92242	
44	-56.69098	-20.16116	0	46.69352	55.08566	34.67962	25.59697	
45	-63.48953	-21.33331	0	46.45908	53.72495	33.29482	35.98225	
46	-81.07193	-27.42856	0	46.45908	52.10478	33.81887	47.25891	
47	-87.87042	-44.77652	0	46.45908	49.66525	33.47831	54.10939	
48	-89.27704	-53.91937	0	46.22465	48.12337	32.88974	60.5654	
49	-90.44919	-64.70325	0	46.92794	44.87947	31.4097	64.14749	
50	-89.27704	-71.73621	0	46.92794	40.99805	27.96688	64.59779	
51	-89.98032	-77.12814	0	48.10011	39.80061	28.03633	65.86877	
52	-90.21475	-77.36258	0	57.47738	39.84659	27.57457	62.92255	
53	-90.68362	-77.36258	0	52.78874	41.00075	32.3384	62.71577	
54	-90.68362	-76.89371	0	77.16967	40.83252	31.8252	56.09969	
55	-90.44919	-76.65927	0	77.40411	43.85777	32.76627	52.85108	
56	-89.74591	-77.12814	0	77.16969	48.99006	35.80331	54.66446	
57	-90.21478	-77.12814	0	77.40412	53.95354	36.44967	54.99808	
58	-90.21478	-77.12814	0	81.15504	55.94861	36.72161	54.10859	
59	-90.21478	-79.23804	0	81.85834	55.74727	36.577	54.40068	
60	-90.44919	-84.86438	0	81.62391	55.58259	35.51134	54.07791	
61	-89.27704	-90.72519	0	81.62391	53.17287	31.94583	52.29263	
62	-89.98035	-91.4285	0	81.85834	52.42546	28.36875	50.40592	
63	-90.44919	-91.66293	0	81.85834	52.05054	26.49646	47.60947	
64	-90.68362	-91.66293	0	81.85834	52.86191	25.87664	46.31862	
65	-90.68362	-91.19406	0	81.85834	54.46474	25.95755	47.36758	
66	-90.68362	-91.19406	0	81.62391	56.81408	25.08912	48.49984	
67	-89.74591	-91.19406	0	81.62391	60.42032	26.74641	52.3375	
68	-90.44919	-91.42847	0	81.85834	65.77997	39.28335	65.60939	
69	-90.21478	-91.42847	0	81.85834	69.17857	43.84187	72.68602	
70	-90.21478	-91.42847	0	81.62391	71.13921	46.5347	75.59472	
71	-90.21478	-90.49075	0	81.62391	71.21199	48.4894	76.35934	
72	-89.27704	-91.19406	0	81.62391	70.08765	49.35221	75.45317	
73	-89.98035	-91.19406	0	81.62391	68.42438	43.14639	66.96799	
74	-90.44922	-91.89734	0	81.85834	69.04122	37.89716	58.41307	
75	-90.44922	-91.89734	0	82.56163	72.33028	23.33251	40.49721	
76	-90.44922	-91.89734	0	86.54697	72.17505	21.6867	36.62492	
77	-90.44922	-90.72519	0	86.54697	70.73338	26.04167	41.50267	
78	-89.98035	-91.42847	0	86.54697	70.58699	30.8035	46.98499	
79	-90.44922	-91.19406	0	86.54697	69.76042	31.7056	47.68279	
80	-90.44922	-91.19406	0	86.54697	70.79176	28.24913	43.51165	
81	-90.44922	-91.42847	0	87.01584	70.21389	26.11494	40.03782	
82	-90.21478	-95.64825	0	95.68982	69.81081	28.47115	39.47044	
83	-89.51147	-105.26	0	101.0818	70.54694	26.50855	31.34144	
84	-83.41626	-105.9633	0	101.3162	70.81641	25.06839	28.98042	
85	-83.8851	-106.4321	0	101.3162	70.14749	27.17197	32.106	
86	-84.11954	-106.4321	0	101.3162	71.5592	28.24686	33.36647	
87	-84.11954	-106.1977	0	101.3162	71.2499	28.58809	34.25519	
88	-84.11954	-104.5567	0	100.6129	72.91268	28.91968	35.71079	
89	-83.65067	-103.619	0	99.2063	72.6233	27.41259	34.90255	
90	-84.11954	-103.619	0	99.2063	74.31102	26.16306	33.73835	
91	-84.11954	-103.3845	0	99.2063	74.48835	26.79978	33.69196	
92	-84.11954	-103.3845	0	99.2063	74.46117	27.66031	33.37473	
93	-84.11954	-102.2123	0	98.503	74.55328	28.56355	33.37915	
94	-83.18182	-103.1501	0	98.97187	74.5414	27.70029	31.95976	
95	-83.8851	-103.6189	0	98.97187	74.50241	27.09388	31.32232	
96	-83.8851	-104.0878	0	99.20629	74.27951	27.91333	32.1226	
97	-84.35397	-103.6189	0	99.20629	74.28456	27.33388	31.85064	
98	-84.11954	-103.3845	0	99.20629	74.19247	26.94476	31.72597	


Angle MV instances
Rotate	2.793675	2.517684	3.047607	2.813171	9.142853	13.59708	9.611694	5.860809	3.750916	3.985321	2.813202	12.65933	4.923096	12.6593	6.798553	17.5824	6.798492	6.095215	
ChildRotate	2.109892	2.813201	17.34796	6.095245	17.34796	9.142853	10.78387	7.032959	5.391937	2.109894	5.626343	5.860809	4.219788	9.611725	
RotateInverse	
ChildRotateInverse	14.30036	2.344323	4.219773	2.578753	15.94138	2.109886	13.59705	19.69229	8.673977	2.344322	9.37727	4.688641	24.38093	3.750916	3.985344	8.673981	5.391937	
Docking x	7.084217	8.468101	4.351482	4.336193	2.382421	4.480032	12.34235	4.439301	3.761292	2.817657	3.050762	3.519833	2.439537	3.243896	3.881424	3.025242	5.13229	4.963486	2.409721	2.349339	3.606243	5.35965	3.398605	3.289063	
Docking y	2.4145	5.686325	8.173564	5.382299	2.850405	4.683573	2.015388	2.939442	6.542984	4.609968	3.220184	2.112679	2.354824	2.305128	2.56745	2.214119	3.444866	3.988617	2.738075	3.442823	4.763828	3.037045	3.565516	3.577072	12.53695	4.558521	2.692825	6.205818	5.249233	14.56464	4.354979	4.761831	3.456472	2.134192	2.356209	2.103579	
Docking z	2.768341	2.810974	4.350037	5.378805	4.094316	4.814745	6.038269	2.327637	2.462677	4.55072	5.937622	4.094299	4.242345	3.880109	8.221802	6.580744	5.394495	2.757624	2.939255	8.794191	9.699909	9.043856	7.265814	3.744713	4.674549	10.38528	11.27666	6.850483	6.456005	3.582092	2.946217	6.616077	3.248608	2.796452	3.837658	13.27189	7.07663	2.908699	8.485184	8.554913	17.91587	3.872284	4.877743	5.482319	4.171135	3.473831	8.129	2.361012	3.12557	
Total MV Amount	915.3035


Angle TRE instances
Rotate	48	84	
ChildRotate	62	82	
RotateInverse	1	
ChildRotateInverse	77	82	
Docking x	
Docking y	
Docking z	1	7	11	13	15	16	23	26	
Total TRE Count	13


Correct Angles	Rotate	ChildRotate	RotateInverse	ChildRotateInverse	Docking x	Docking y	Docking z
	-90	-90	0	90	90	90.00001	0

Angle Error	Rotate	ChildRotate	RotateInverse	ChildRotateInverse	Docking x	Docking y	Docking z
	5.880463	11.97791	0	8.502991	15.84539	63.38251	31.67378

Time Taken	Hours	Minutes	Seconds	Milliseconds	Seconds float	Completion time
	0	0	5	836	5.836257	00h:00m:05s:836ms

Final Results	Tester Name	Time of Test	Dock Shape Style	Virtual Device Visible	Time Taken	Shape Precision %	Orientation Precision %	Overall Precision %	Efficiency %	Difficulty	Total MV	Total TRE	
	1	2018-11-06_15:04:19	Ltd Random	False	00h:00m:05s:836ms	96.3387	82.39698	89.10611	89.50536	0.5	915.3035	13	
