
Angles Over Time
Frames	Rotate	ChildRotate	RotateInverse	ChildRotateInverse	Docking x	Docking y	Docking z	
0	-0.8843994	-1.655299E-05	0	0.7567332	0.9377773	-0.1461792	0.04583339	
1	0.6550686	-0.4688721	0	-0.04821777	0.2939979	-0.389679	0.1757925	
2	0.1862042	-0.7033081	0	-0.04821777	1.586436	-0.9092407	-0.8823242	
3	-0.04821777	-0.9377136	0	-0.2826538	4.699442	-2.514496	-3.736481	
4	-0.2826538	-0.7033081	0	-0.2826538	11.04052	-6.077515	-8.241974	
5	-0.2826538	-0.7033081	0	-0.2826538	19.69251	-11.38907	-13.21774	
6	-0.04821777	4.191971E-08	0	0.4206325	25.94979	-13.84991	-14.3999	
7	0.6550686	-0.7033081	0	2.999383	30.36019	-13.51059	-13.6199	
8	-0.2826538	-0.7033081	0	11.43894	34.17364	-10.1033	-9.008545	
9	-0.04821777	-0.7033081	0	23.6294	33.35224	-2.439728	-2.399628	
10	-0.2826538	-0.9377136	0	27.14589	29.15876	3.942559	8.088218	
11	-0.7515259	-0.9377136	0	28.08361	33.24084	5.236679	15.76943	
12	-8.487793	-0.4688721	0	27.84918	47.25216	7.580074	22.30249	
13	-7.784485	-1.641022	0	32.30339	60.90503	7.806638	25.2024	
14	-8.253357	-3.985352	0	42.61839	68.39048	5.159005	22.23469	
15	-8.018921	-3.750916	0	55.51215	74.48251	11.68251	27.3644	
16	-8.253357	-13.83148	0	70.04694	79.44087	22.70028	34.69768	
17	-7.784485	-29.77286	0	72.62569	82.16045	49.25169	59.0396	
18	-6.143463	-49.69958	0	87.3949	81.18602	85.59177	95.59321	
19	-6.846741	-51.10617	0	99.81981	81.13506	70.29155	79.75956	
20	-6.846741	-52.27835	0	103.5707	81.85874	48.00764	53.89211	
21	-7.081177	-52.04391	0	106.3839	82.38591	23.07345	24.86011	
22	-7.081177	-52.04391	0	106.8528	78.07713	7.088446	7.105916	
23	-3.330261	-58.608	0	104.7429	71.17651	7.222148	4.664123	
24	-0.7515259	-67.04755	0	106.6183	63.46428	6.960762	3.000818	
25	-0.9859619	-66.81311	0	92.08355	57.63364	3.765333	-0.960968	
26	-0.7515259	-66.34427	0	73.79785	50.93482	1.074168	-1.771637	
27	-0.9859619	-66.57867	0	13.07996	46.34846	-0.817627	-2.039398	
28	-0.7515259	-59.31128	0	7.21916	43.18303	-2.653259	3.554542	
29	-0.04821777	-48.76184	0	-0.2826538	38.31231	-1.634735	6.995184	
30	-0.5170898	-22.50546	0	-0.2826538	38.00425	-1.315125	1.026373	
31	-0.5170898	-0.9377136	0	-0.5170898	38.46735	-1.675323	-9.639709	
32	-0.5170898	-0.7033081	0	-0.2826538	41.80566	-1.726257	-13.02316	
33	-0.2826538	-0.7033081	0	-0.2826538	47.14881	-2.359131	-14.65692	
34	-0.2826538	2.923352E-06	0	3.70268	50.67259	-3.118683	-16.80484	
35	-0.04821777	-0.7033081	0	10.50121	53.96412	-4.446533	-18.74051	
36	-0.2826538	-0.7033081	0	28.78691	56.5132	-5.008331	-20.86984	
37	-0.04821777	-0.9377136	0	49.65136	58.45833	-4.151367	-22.90198	
38	-0.04821777	-0.9377136	0	70.04694	59.54063	-2.160706	-23.47827	
39	-0.04821777	-0.9377136	0	99.81982	61.70019	-1.827026	-26.92023	
40	-0.04821777	-0.4688721	0	132.8747	62.65952	-1.324188	-28.04373	
41	0.4206322	-0.7033081	0	135.9223	63.27122	-1.491913	-27.88879	
42	0.1862039	-0.7033081	0	135.6879	63.43927	-3.433746	-31.06851	
43	-0.04821777	-0.4688721	0	135.9223	63.49848	-3.653412	-31.62924	
44	-0.04821777	-0.9377136	0	135.9223	63.50249	-2.122345	-29.36835	
45	0.1862039	-0.7033081	0	130.5304	64.85038	-3.041443	-29.11322	
46	0.6550682	-20.86444	0	133.8125	67.32709	-2.902039	-25.54071	
47	0.1862039	-45.94867	0	134.9846	68.90151	-1.075439	-18.68994	
48	0.1862039	-61.42117	0	135.9223	69.89297	0.5756656	-12.28275	
49	-0.04821777	-61.18674	0	136.1568	69.66711	-1.303833	-14.60114	
50	-0.04821777	-56.02924	0	138.0322	70.00903	-5.569244	-19.79117	
51	-3.330261	-22.03662	0	134.9846	69.80074	-7.363892	-18.16711	
52	-31.22769	-1.17218	0	138.7355	70.30466	-4.686859	-10.99533	
53	-54.43646	-1.17218	0	138.2667	72.09837	-0.6303711	-2.698273	
54	-64.9859	-1.17218	0	138.5011	70.93861	-1.14801	0.5920451	
55	-73.65988	-1.17218	0	138.2666	69.79686	-2.740387	2.918628	
56	-78.58298	-0.4688721	0	132.8747	69.32079	-4.846283	2.691816	
57	-75.06647	-0.9377441	0	135.4535	69.50414	-8.530731	-0.6095581	
58	-78.34854	-1.17218	0	138.5011	69.69667	-12.54404	-5.754333	
59	-81.63058	-1.406586	0	138.0322	69.81738	-14.57068	-10.216	
60	-84.91263	-1.875458	0	138.0322	69.81142	-13.61758	-0.7787781	
61	-97.57196	-1.875458	0	138.0322	67.9594	-9.487457	6.761071	
62	-97.57196	-7.501831	0	134.9846	67.66068	-7.098938	10.64069	
63	-93.58661	-24.38092	0	138.5011	68.18408	-4.72287	15.77719	
64	-96.39981	-55.09152	0	137.5634	68.09987	0.4672742	25.83341	
65	-95.6965	-94.71051	0	137.5634	68.12782	6.417517	41.93808	
66	-95.6965	-111.3552	0	137.5634	66.35899	11.9654	60.59678	
67	-95.6965	-105.7288	0	132.6403	65.84683	14.84427	58.36173	
68	-90.77344	-109.2453	0	135.6879	68.78053	14.04448	51.95652	
69	-94.52435	-110.6519	0	138.5011	70.45097	14.85325	46.15742	
70	-96.39981	-113.2307	0	138.5011	71.21762	14.26651	44.23297	
71	-98.27527	-111.3552	0	138.5011	71.65501	12.97876	44.21867	
72	-98.27527	-112.9962	0	138.5011	69.96702	6.891161	36.11073	
73	-98.27527	-108.7764	0	135.9223	67.85177	9.790679	33.21276	
74	-94.52435	-112.0585	0	138.2667	69.7163	10.10142	29.32464	
75	-96.39981	-111.5896	0	138.5011	74.35237	25.91326	43.45127	
76	-96.39981	-111.8241	0	138.2667	75.00907	59.67425	70.756	
77	-96.39981	-111.8241	0	138.2667	72.38121	64.24461	65.53849	
78	-96.39981	-106.1977	0	132.4059	75.39058	51.95268	40.97879	
79	-91.00787	-109.4797	0	135.9223	78.02757	41.6144	18.97847	
80	-94.75879	-111.1208	0	138.2667	79.16405	34.23022	5.665768	
81	-96.39981	-112.0585	0	138.0322	82.57688	50.60242	21.46824	
82	-97.8064	-113.6995	0	138.2666	84.81549	61.8296	32.89305	
83	-97.8064	-113.6995	0	137.7978	86.87482	80.90678	54.5833	
84	-97.8064	-109.2453	0	135.9223	87.0164	146.8227	123.9451	
85	-94.28992	-111.5896	0	138.5011	86.31512	159.1774	139.088	
86	-96.39984	-111.1208	0	138.5011	86.87188	158.1776	142.0778	
87	-96.39984	-111.1208	0	138.5011	86.73338	161.5257	148.3044	
88	-96.39984	-111.3552	0	138.5011	87.25797	139.1916	127.3377	
89	-96.39984	-106.1977	0	132.6403	88.54357	127.9665	115.4282	
90	-91.00787	-109.0109	0	135.9223	89.60042	31.44165	17.89167	
91	-94.75879	-111.5896	0	138.5011	89.59361	85.13661	71.53838	
92	-96.39984	-113.2307	0	138.5011	89.74899	48.00143	34.13465	


Angle MV instances
Rotate	7.736267	3.750916	2.578735	3.282043	27.89743	23.20877	10.54944	8.673981	4.923096	3.51651	3.282074	3.282043	3.282043	12.65933	3.985352	2.813202	4.923065	3.750916	3.750916	5.391937	3.750916	3.516479	2.109924	5.391968	3.750916	
ChildRotate	2.34433	10.08057	15.94138	19.92673	6.564087	8.439545	7.267395	10.54944	26.25638	21.56775	20.16113	25.08423	15.4725	5.157501	33.99261	20.86444	5.626373	16.87909	30.7106	39.61899	16.64468	5.626358	3.516479	2.578735	4.219788	3.282059	5.626373	3.282043	4.454224	2.34433	5.157501	2.813187	2.578751	
RotateInverse	
ChildRotateInverse	2.578751	8.439554	12.19046	3.516491	4.454208	10.31501	12.89376	14.53478	2.578751	14.76921	12.42491	3.750908	2.813179	2.109886	14.53477	18.2857	60.71789	5.860801	7.501814	3.985334	6.798532	18.2857	20.86445	20.39558	29.77287	33.05491	3.047607	5.391922	3.282043	3.047623	3.750916	5.391922	2.578751	3.047607	3.047623	3.516479	4.923065	3.047623	2.813171	2.578751	2.34433	5.860809	3.516479	2.34433	2.578751	5.860794	3.282043	2.578751	
Docking x	3.113006	6.34108	8.651985	6.257282	4.410402	3.81345	4.193478	4.082085	14.01132	13.65287	7.485451	6.092033	4.958359	2.719582	4.308777	6.900627	7.712231	5.830639	6.698818	4.586353	3.165432	4.87072	3.338303	5.343155	3.523781	3.291531	2.54908	2.159557	2.476707	2.933693	2.11525	4.63607	2.627861	3.009369	2.636993	3.412827	2.238609	2.059326	
Docking y	3.563019	5.311554	2.460846	3.407288	7.663574	2.343395	2.647634	6.52351	11.01777	26.5514	36.34009	15.30022	22.28391	24.93419	15.985	3.195429	2.691164	4.265411	2.677032	4.056488	2.105896	3.684448	4.013306	2.026642	4.130127	2.388519	2.376068	5.190144	5.950243	5.54788	2.87887	6.087595	2.899518	15.81183	33.76099	4.570362	12.29193	10.33828	7.384178	16.37219	11.22718	19.07719	65.91595	12.35464	3.348129	22.33408	11.22506	96.5249	53.69497	37.13519	
Docking z	2.854156	4.505493	4.975769	4.611359	6.608917	10.48785	7.681217	6.533051	2.899914	2.967712	5.129713	7.333281	24.34192	36.55361	15.83365	25.86745	29.032	17.75419	2.441793	3.961786	3.440642	5.968811	10.66608	3.383453	2.147919	2.129333	2.032135	3.441956	3.179718	2.260895	3.57251	6.850769	6.407196	2.31839	5.190033	7.171783	8.297058	3.290318	2.326582	3.301374	5.144775	4.46167	9.437225	7.539849	3.879617	5.136504	10.05621	16.10467	18.6587	2.235043	6.405209	5.799107	8.107944	2.897961	3.888126	14.12664	27.30472	5.217506	24.5597	22.00032	13.3127	15.80247	11.42482	21.69024	69.36182	15.14289	2.989807	6.226608	20.96668	11.90952	97.53656	53.64671	37.40373	
Total MV Amount	2749.849


Angle TRE instances
Rotate	
ChildRotate	68	78	79	89	90	
RotateInverse	1	
ChildRotateInverse	41	
Docking x	83	
Docking y	1	4	9	11	25	50	52	57	63	65	
Docking z	
Total TRE Count	16


Correct Angles	Rotate	ChildRotate	RotateInverse	ChildRotateInverse	Docking x	Docking y	Docking z
	-110	-113.2655	0	135	87.94547	-0.2128906	-42.33102

Angle Error	Rotate	ChildRotate	RotateInverse	ChildRotateInverse	Docking x	Docking y	Docking z
	11.95917	0.4339905	0	3.266663	1.6968	66.96335	95.09335

Time Taken	Hours	Minutes	Seconds	Milliseconds	Seconds float	Completion time
	0	0	5	485	5.485154	00h:00m:05s:485ms

Final Results	Tester Name	Time of Test	Dock Shape Style	Virtual Device Visible	Time Taken	Shape Precision %	Orientation Precision %	Overall Precision %	Efficiency %	Difficulty	Total MV	Total TRE	
	1	2018-11-06_15:01:00	Presets_dockPreset_3	False	00h:00m:05s:485ms	97.82503	69.9895	85.76085	77.74338	0.543061	2749.849	16	
