
Angles Over Time
Frames	Rotate	ChildRotate	RotateInverse	ChildRotateInverse	Docking x	Docking y	Docking z	
0	-73.04706	-111.5896	0	114.733	-56.06778	101.6631	147.567	
1	-73.04706	-112.0585	0	114.733	-55.51428	101.3167	147.5737	
2	-72.81262	-110.183	0	114.2641	-54.10818	100.5969	147.2072	
3	-72.10931	-111.3552	0	114.733	-51.44028	99.29445	146.6906	
4	-72.81262	-112.0585	0	114.733	-46.9187	98.28883	144.3454	
5	-73.04706	-111.1208	0	114.733	-41.78162	95.81631	140.0728	
6	-72.57819	-111.3552	0	114.733	-33.42841	93.11292	135.5079	
7	-72.57819	-109.9486	0	113.092	-23.66202	92.19113	131.4564	
8	-71.64047	-111.1208	0	114.733	-11.86304	90.84261	123.9036	
9	-72.57819	-110.6519	0	114.4986	1.263356	84.44547	112.0154	
10	-72.34375	-101.7435	0	114.733	11.32437	73.92967	91.25871	
11	-72.81262	-85.80209	0	118.4839	15.35679	63.15707	72.04618	
12	-72.81262	-52.51276	0	119.6561	12.72906	53.30654	57.54275	
13	-72.81262	0.937739	0	124.8136	6.580436	45.96925	36.93257	
14	-71.40604	1.406604	0	125.9858	3.837739	37.61531	6.895463	
15	-37.41339	1.406604	0	126.2202	4.198063	29.77153	-20.16061	
16	-8.578247	0.937739	0	125.9858	3.869704	23.61392	-31.45068	
17	0.7990313	1.406603	0	114.9675	4.347595	20.57969	-29.34958	
18	1.03346	0.4688746	0	65.26787	5.415125	18.27036	-22.76828	
19	-0.1387024	1.172167	0	5.487697	2.147208	14.61613	-11.51105	
20	0.5645952	1.406604	0	2.205654	2.143152	10.82966	-5.274597	
21	0.7990313	1.172167	0	1.971218	2.196071	7.527226	-2.890869	
22	1.267896	1.641032	0	1.971218	3.312558	5.810824	-1.267731	
23	1.267896	1.641032	0	2.440083	3.875611	4.982666	-0.04675293	
24	1.03346	1.172167	0	2.674519	2.160973	4.587655	1.144261	
25	0.5645952	1.406603	0	2.205654	1.414036	4.81069	0.6327821	
26	0.7990313	1.406603	0	1.971218	2.198623	5.483253	-0.542572	
27	1.03346	1.406603	0	1.971218	1.336497	6.098527	-0.5258179	
28	1.03346	1.406603	0	1.971218	0.331519	6.2956	-0.3010254	
29	0.7990313	1.406603	0	2.440083	0.2110404	6.113235	-0.385376	
30	0.5645952	1.172167	0	2.674519	-0.04272461	6.038108	-0.1575928	
31	0.5645952	1.641032	0	2.205654	-0.6616821	5.776639	0.3091651	
32	0.7990313	1.172167	0	2.205654	-0.4762268	5.603432	0.466134	
33	0.7990313	1.406603	0	1.971218	-0.672699	5.424099	0.769753	
34	1.03346	1.406603	0	1.971218	-0.5190125	5.145008	1.052358	
35	1.03346	1.003108E-05	0	3.377812	-0.5	4.711594	1.498191	
36	0.0957308	0.9377389	0	2.440083	-0.1811523	4.756959	1.444476	
37	0.5645952	1.172167	0	1.73679	0.1769549	4.962379	1.404103	
38	1.03346	1.641032	0	1.971218	0.1370635	4.855845	1.706224	
39	1.267896	1.406603	0	1.971218	0.4996846	4.782154	1.844396	
40	1.03346	1.406603	0	1.971218	0.6835128	5.025052	2.270332	
41	1.03346	0.4688744	0	3.377812	0.6865159	5.001536	2.538474	
42	0.3301667	1.172167	0	2.440083	0.9310231	4.844	2.314715	
43	1.03346	1.406603	0	1.73679	0.809041	4.740353	2.116018	
44	1.03346	1.641032	0	1.971218	0.6421505	5.00019	2.057883	
45	1.03346	1.875468	0	1.971218	0.5878738	4.970151	1.94452	
46	1.267896	1.641032	0	1.971218	0.8054042	4.451914	1.806717	
47	1.267896	1.172167	0	2.674519	0.9483178	4.134027	1.924728	
48	0.5645951	1.406603	0	2.205654	1.033055	3.881575	2.22936	
49	1.03346	1.406603	0	1.971218	1.050634	3.972924	2.570012	
50	0.7990311	1.406603	0	2.205654	0.8763684	4.001263	2.773094	
51	1.03346	1.406603	0	1.971218	1.136102	3.843603	2.508954	
52	1.03346	0.4688745	0	2.674519	1.267598	3.876013	2.404799	
53	-0.1387024	0.9377388	0	2.674519	1.438153	4.09233	1.946343	
54	0.564595	1.406603	0	1.971218	1.950303	4.063551	1.120972	
55	1.03346	1.875468	0	2.205654	2.499208	3.852238	0.6940334	
56	1.267895	1.172167	0	1.971218	2.504743	3.900927	0.4849545	
57	1.03346	1.406603	0	1.971218	1.995184	3.964207	0.8911446	
58	0.799031	0.4688744	0	3.143383	1.613137	3.751496	1.334383	
59	0.3301666	1.172167	0	2.440083	1.614061	4.136088	0.9425029	
60	1.03346	1.406603	0	1.971218	1.424794	4.334512	0.2252125	
61	1.03346	1.406603	0	1.971218	0.8033329	4.162797	-0.2011108	
62	1.03346	1.406603	0	1.971218	0.7526079	4.029404	-0.9853821	
63	1.03346	1.406603	0	1.971218	0.4037752	3.581554	-1.334534	


Angle MV instances
Rotate	73.04706	33.99265	28.83514	9.377278	
ChildRotate	111.5896	8.908432	15.94138	33.28934	53.4505	
RotateInverse	
ChildRotateInverse	114.733	3.750908	5.157501	11.01831	49.69958	59.78017	3.282043	
Docking x	56.06778	2.667908	4.521576	5.137085	8.35321	9.766388	11.79898	13.12639	10.06101	4.03242	2.627727	6.148628	2.742697	3.267917	
Docking y	101.6631	2.472511	2.703392	6.397141	10.51579	10.7726	9.850533	7.337288	8.353943	7.843777	6.157612	3.034235	2.30933	3.654232	3.786467	3.302432	
Docking z	147.567	2.345184	4.272675	4.56485	4.051514	7.552742	11.88826	20.75668	19.21252	14.50343	20.61018	30.03711	27.05608	11.29007	2.101105	6.581299	11.25723	6.23645	2.383728	
Total MV Amount	1300.595


Angle TRE instances
Rotate	18	
ChildRotate	14	
RotateInverse	1	
ChildRotateInverse	21	
Docking x	14	18	19	
Docking y	24	26	35	40	42	44	45	
Docking z	22	
Total TRE Count	14


Correct Angles	Rotate	ChildRotate	RotateInverse	ChildRotateInverse	Docking x	Docking y	Docking z
	-8.881112E-17	-8.849161E-35	0	8.881112E-17	0	0	0

Angle Error	Rotate	ChildRotate	RotateInverse	ChildRotateInverse	Docking x	Docking y	Docking z
	1.03346	0.4688744	0	4.081104	0.5377105	3.335702	1.372162

Time Taken	Hours	Minutes	Seconds	Milliseconds	Seconds float	Completion time
	0	0	3	764	3.76398	00h:00m:03s:764ms

Final Results	Tester Name	Time of Test	Dock Shape Style	Virtual Device Visible	Time Taken	Shape Precision %	Orientation Precision %	Overall Precision %	Efficiency %	Difficulty	Total MV	Total TRE	
	1	2018-11-06_15:02:35	ZEROING DATA	True	00h:00m:03s:764ms	99.22453	99.12817	99.14056	100	1.97358E-19	1300.595	14	
