
Angles Over Time
Frames	Rotate	ChildRotate	RotateInverse	ChildRotateInverse	Docking x	Docking y	Docking z	
0	-88.9718	-74.78381	0	69.2699	12.55361	-115.1846	-4.44986	
1	-87.79962	-70.32962	0	66.22229	12.46097	-115.0043	-4.193512	
2	-81.93884	-74.31494	0	69.03548	12.43705	-114.8508	-3.97583	
3	-87.56522	-74.78381	0	69.03548	12.23472	-114.506	-3.853729	
4	-87.56522	-75.95596	0	69.26991	12.25804	-113.9564	-2.997284	
5	-89.20624	-76.1904	0	68.80105	14.09982	-111.8015	-2.627594	
6	-80.53226	-74.78381	0	61.76809	19.62875	-107.947	-6.082764	
7	-67.16962	-72.90836	0	26.13443	25.66618	-100.7911	-3.23642	
8	-63.1843	-74.31494	0	-0.5908203	23.83598	-87.27936	15.93189	
9	-57.32349	-75.01825	0	-0.3563843	14.62775	-75.03275	22.75498	
10	-31.30151	-74.78381	0	-0.8252563	13.31749	-67.40384	20.21205	
11	-3.63855	-44.77652	0	-0.8252563	14.28493	-60.03827	18.45361	
12	-1.528656	1.172157	0	1.050205	11.86044	-52.3544	16.35445	
13	-0.8253784	1.641021	0	0.3469122	7.641612	-43.37799	17.14165	
14	-0.3565063	1.875449	0	-0.5908203	3.227257	-38.13968	15.59397	
15	-0.1220703	1.875449	0	-0.5908203	0.8562411	-35.5264	12.93784	
16	-0.1220703	2.109886	0	-0.3563843	1.965186	-31.41165	11.36961	
17	-0.1220703	2.109886	0	-0.3563843	1.903369	-25.50562	8.689833	
18	0.1123581	1.641021	0	0.5813406	2.830844	-21.95114	7.645844	
19	-0.3565063	1.87545	0	-0.5908203	4.031805	-21.24155	6.358987	
20	-0.1220703	1.87545	0	-0.5908203	2.838419	-21.48715	4.586684	
21	-0.3565063	1.87545	0	-0.1219482	1.722506	-22.32294	3.745336	
22	-0.1220703	1.87545	0	-0.1219482	1.089923	-23.33002	4.379656	
23	-0.3565063	1.406585	0	0.1124762	0.4339077	-23.01096	4.48533	
24	-0.5909424	1.406585	0	0.1124762	0.3053526	-22.44955	4.486414	


Angle MV instances
Rotate	88.9718	5.860779	5.626373	8.673981	13.36264	3.985321	5.860809	26.02197	27.66296	2.109894	
ChildRotate	74.78381	4.454193	3.985321	30.00729	45.94868	
RotateInverse	
ChildRotateInverse	69.2699	3.047607	2.813187	7.032955	35.63367	26.72525	
Docking x	12.55361	5.528931	6.037434	9.208237	2.424499	4.218824	4.414354	2.371017	
Docking y	115.1846	2.154938	3.854507	7.155838	13.51178	12.24661	7.628906	7.36557	7.683868	8.97641	5.238312	2.613281	4.114746	5.906036	3.554474	
Docking z	4.44986	3.45517	2.846344	19.16831	6.823085	2.542925	2.099167	2.65613	2.679782	
Total MV Amount	792.5059


Angle TRE instances
Rotate	12	
ChildRotate	13	
RotateInverse	1	
ChildRotateInverse	9	
Docking x	15	
Docking y	
Docking z	1	6	7	8	20	
Total TRE Count	8


Correct Angles	Rotate	ChildRotate	RotateInverse	ChildRotateInverse	Docking x	Docking y	Docking z
	-5.318331E-06	-3.161292E-13	0	1.787663E-06	0	0	0

Angle Error	Rotate	ChildRotate	RotateInverse	ChildRotateInverse	Docking x	Docking y	Docking z
	0.5909371	1.641021	0	0.8252581	0.3617466	20.77328	4.039127

Time Taken	Hours	Minutes	Seconds	Milliseconds	Seconds float	Completion time
	0	0	1	468	1.467743	00h:00m:01s:468ms

Final Results	Tester Name	Time of Test	Dock Shape Style	Virtual Device Visible	Time Taken	Shape Precision %	Orientation Precision %	Overall Precision %	Efficiency %	Difficulty	Total MV	Total TRE	
	1	2018-11-06_15:05:46	ZEROING DATA	True	00h:00m:01s:468ms	99.57539	95.40511	97.75941	100	7.895549E-09	792.5059	8	
