
Angles Over Time
Frames	Rotate	ChildRotate	RotateInverse	ChildRotateInverse	Docking x	Docking y	Docking z	
0	1.978298	2.344316	0	-2.241364	0.09364704	-0.6766052	0.1982537	
1	-0.1993408	-0.234436	0	-0.9026489	0.2527553	-0.4360657	0.09492397	
2	-0.1993408	-0.234436	0	-1.137085	0.9655766	-0.02359009	-0.2065735	
3	-0.1993408	-0.234436	0	-0.9026489	1.463814	0.1884473	-0.4476624	
4	-0.4337769	-0.234436	0	-0.9026489	1.724221	-0.182251	-0.9230042	
5	-0.4337769	-0.234436	0	-1.137085	2.861293	-0.5815125	-3.367218	
6	-0.1993408	-0.234436	0	-0.4337769	5.105433	-4.414886	-4.650055	
7	-0.1993408	-0.234436	0	-0.9026489	12.71752	-11.49789	-8.534637	
8	-0.4337769	-0.4688721	0	-0.9026489	22.32214	-16.35559	-12.20941	
9	-0.4337769	-5.336041E-08	0	3.785999	34.96199	-18.86853	-16.18756	
10	-2.778107	-0.234436	0	20.43067	50.5401	-22.42953	-23.3252	
11	-8.170044	-0.234436	0	39.88852	72.33677	-30.41992	-32.96399	
12	-11.92093	-0.234436	0	53.48558	83.08591	-155.0956	-162.7259	
13	-11.92093	-0.4688721	0	54.42331	72.85089	158.8771	150.9133	
14	-11.92093	-27.42856	0	54.42331	66.56753	135.2252	129.7779	
15	-11.92093	-52.51276	0	54.18888	60.39663	123.3127	122.3933	
16	-12.15536	-56.02924	0	55.36104	57.11686	123.9329	128.1856	
17	-15.90628	-55.32596	0	42.46728	63.79213	128.037	129.9991	
18	-15.67184	-56.73254	0	86.07162	76.34528	154.6582	146.5277	
19	-15.203	-57.43585	0	108.3427	79.42496	-129.7988	-149.2602	
20	-8.873322	-58.13913	0	117.4855	70.68307	-88.21344	-117.2067	
21	-8.873322	-49.46515	0	117.4855	59.51606	-79.14215	-105.8614	
22	-37.47403	-18.75455	0	117.4855	50.93926	-81.15366	-100.9803	
23	-64.19928	-5.054188E-06	0	116.5478	43.5808	-77.9621	-98.87216	
24	-74.04544	0.234431	0	117.7199	35.75054	-71.25876	-99.01892	
25	-75.68646	-5.04259E-06	0	117.7199	31.90883	-68.0452	-97.23004	
26	-76.85861	-5.04259E-06	0	117.4855	28.10813	-67.57724	-99.34277	
27	-83.89157	-5.04259E-06	0	117.7199	22.93966	-70.24615	-102.0832	
28	-83.65714	0.234431	0	115.1412	21.95683	-74.5921	-102.3903	
29	-81.78168	-5.04259E-06	0	116.5478	21.65222	-75.77603	-103.6614	
30	-83.4227	-5.04259E-06	0	115.8445	26.45716	-77.5166	-105.7485	
31	-88.5802	-5.04259E-06	0	99.19982	30.51727	-76.92172	-101.6782	
32	-104.2872	-5.04259E-06	0	78.5698	33.12075	-79.15533	-90.5105	
33	-119.2908	-5.04259E-06	0	66.37933	34.68127	-79.97745	-82.11514	
34	-123.2762	-5.04259E-06	0	60.75297	35.394	-80.42303	-76.60089	
35	-121.4007	-5.04259E-06	0	21.83726	36.56793	-82.3855	-74.27264	
36	-125.386	-5.04259E-06	0	50.20353	37.39963	-80.98666	-66.87018	
37	-131.0124	-0.234436	0	41.76398	37.02647	-81.36673	-62.4332	
38	-133.5912	-5.04259E-06	0	36.37205	37.98612	-80.63608	-58.07562	
39	-135.4666	-5.04259E-06	0	26.05704	38.18315	-80.40182	-54.81543	
40	-133.8256	-5.04259E-06	0	23.71272	38.67321	-79.96893	-50.98288	
41	-136.6388	-5.04259E-06	0	20.89953	39.65141	-79.97577	-50.12454	
42	-138.5142	-7.736267	0	11.99112	41.39731	-77.78061	-45.70993	
43	-139.6864	-36.10254	0	-0.9026489	42.45395	-72.57483	-34.57895	
44	-139.9208	-56.96698	0	-1.137085	44.47009	-69.1391	-25.20523	
45	-139.9208	-57.90469	0	-0.6682129	48.07019	-65.9563	-22.30444	
46	-137.1076	-69.86075	0	-0.9026489	50.60272	-61.8905	-19.9176	
47	-138.5142	-86.97427	0	-0.9026489	53.5448	-60.2005	-17.79739	
48	-136.1699	-92.60065	0	-0.9026489	56.46311	-57.60406	-14.39517	
49	-133.5912	-92.60065	0	-0.6682129	58.3403	-52.96347	-8.289551	
50	-133.3567	-92.13177	0	-1.137085	59.72693	-45.21509	2.176219	
51	-133.5912	-90.95963	0	-0.6682129	59.82647	-32.3869	20.75063	
52	-132.1846	-92.60065	0	-0.6682129	60.94357	-26.03052	29.9755	
53	-133.5912	-89.55304	0	-0.9026489	61.37157	-23.16904	33.71571	
54	-134.7633	-85.80212	0	8.240209	61.49262	-20.72299	37.19828	
55	-133.3567	-59.31131	0	45.04603	62.26966	-17.36356	33.85379	
56	-133.5912	-49.69958	0	52.54785	63.91626	-11.83041	27.88499	
57	-129.8402	-51.1062	0	52.54785	64.86266	-8.380341	29.75178	
58	-133.8256	-53.4505	0	51.37569	67.59818	-9.693481	26.19307	
59	-133.3567	-56.96698	0	49.03137	72.51521	-20.65625	13.82534	
60	-135.2322	-60.7179	0	47.39034	79.18431	-33.53799	2.436899	
61	-135.2322	-61.65561	0	47.62478	84.86367	-88.16504	-50.71552	
62	-134.7633	-67.51642	0	50.67239	82.72732	-124.2033	-88.6308	
63	-124.2139	-107.8387	0	86.54049	78.34871	-142.75	-124.993	
64	-78.03076	-115.575	0	104.5918	76.02579	-148.5072	-151.0698	
65	-68.65347	-115.575	0	104.8262	77.87314	-157.9751	-161.9048	
66	-68.88791	-115.575	0	104.8262	75.62465	-168.7876	-174.1253	
67	-69.12234	-113.2307	0	103.4196	75.47098	-177.4261	175.076	
68	-67.71576	-114.1684	0	104.1229	73.79466	176.4168	169.3348	
69	-68.65347	-116.0439	0	105.0606	71.04134	-178.5243	172.9109	
70	-69.12234	-116.9816	0	105.0606	65.81171	-159.267	-173.9638	
71	-69.82562	-118.3882	0	105.2951	60.3779	-139.8821	-159.43	
72	-69.82562	-120.2636	0	105.0606	52.67439	-120.5376	-143.3243	
73	-70.06006	-119.5603	0	104.1229	39.98876	-107.129	-136.7959	
74	-68.1846	-120.498	0	105.0606	27.77813	-98.80115	-130.0906	
75	-69.35678	-120.9669	0	105.2951	20.51275	-96.59421	-125.9042	
76	-69.12234	-120.2636	0	105.2951	15.31886	-97.20023	-124.6261	
77	-69.12234	-120.9669	0	105.2951	14.19386	-95.55978	-122.8809	
78	-69.35678	-118.6226	0	103.4196	13.22472	-94.18945	-122.0545	
79	-67.71576	-120.0292	0	103.8885	11.05944	-92.82825	-119.534	
80	-68.88791	-120.7325	0	105.0606	9.850404	-92.15808	-115.2949	
81	-73.34213	-116.5127	0	99.90313	10.46377	-91.84634	-108.1012	
82	-78.96851	-117.4504	0	100.1376	11.02095	-92.19949	-106.594	
83	-78.96851	-117.4504	0	100.6064	10.46847	-93.09854	-106.9234	
84	-79.20294	-115.3406	0	99.90313	10.76379	-93.76947	-107.1273	
85	-78.03076	-116.2783	0	99.66869	11.4947	-94.30341	-106.8769	
86	-79.43738	-115.575	0	99.19983	11.73626	-92.94016	-106.9032	
87	-79.90622	-115.575	0	98.73096	11.5582	-91.47708	-106.758	
88	-80.14066	-115.8094	0	98.73096	11.49697	-90.09506	-106.8922	
89	-79.90622	-113.2307	0	97.5588	11.24442	-88.64761	-107.0629	


Angle MV instances
Rotate	2.34433	5.391937	3.750885	3.750916	6.329681	28.60071	26.72525	9.846161	7.032959	5.157501	15.70695	15.00365	3.985352	3.985336	5.626373	2.578751	2.813171	2.813171	2.34433	2.578751	3.750916	3.985336	10.54942	46.18311	9.377289	4.454224	5.626373	
ChildRotate	2.344316	2.578752	26.95969	25.0842	3.516479	8.673981	30.7106	18.75454	7.736262	28.36627	20.86444	11.95605	17.11353	5.626373	3.047607	3.750916	26.49081	9.611725	2.344299	3.516479	3.750916	5.860809	40.3223	7.736267	2.34433	2.34433	4.219757	2.109879	2.578766	
RotateInverse	
ChildRotateInverse	2.241364	4.688647	16.64467	19.45786	13.59706	12.89376	43.60434	22.27105	9.142853	2.578758	16.64467	20.63002	12.19047	5.626366	38.91571	28.36627	8.439552	5.391933	10.315	2.344322	2.813187	8.908418	12.89377	9.142858	36.80582	7.50182	2.344315	3.047615	35.8681	18.05126	5.157494	
Docking x	2.24414	7.612087	9.604618	12.63986	15.57811	21.79667	10.74914	10.23502	6.283363	6.170902	3.279762	6.675266	12.55315	3.079681	8.741898	11.167	8.576805	7.358463	7.830257	3.841703	3.800703	5.168472	4.804937	4.060108	2.603485	2.016136	3.600101	2.532532	2.942081	2.918308	2.735512	4.917038	6.669098	5.679359	2.136353	4.378609	2.322922	2.248489	2.753319	5.22963	5.433819	7.703503	12.68563	12.21063	7.265377	5.19389	2.165285	
Docking y	3.833374	7.083008	4.857697	2.512939	3.561005	7.990387	124.6756	313.9727	23.6519	11.91253	4.104118	26.62125	284.457	41.58536	9.071289	2.011505	3.191559	6.703339	3.213562	2.668915	4.345947	2.233612	2.19516	5.20578	3.43573	3.1828	4.065796	2.596436	4.640594	7.748383	12.82819	6.356384	2.861481	2.446045	3.359436	5.533142	3.450073	10.96277	12.88174	54.62704	36.03827	18.54672	5.757126	9.467987	10.81248	8.638489	354.9411	19.25729	19.38495	19.34451	13.40858	8.32782	2.20694	
Docking z	2.444214	3.884583	3.674774	3.978149	7.137634	9.638794	129.7619	313.6392	21.13538	7.384567	5.792267	16.52861	295.7879	32.05347	11.34531	4.881073	2.108185	2.112732	2.740417	2.087082	4.070328	11.16766	8.395355	5.514252	2.328247	7.402466	4.436981	4.357574	3.260193	3.83255	4.414612	11.13098	9.373718	2.900787	2.386841	2.120209	3.402222	6.105621	10.46577	18.57441	9.224878	3.740206	3.482567	3.34449	5.968794	3.558704	12.36773	11.38844	53.15241	37.91528	36.36215	26.07681	10.83505	12.22047	5.741211	3.576096	14.53377	16.10565	6.528473	6.705276	4.186386	2.520508	4.239136	7.193695	
Total MV Amount	4184.814


Angle TRE instances
Rotate	
ChildRotate	48	55	
RotateInverse	1	
ChildRotateInverse	63	64	
Docking x	
Docking y	61	62	77	
Docking z	16	18	
Total TRE Count	9


Correct Angles	Rotate	ChildRotate	RotateInverse	ChildRotateInverse	Docking x	Docking y	Docking z
	-90	-90	0	90	-6.018555	-90.91937	131.649

Angle Error	Rotate	ChildRotate	RotateInverse	ChildRotateInverse	Docking x	Docking y	Docking z
	11.50037	24.63725	0	8.027657	16.99601	3.795349	-121.1514

Time Taken	Hours	Minutes	Seconds	Milliseconds	Seconds float	Completion time
	0	0	5	306	5.30625	00h:00m:05s:306ms

Final Results	Tester Name	Time of Test	Dock Shape Style	Virtual Device Visible	Time Taken	Shape Precision %	Orientation Precision %	Overall Precision %	Efficiency %	Difficulty	Total MV	Total TRE	
	1	2018-11-06_14:56:57	Presets_dockPreset_2	False	00h:00m:05s:306ms	93.86594	76.86172	85.22952	71.66121	0.5539855	4184.814	9	
