
Angles Over Time
Frames	Rotate	ChildRotate	RotateInverse	ChildRotateInverse	Docking x	Docking y	Docking z	
0	-1.137085	-0.234436	0	-0.4338074	-0.1098633	1.52657	-1.213074	
1	1.444149	-0.4688721	0	1.913021	-0.2293396	0.7588181	-0.9053955	
2	0.975285	-0.234436	0	1.209721	-0.08337402	2.023201	-1.88678	
3	1.209721	2.668037E-08	0	1.678585	0.06809717	2.947748	-2.757904	
4	0.975285	-0.234436	0	1.678585	0.1004733	4.117412	-4.332184	
5	1.209721	-0.234436	0	1.444157	0.7729843	5.00029	-7.490509	
6	1.209721	-0.4688721	0	1.678585	3.934302	5.195858	-13.60043	
7	0.7408566	-0.234436	0	2.14745	10.42457	2.408394	-21.97012	
8	0.9752851	-0.234436	0	1.209721	16.47207	0.2826923	-32.26086	
9	1.209721	2.668037E-08	0	1.444157	18.04013	2.798192	-32.99637	
10	1.444149	-2.109894	0	1.444157	20.18048	4.060453	-29.1489	
11	1.209721	-2.578766	0	1.209721	20.0146	2.455979	-25.633	
12	1.209721	-2.813171	0	2.85075	13.14644	-2.426178	-24.22327	
13	0.5064206	-1.17215	0	2.14745	6.597894	-11.94952	-19.57672	
14	0.975285	-1.17215	0	1.444157	-1.102173	-27.65558	-6.867249	
15	1.209721	-1.17215	0	1.209721	-3.921448	-44.38608	1.750818	
16	1.444149	-1.17215	0	1.444157	-2.488129	-55.99011	7.662571	
17	1.444149	-0.9377441	0	1.444157	2.29609	-62.44974	12.00087	
18	1.209721	-1.406586	0	1.678586	4.11462	-65.85257	15.9153	
19	-7.933136	-1.17215	0	1.444157	4.035786	-67.9313	19.51485	
20	-14.73166	-1.17215	0	1.444157	3.429858	-68.59399	19.48031	
21	-14.49722	-1.17215	0	3.788472	1.999597	-69.37018	18.93089	
22	-14.49722	-1.17215	0	15.51008	0.7089247	-69.323	15.56861	
23	-14.49722	-1.17215	0	32.15475	0.2033347	-70.44836	9.265676	
24	-14.49722	-33.75821	0	39.65658	0.2772368	-70.99286	5.000348	
25	-14.49722	-55.56039	0	42.23532	0.01603835	-70.80838	4.833092	
26	-13.32507	-69.15744	0	42.23532	-0.4776611	-70.65631	7.774015	
27	-13.79395	-78.76917	0	41.53203	-1.083923	-70.25659	14.10765	
28	-17.54483	-81.11346	0	41.53203	-1.56134	-70.9436	19.0924	
29	-24.10895	-79.0036	0	41.76646	-0.8366089	-71.46552	18.15648	
30	-24.34338	-80.41016	0	41.76646	0.4446003	-72.56854	18.02145	
31	-34.42395	-80.41016	0	41.76646	1.138122	-73.7662	18.59688	
32	-34.89282	-81.3479	0	41.53203	0.8272594	-73.67087	19.55948	
33	-34.89282	-81.3479	0	44.34521	0.9369712	-73.37366	19.69256	
34	-34.89282	-75.25266	0	58.41113	1.525413	-73.0997	16.23244	
35	-34.89282	-66.34424	0	71.30489	2.578124	-72.90167	11.01207	
36	-33.72064	-59.31128	0	77.40012	2.277883	-73.44031	6.400103	
37	-31.37634	-49.93402	0	83.96422	2.794393	-74.8595	0.7562574	
38	-23.87451	-49.93402	0	83.72979	3.136255	-75.96585	-0.3939514	
39	-23.64008	-48.5274	0	83.72979	3.096259	-77.16376	1.885243	
40	-23.87451	-47.82413	0	82.79205	2.340812	-78.13199	5.211945	
41	-23.40564	-48.29297	0	83.02649	1.308542	-78.50244	10.98218	
42	-23.64008	-47.35526	0	83.72979	1.033032	-79.02167	16.96176	
43	-24.10895	-45.4798	0	83.72979	1.685082	-79.52002	17.61618	
44	-24.81226	-44.77649	0	83.72979	1.36382	-80.159	16.76658	
45	-24.57782	-42.90106	0	87.24627	1.078825	-79.82901	16.80793	
46	-24.81226	-40.08786	0	97.79572	0.8549998	-80.15445	16.29288	
47	-24.57779	-37.97797	0	105.2975	-0.4151917	-80.22296	15.3691	
48	-25.04666	-37.27469	0	105.2975	-0.6879883	-80.01581	16.19154	
49	-25.2811	-36.57138	0	105.532	0.1133701	-80.30441	16.09846	
50	-25.2811	-35.8681	0	105.2975	0.3547495	-80.66318	15.65272	
51	-25.04666	-35.16479	0	103.8909	0.2150635	-79.05249	14.67611	
52	-24.57782	-34.46149	0	104.5942	-0.1289978	-77.51868	13.93568	
53	-25.04666	-34.69592	0	105.0631	-0.4672852	-74.96698	13.2448	
54	-25.04666	-34.46149	0	105.2975	-0.6596375	-73.62012	12.66663	


Angle MV instances
Rotate	9.142857	6.798523	3.750885	6.564117	10.08057	2.344299	7.501831	
ChildRotate	2.109894	32.58606	21.80219	13.59705	9.611725	2.344299	2.109863	6.095245	8.908417	7.032959	9.377258	2.813202	2.109894	
RotateInverse	
ChildRotateInverse	2.344315	11.72161	16.64468	7.501823	2.578747	2.813183	14.06592	12.89376	6.095238	6.564095	3.516479	10.54945	7.501823	
Docking x	3.161318	6.490267	6.047505	2.140352	6.868155	6.548551	7.700067	2.819275	
Docking y	2.787465	2.125702	2.5155	9.523346	15.70605	16.7305	11.60403	6.459625	3.402832	2.078735	2.551697	
Docking z	3.158325	6.109924	8.36969	10.29074	3.847473	3.5159	4.646545	12.70947	8.618067	5.911754	4.338301	3.914432	3.599548	3.362283	6.302937	4.265327	2.940923	6.333637	4.984743	3.460129	5.220364	4.611969	5.643846	3.326701	5.770238	5.979577	
Total MV Amount	529.9661


Angle TRE instances
Rotate	32	38	48	52	53	
ChildRotate	35	36	
RotateInverse	1	
ChildRotateInverse	
Docking x	1	7	14	
Docking y	
Docking z	1	5	15	16	25	26	37	40	
Total TRE Count	16


Correct Angles	Rotate	ChildRotate	RotateInverse	ChildRotateInverse	Docking x	Docking y	Docking z
	-30	-68.86554	0	90	-5.008957E-06	-90	5.008957E-06

Angle Error	Rotate	ChildRotate	RotateInverse	ChildRotateInverse	Docking x	Docking y	Docking z
	4.718903	35.10733	0	15.29753	0.7043712	17.69812	12.03694

Time Taken	Hours	Minutes	Seconds	Milliseconds	Seconds float	Completion time
	0	0	3	240	3.239776	00h:00m:03s:240ms

Final Results	Tester Name	Time of Test	Dock Shape Style	Virtual Device Visible	Time Taken	Shape Precision %	Orientation Precision %	Overall Precision %	Efficiency %	Difficulty	Total MV	Total TRE	
	1	2018-11-06_14:57:02	Ltd Random	False	00h:00m:03s:240ms	92.34392	94.49351	93.20927	94.87524	0.3098506	529.9661	16	
