
Angles Over Time
Frames	Rotate	ChildRotate	RotateInverse	ChildRotateInverse	Docking x	Docking y	Docking z	
0	-94.71762	-83.45776	0	93.0625	43.85287	83.28369	72.29254	
1	-94.71762	-84.39551	0	93.29693	43.75448	83.26671	72.42578	
2	-95.65533	-83.6922	0	92.59363	43.67433	82.86339	72.11542	
3	-94.95206	-83.92664	0	92.35921	43.70871	82.34265	71.69275	
4	-95.18646	-83.6922	0	92.59363	43.53907	82.06819	71.16908	
5	-95.18649	-83.6922	0	92.82806	43.65957	81.90339	71.26496	
6	-95.42093	-85.09882	0	94.46909	43.63497	81.68127	71.20862	
7	-96.59308	-84.16107	0	93.29693	43.51727	81.51963	71.09501	
8	-95.65533	-83.92664	0	92.59363	43.38076	81.42857	71.11406	
9	-94.95206	-83.69223	0	92.82806	43.26375	81.39881	71.27775	
10	-95.18649	-83.92664	0	92.59363	43.23554	81.4394	71.67208	
11	-95.18649	-83.69223	0	92.82806	43.22945	81.16027	72.67249	
12	-95.42093	-85.56769	0	94.23466	42.81107	80.14103	73.68737	
13	-96.35864	-83.92664	0	92.59363	42.77997	79.10606	75.43885	
14	-95.18649	-83.92664	0	92.59363	42.91606	78.07473	77.65205	
15	-95.18649	-83.22336	0	92.59363	42.56955	78.99892	86.13909	
16	-94.71762	-83.45776	0	92.59363	42.288	79.65845	90.4441	
17	-94.71762	-83.45776	0	92.59363	43.16642	79.60128	91.06886	
18	-94.71762	-84.39551	0	93.29693	42.98547	79.36505	90.82282	
19	-95.65533	-83.69223	0	92.59363	42.94526	79.10133	90.12449	
20	-95.18646	-83.69223	0	92.59363	43.02174	78.27679	88.86851	
21	-95.18649	-83.92664	0	92.59363	42.25582	78.44181	90.09792	
22	-94.95206	-83.92664	0	92.59363	41.57067	77.67111	89.51662	
23	-95.18649	-84.86438	0	94.46909	40.82259	76.33588	85.83188	
24	-96.35864	-84.39551	0	93.53136	40.76594	73.90687	80.2244	
25	-95.42093	-83.92664	0	92.82806	41.25253	70.55263	73.06612	
26	-94.95206	-83.45776	0	93.0625	41.29923	68.26022	70.00211	
27	-94.95206	-83.92664	0	93.53136	40.49401	66.61919	67.28526	
28	-95.18646	-86.03653	0	95.64126	39.72807	63.84752	61.61901	
29	-94.95206	-87.67755	0	96.34456	39.38787	60.95794	55.75884	
30	-95.65533	-86.97427	0	95.87569	39.20356	61.15044	57.8868	
31	-94.95206	-87.44315	0	111.5826	39.769	62.05424	57.43146	
32	-87.68466	-87.44315	0	118.6156	39.31282	61.73469	55.97382	
33	-86.27808	-87.20871	0	132.2126	39.63657	59.5141	54.87086	
34	-83.23047	-88.14642	0	135.7291	38.28039	56.07762	54.0644	
35	-83.69931	-87.67755	0	138.3079	34.90871	53.45149	52.30004	
36	-81.58945	-83.22336	0	138.0735	33.82093	54.10305	52.85796	
37	-77.8385	-71.0329	0	137.839	33.05677	53.17191	48.70761	
38	-74.08762	-53.21606	0	138.0735	31.46355	52.59518	48.84814	
39	-74.32202	-18.75455	0	135.7291	30.21995	52.0946	47.21653	
40	-74.32202	1.875455	0	128.9306	30.41884	49.2766	37.35539	
41	-71.50885	2.34432	0	115.8024	29.91599	44.69363	26.6046	
42	-57.44293	2.813184	0	98.68888	29.08862	41.56346	21.07578	
43	-48.30008	2.109891	0	44.76952	28.37493	37.99355	21.28713	
44	-46.19019	1.875455	0	11.7146	26.49147	33.08854	27.45023	
45	-43.37701	0.4688694	0	10.77687	24.10824	29.94842	22.3959	
46	-26.49789	1.406591	0	10.07358	21.93542	26.05875	15.11359	
47	-9.384369	2.109891	0	3.509482	20.6775	20.31324	5.993915	
48	-0.2415161	3.04762	0	0.2274304	19.23795	16.22436	8.407089	
49	-0.007080078	3.750913	0	-0.007019043	18.37364	12.53431	11.42572	
50	0.6962156	3.516485	0	-0.2414246	16.57139	9.180247	12.81268	
51	0.6962156	1.172163	0	1.165159	16.65523	7.015042	14.78411	
52	-1.413666	2.578756	0	-0.007019043	19.10558	6.277915	16.59092	
53	-0.2415161	2.578756	0	-0.007019043	17.23079	5.276157	16.93295	
54	0.4617797	2.578756	0	0.2274304	15.83435	4.374305	15.96029	
55	-0.2415161	2.578756	0	-0.2414246	15.3035	3.434307	14.88363	
56	0.2273512	5.39443E-06	0	0.2274304	13.76962	2.956323	14.64801	
57	-2.820251	1.406591	0	1.399588	13.26061	2.43304	15.44605	
58	-1.413666	2.34432	0	-0.007019043	13.06668	0.8749738	16.55711	
59	0.2273511	2.578756	0	-0.2414246	12.18276	0.3059488	15.14059	
60	0.9306438	-2.34433	0	-0.2414246	11.63173	-0.2848206	15.20365	
61	0.2273511	-3.047607	0	-0.2414246	11.12983	-0.434906	14.08314	
62	0.2273511	-4.688629	0	3.74391	9.937984	-0.5882874	13.9478	
63	-3.289124	-2.578766	0	0.9307234	8.302311	-0.6929321	13.17081	
64	-0.007080078	-0.234436	0	-0.4758606	7.571964	-1.199524	17.58193	
65	-7.743347	0.9377344	0	-0.2414246	8.210193	-2.284515	13.34494	
66	-6.805603	-0.234436	0	7.963689	8.025383	-3.056488	5.404185	
67	-6.571167	0.46887	0	7.26039	6.498528	-4.438873	6.674143	
68	-6.571167	-0.9377136	0	9.370276	6.426327	-5.423767	2.660908	
69	-5.633453	5.498517E-06	0	8.666983	5.331897	-6.356873	2.898027	
70	-4.461304	5.498517E-06	0	7.96369	3.603788	-7.215332	2.591013	
71	-2.585846	0.2344339	0	7.494825	3.123061	-7.44104	2.349049	
72	-2.35141	0.2344339	0	-0.007019043	3.407691	-8.092834	1.840484	
73	-1.413666	-2.109894	0	2.571753	3.428133	-9.224884	1.749657	
74	-2.820251	-0.9377136	0	0.6962948	2.869102	-10.23666	1.684092	
75	-1.17923	5.178363E-06	0	-0.4758606	2.904033	-10.40118	1.68782	
76	-0.2415161	5.178363E-06	0	-0.2414246	2.774588	-10.60889	1.731925	
77	0.2273503	0.2344336	0	0.4618588	2.646394	-10.08313	1.748973	
78	-0.7103882	5.175992E-06	0	-0.2414246	2.61878	-8.824951	1.741575	
79	-0.2415161	-2.578766	0	1.399588	2.547674	-8.459625	1.774153	
80	-1.882538	-0.7033081	0	0.4618587	2.619592	-7.361969	1.74391	
81	-0.4759521	0.2344336	0	-0.2414246	2.690372	-6.362335	1.72946	
82	-0.007080078	0.703298	0	-0.4758606	2.723164	-6.218445	1.723479	
83	0.4617787	1.172162	0	-0.2414246	2.556586	-5.839905	1.731811	
84	0.4617787	0.9377339	0	-0.007019043	2.486044	-5.650452	1.734537	
85	0.2273503	-0.9377136	0	0.6962948	2.428649	-5.62616	1.729166	
86	-1.17923	0.2344335	0	-0.4758606	2.385217	-5.72879	1.741763	
87	-0.2415161	0.2344335	0	-0.2414246	2.373716	-5.626587	1.749007	
88	-0.007080078	0.2344335	0	-0.007019043	2.367794	-5.627014	1.739192	
89	-0.4759521	0.2344335	0	-0.2414246	2.336345	-5.627838	1.731425	
90	-0.2415161	-2.109894	0	1.399588	2.295092	-5.628662	1.729589	
91	-2.585846	-0.7033081	0	0.6962946	2.263641	-5.629486	1.721823	
92	-0.2415161	1.172162	0	-0.007019043	2.236696	-6.091766	1.724761	
93	-0.7103882	0.9377339	0	-0.4758606	2.217833	-6.442078	1.723252	
94	-0.2415161	1.172162	0	-0.4758606	2.189624	-6.808197	1.727767	
95	0.2273503	0.2344335	0	-0.4758606	2.158096	-6.80899	1.720326	


Angle MV instances
Rotate	94.71762	7.267395	3.047607	2.109863	3.750946	3.750885	2.813171	14.06592	9.142853	2.109894	2.813171	16.87912	17.11353	9.142853	3.047603	3.516475	3.282043	7.736267	2.34433	2.34433	
ChildRotate	83.45776	2.109894	4.454193	12.19046	17.81683	34.46152	20.63	2.344322	2.57875	2.109863	2.34433	2.578771	
RotateInverse	
ChildRotateInverse	93.0625	2.109894	15.70694	7.032959	13.59705	3.516495	2.578735	2.34433	6.798523	13.1282	17.11353	53.91936	33.05492	6.564095	3.282051	3.985334	2.813186	8.205113	2.109887	7.501844	2.578772	
Docking x	43.85287	3.371681	2.38323	2.172815	2.450354	
Docking y	83.28369	2.429008	3.35424	2.292404	2.771671	2.889587	2.220589	3.436485	2.626129	2.818001	4.58297	3.130169	3.569912	4.905003	3.140127	3.889662	5.745514	4.088884	3.690048	3.35406	2.165205	
Docking z	72.29254	2.213203	8.487038	4.305008	3.684746	5.607483	7.158272	3.064018	2.71685	5.666245	5.860168	2.12796	4.150345	9.861134	10.7508	5.528812	6.163099	5.054335	7.282309	9.119673	2.413174	3.018635	4.411122	4.236984	7.940759	4.013235	
Total MV Amount	1110.819


Angle TRE instances
Rotate	49	65	70	
ChildRotate	41	
RotateInverse	1	
ChildRotateInverse	48	66	72	
Docking x	71	
Docking y	55	68	
Docking z	69	
Total TRE Count	11


Correct Angles	Rotate	ChildRotate	RotateInverse	ChildRotateInverse	Docking x	Docking y	Docking z
	-9.46026E-26	0	0	9.46026E-26	0	0	0

Angle Error	Rotate	ChildRotate	RotateInverse	ChildRotateInverse	Docking x	Docking y	Docking z
	0.007080078	1.406586	0	0.9307233	2.136308	6.809784	1.706855

Time Taken	Hours	Minutes	Seconds	Milliseconds	Seconds float	Completion time
	0	0	5	658	5.657912	00h:00m:05s:658ms

Final Results	Tester Name	Time of Test	Dock Shape Style	Virtual Device Visible	Time Taken	Shape Precision %	Orientation Precision %	Overall Precision %	Efficiency %	Difficulty	Total MV	Total TRE	
	1	2018-11-05_17:45:25	ZEROING DATA	True	00h:00m:05s:658ms	99.67439	98.42284	98.96847	100	2.10228E-28	1110.819	11	
