
Angles Over Time
Frames	Rotate	ChildRotate	RotateInverse	ChildRotateInverse	Docking x	Docking y	Docking z	
0	-21.22125	-88.84979	0	100.6834	44.65459	-163.6856	-177.2332	
1	-19.58023	-89.08423	0	100.449	44.55665	-163.4315	-177.027	
2	-19.81467	-89.08423	0	101.1522	44.50103	-163.3029	-176.9998	
3	-20.28351	-89.08423	0	100.9178	44.52986	-163.5074	-177.0766	
4	-20.28351	-91.19409	0	104.1999	44.57803	-163.6002	-177.1219	
5	-24.73773	-89.78751	0	101.6211	44.46146	-163.5206	-177.0177	
6	-20.0491	-89.31863	0	100.9178	44.32682	-163.4935	-176.9035	
7	-19.81467	-88.61536	0	100.6834	44.37867	-163.7251	-176.6942	
8	-19.58023	-88.38092	0	100.9178	44.5788	-164.0209	-176.5455	
9	-20.51794	-89.31863	0	100.6834	44.76656	-164.5046	-176.3326	
10	-20.98682	-91.42853	0	103.9654	45.14737	-164.8209	-176.3212	
11	-25.44104	-89.31863	0	99.74565	45.67351	-165.1537	-176.444	
12	-20.75238	-89.08423	0	101.1522	47.49241	-165.5232	-177.795	
13	-20.75238	-89.31866	0	101.1522	51.67015	-166.0724	178.2598	
14	-15.12601	-88.38092	0	101.1522	57.74798	-166.1186	172.276	
15	5.035136	-88.38092	0	94.58815	65.32036	-166.8485	166.9464	
16	5.972865	-88.38092	0	88.25849	68.95383	-171.142	163.1053	
17	3.159678	-87.20877	0	73.25484	77.37555	176.9126	152.9882	
18	4.566271	-86.03662	0	61.29881	84.6012	135.1267	113.8188	
19	5.972865	-86.03662	0	47.46732	83.16875	59.60236	40.42385	
20	4.8007	-85.80219	0	12.53696	74.82201	36.47539	20.56935	
21	4.566271	-82.05127	0	1.284217	63.86083	27.98281	20.61314	
22	0.3464916	-65.17215	0	-2.466705	53.25532	22.25474	14.07875	
23	4.097407	-43.36996	0	-4.342163	48.29675	21.45451	9.719714	
24	5.738429	-25.31873	0	-4.576599	41.07362	21.80655	5.785844	
25	7.145022	-4.454254	0	-4.576599	35.04737	22.80739	4.054152	
26	7.145022	5.157449	0	-4.576599	31.13133	24.11005	2.945672	
27	7.848316	2.344263	0	-1.997833	25.52646	24.3261	1.772364	
28	4.097407	3.750856	0	-4.576599	22.10252	25.01451	-0.1313782	
29	6.676158	3.281992	0	-4.576599	20.43576	25.90035	-1.836639	
30	6.676158	3.516428	0	-4.576599	17.20148	26.5892	-1.968597	
31	6.441729	3.047564	0	-4.576599	15.15414	25.41526	-3.560608	
32	6.910586	-5.142167E-05	0	-0.3568115	12.16043	25.10903	-5.268738	
33	2.925242	1.64097	0	-2.701141	11.13735	27.02276	-5.962158	
34	5.269564	3.516428	0	-4.576599	10.47963	28.19939	-6.486511	
35	6.441729	5.15745	0	-4.342163	9.986315	29.07284	-6.067535	
36	7.613887	2.813128	0	-5.045441	8.783023	30.06377	-6.060547	
37	7.848314	3.750856	0	-4.576599	7.843937	30.537	-5.144043	
38	6.676157	-0.7033386	0	0.8153526	6.916936	30.66479	-3.239319	
39	2.456384	2.813127	0	-3.169983	5.724669	29.74947	-0.3355408	
40	7.379449	3.750856	0	-5.279877	4.405299	28.80962	1.880264	
41	8.31718	5.391878	0	-5.045441	3.754225	27.85934	3.844713	
42	9.02048	4.923013	0	-4.576599	1.699469	26.93789	4.078067	
43	9.02048	3.516428	0	-3.638855	0.5332168	26.28527	5.020218	
44	8.082751	0.7032412	0	-1.294525	-0.9620972	26.64285	4.57922	
45	5.035135	2.344263	0	-3.169983	-2.752991	26.01678	4.377818	
46	5.972865	1.875399	0	-3.638855	-4.807007	25.9219	3.190588	
47	7.145022	3.281992	0	-4.342163	-7.056	26.26245	2.464985	
48	7.613887	2.109835	0	-4.107727	-9.170471	26.88762	2.049667	
49	7.37945	-0.4689026	0	0.580924	-11.16779	27.75651	2.05728	
50	4.097406	0.9376698	0	-1.763397	-13.13647	28.27739	1.731179	
51	4.800699	2.109835	0	-3.169983	-14.18008	28.18731	1.053015	
52	6.207293	3.281992	0	-2.935547	-15.32928	27.8387	0.3314952	
53	7.613887	1.172106	0	-3.873291	-15.24442	28.81128	-0.3186035	
54	7.145022	0.7032413	0	-4.342163	-13.16238	29.47328	0.07462214	
55	7.145022	-4.923126	0	0.1120595	-12.96371	29.38276	-0.283783	
56	3.628542	-1.172211	0	-2.232269	-13.82822	29.60766	-0.7144165	
57	6.207293	0.7032408	0	-3.873291	-14.12158	30.07329	0.7860129	
58	3.862971	1.64097	0	0.3464877	-13.54736	30.50376	-1.303986	
59	4.331834	2.344262	0	4.800696	-13.59427	30.08819	-5.605774	
60	3.394106	1.64097	0	4.800696	-13.68756	29.39246	-7.740875	
61	5.972864	-0.9377747	0	6.441718	-13.83444	28.53147	-9.174469	
62	2.925241	0.9376693	0	2.925239	-13.92004	27.92339	-9.059967	
63	4.566271	-5.192091E-05	0	-3.638855	-13.97739	27.59452	-9.0224	
64	5.738428	0.9376694	0	-3.169983	-14.12332	27.14936	-9.061371	
65	5.738428	0.9376694	0	-2.935547	-14.18674	26.53224	-8.951233	
66	5.269564	-2.578796	0	-0.3568115	-14.29108	26.04009	-8.809296	
67	2.690814	-0.7033386	0	-1.763397	-14.29175	25.41824	-8.673218	
68	4.331835	1.406534	0	-4.107727	-14.31174	25.39312	-8.759705	
69	6.207293	2.578699	0	-3.169983	-14.17136	25.79864	-8.939026	
70	6.910586	0.9376693	0	-3.873291	-14.12051	26.14379	-9.028748	
71	7.37945	0.7032411	0	-3.404419	-14.03394	26.61149	-9.169556	
72	5.738428	-3.516541	0	0.8153521	-13.94153	27.00909	-9.285736	
73	1.98752	0.9376695	0	-2.701141	-13.87219	27.47891	-9.442352	
74	5.035135	0.7032412	0	-2.935547	-13.76038	27.82423	-9.542267	
75	5.269564	1.64097	0	-3.169983	-13.67773	27.91219	-9.58078	
76	7.379449	2.344263	0	-2.935547	-13.63928	28.30682	-9.708038	
77	7.145021	0.4688051	0	-2.232269	-13.5434	28.38139	-9.736542	
78	6.441728	-2.34436	0	-0.3568115	-13.29749	28.54324	-9.792847	
79	3.159677	0.468805	0	-2.701141	-13.06241	28.61801	-9.729034	
80	5.504	-5.178753E-05	0	-2.232269	-12.93243	28.64908	-9.738159	
81	4.800698	0.2343766	0	-2.232269	-12.85251	28.87613	-9.811554	
82	5.035134	0.2343766	0	-2.701141	-12.81543	28.97132	-9.843658	
83	4.800698	-5.391998	0	2.221946	-12.80286	28.91584	-9.838776	
84	-0.8256531	-1.875519	0	-0.5912476	-12.77576	29.01729	-9.86792	
85	5.269562	0.9376689	0	-2.935547	-12.74881	29.05004	-9.884644	
86	6.910584	2.344262	0	-2.466705	-12.70587	29.27225	-9.953857	
87	6.676156	2.109834	0	-1.997833	-12.69562	29.36089	-9.986084	


Angle MV instances
Rotate	21.22125	4.454224	4.688629	4.454224	4.68866	5.626373	20.16114	2.813187	4.21978	3.750915	3.750909	2.578751	3.985344	2.344322	4.219772	4.923065	3.047616	3.282043	3.516479	2.57875	2.344322	2.578758	3.047622	2.57875	3.750908	3.047614	2.109886	3.282051	2.344323	5.626351	6.095215	
ChildRotate	88.84979	2.109863	2.109894	2.109894	3.750916	16.87912	21.80219	18.05124	20.86447	2.813187	3.047615	2.344322	4.454195	3.516466	2.813187	2.109886	5.626368	3.750916	4.219781	4.45421	5.626375	3.516479	
RotateInverse	
ChildRotateInverse	100.6834	3.282051	2.578751	3.282051	4.21978	6.564095	6.329659	15.00365	11.95604	13.83149	34.93036	11.25274	2.578766	2.578766	4.219788	2.34433	5.391952	3.985335	2.109894	2.34433	4.688651	4.454223	2.344329	4.219779	4.454209	3.516479	2.578735	2.34433	4.219771	2.34433	2.344299	
Docking x	44.65459	4.177734	6.077831	7.57238	3.633469	8.421722	7.225647	8.346748	10.96118	10.60551	4.958576	7.223122	6.026249	3.916042	5.604872	3.423941	3.234278	2.047341	2.993708	2.054756	2.054016	2.248993	2.114471	2.082031	
Docking y	163.6856	4.293518	348.0546	41.78583	75.52436	23.12697	8.492582	5.728065	
Docking z	177.2332	5.983765	5.32962	3.841049	10.11711	39.16948	73.39491	19.8545	6.534391	4.359036	3.93387	2.903778	4.301788	2.135101	
Total MV Amount	1840.35


Angle TRE instances
Rotate	18	19	20	24	28	29	33	34	39	40	50	52	56	57	58	61	62	64	67	69	73	74	79	80	81	82	83	85	
ChildRotate	27	35	36	41	42	83	84	
RotateInverse	1	
ChildRotateInverse	22	36	37	40	42	61	62	
Docking x	41	47	
Docking y	
Docking z	26	32	38	43	44	59	
Total TRE Count	50


Correct Angles	Rotate	ChildRotate	RotateInverse	ChildRotateInverse	Docking x	Docking y	Docking z
	-6.339904E-24	0	0	1.892254E-23	0	0	0

Angle Error	Rotate	ChildRotate	RotateInverse	ChildRotateInverse	Docking x	Docking y	Docking z
	6.207292	1.406533	0	3.404419	12.70538	29.27662	9.954865

Time Taken	Hours	Minutes	Seconds	Milliseconds	Seconds float	Completion time
	0	0	5	181	5.180665	00h:00m:05s:181ms

Final Results	Tester Name	Time of Test	Dock Shape Style	Virtual Device Visible	Time Taken	Shape Precision %	Orientation Precision %	Overall Precision %	Efficiency %	Difficulty	Total MV	Total TRE	
	1	2018-11-05_17:42:00	ZEROING DATA	True	00h:00m:05s:181ms	98.46969	92.73491	95.00356	100	2.806938E-26	1840.35	50	
