
Angles Over Time
Frames	Rotate	ChildRotate	RotateInverse	ChildRotateInverse	Docking x	Docking y	Docking z	
0	-97.88367	-98.69589	0	83.09792	5.084545	-139.1976	176.2511	
1	-100.6968	-96.586	0	80.05032	5.965087	-141.5132	175.8239	
2	-97.88367	-95.64828	0	78.87814	7.608287	-145.8545	174.8781	
3	-97.88367	-94.71054	0	78.87814	8.492867	-147.9108	174.5	
4	-96.94592	-95.41385	0	79.11259	9.379644	-149.693	174.3033	
5	-97.18036	-94.71054	0	78.40929	10.12557	-151.3509	173.9426	
6	-96.94592	-97.05487	0	80.28475	10.75835	-152.9435	173.6126	
7	-98.82138	-95.41385	0	79.34702	12.28557	-156.0948	172.9531	
8	-97.88367	-95.41385	0	78.40929	14.35133	-158.0634	172.9731	
9	-98.1181	-95.88269	0	73.95509	17.65108	-160.4302	173.7115	
10	-97.88367	-95.64828	0	65.51554	22.35618	-163.2242	175.6808	
11	-97.64923	-97.75818	0	61.53019	27.03416	-164.8089	179.1735	
12	-99.99353	-96.35156	0	50.27746	32.77873	-166.3981	-177.0373	
13	-98.35251	-95.41385	0	42.30677	39.72831	-169.4751	-173.4604	
14	-98.1181	-94.47614	0	20.50459	50.3835	-171.9902	-168.2684	
15	-99.52469	-94.47614	0	4.563219	66.55132	177.3937	-168.291	
16	-99.99356	-94.2417	0	0.8123117	84.19931	134.6338	157.1429	
17	-99.75912	-93.06952	0	-3.407471	74.50716	13.30658	39.65884	
18	-95.07047	-92.83508	0	-3.876343	58.83274	1.878963	30.38028	
19	-84.28659	-93.06952	0	-3.876343	41.05564	-2.156128	28.6189	
20	-73.26831	-92.83508	0	-3.876343	28.93477	-3.605164	27.39899	
21	-54.9826	-92.83508	0	-3.876343	20.33034	-5.845245	24.63451	
22	-17.94235	-93.30396	0	-1.297577	15.89932	-6.677765	21.89334	
23	-0.3599548	-84.16113	0	-3.876343	12.07654	-7.590912	23.21009	
24	2.2188	-77.83145	0	-3.876343	8.460011	-8.332947	19.27299	
25	1.984371	-71.97064	0	-3.407471	6.728557	-9.395447	15.82458	
26	1.984371	-59.0769	0	-4.110748	3.708102	-10.33578	13.65882	
27	2.453236	-28.3663	0	-3.876343	1.56621	-10.92535	11.10651	
28	1.984371	0.9376933	0	-2.469727	0.224031	-11.72299	8.289029	
29	1.749936	1.875422	0	-3.173035	-0.4207153	-12.70752	8.345957	
30	2.687665	1.875422	0	-4.110748	-0.5507813	-13.20163	8.715285	
31	2.453236	2.344287	0	-4.345184	-2.074036	-13.1748	6.264967	
32	2.9221	2.344287	0	-3.876343	-0.6994629	-12.61081	5.265169	
33	2.687665	2.109858	0	-4.110748	-0.3198547	-11.89432	4.314888	
34	2.9221	1.640994	0	-3.641907	1.894585	-11.04874	4.860224	
35	2.2188	2.344287	0	-3.876343	3.96047	-9.457428	5.396491	
36	2.453236	2.109858	0	-4.110748	6.343886	-7.333069	5.400426	
37	2.687665	2.109858	0	-4.345184	7.35606	-6.351105	4.261507	
38	2.687665	2.109858	0	-4.110748	7.81082	-5.610321	3.187396	
39	2.687666	0.9376933	0	-3.641907	7.473836	-5.454437	3.478667	
40	1.281072	1.640994	0	-3.876343	7.351473	-5.610413	4.284072	
41	2.453237	2.109858	0	-4.110748	7.580058	-5.895477	4.535955	
42	2.453237	2.109858	0	-4.345184	6.877983	-6.169189	4.287378	
43	2.687666	2.344287	0	-4.345184	6.971661	-6.226196	4.121051	
44	2.922101	2.344287	0	-3.876343	6.578811	-6.118225	4.040606	
45	2.453237	1.406558	0	-2.704163	6.427879	-6.021301	3.739672	
46	1.515508	2.109858	0	-3.407471	6.364359	-5.788544	3.187993	
47	2.687666	2.344287	0	-4.57962	6.026392	-5.316193	2.061647	
48	2.922102	2.578723	0	-4.345184	5.920283	-4.899139	1.240416	
49	3.15653	2.813151	0	-4.345184	5.58672	-4.799438	0.6344098	
50	3.15653	2.344287	0	-4.345184	5.323306	-4.650452	0.1976389	
51	2.922102	1.172129	0	-2.469727	5.34417	-4.735779	0.01077852	
52	1.515509	2.344287	0	-4.345184	5.015297	-4.875214	-0.1011353	
53	2.687666	2.344287	0	-4.345184	4.658022	-5.077026	-0.02798462	
54	3.156531	2.109858	0	-4.345184	4.486967	-5.193298	0.08655889	
55	2.922102	2.578723	0	-4.345184	4.508723	-5.221649	0.2161511	
56	3.156531	2.344287	0	-4.110748	4.419041	-5.227661	0.4314512	
57	2.922102	1.406558	0	-3.173035	4.506487	-5.270996	0.6813079	
58	1.984373	2.344287	0	-3.876343	4.606228	-5.401459	0.9443104	
59	2.922102	2.344287	0	-4.345184	4.543723	-5.485718	1.214343	
60	2.922102	2.578723	0	-4.57962	4.499308	-5.571472	1.301589	


Angle MV instances
Rotate	97.88367	2.813171	2.813171	2.344299	4.68866	10.78387	11.01828	18.28571	37.04025	17.5824	
ChildRotate	98.69589	2.109894	2.34433	2.109894	9.142822	6.329681	5.860809	12.89374	30.7106	29.304	
RotateInverse	
ChildRotateInverse	83.09792	3.047607	4.454201	8.439545	3.985352	11.25273	7.970688	21.80218	15.94138	3.750907	4.219782	2.578766	2.578766	
Docking x	5.084545	2.06576	3.299756	4.705101	4.677977	5.744572	6.949577	10.65519	16.16782	17.64799	9.692146	15.67442	17.77711	12.12087	8.604425	4.431019	3.822783	3.61653	3.020455	2.141892	2.065885	2.383416	
Docking y	139.1976	2.315613	4.341309	2.05629	3.151306	2.366806	2.794022	3.07695	2.515137	349.3839	42.75993	121.3272	11.42762	2.240082	2.124359	
Docking z	176.2511	3.492691	356.2108	3.576889	5.192062	325.4339	117.484	9.278555	2.764484	2.741165	3.937098	3.448408	2.16577	2.552303	2.817483	2.450318	
Total MV Amount	2451.099


Angle TRE instances
Rotate	24	
ChildRotate	29	
RotateInverse	1	
ChildRotateInverse	16	
Docking x	27	36	53	
Docking y	19	21	48	53	
Docking z	34	35	37	
Total TRE Count	13


Correct Angles	Rotate	ChildRotate	RotateInverse	ChildRotateInverse	Docking x	Docking y	Docking z
	-5.517864E-16	-3.424444E-33	0	5.517864E-16	0	0	0

Angle Error	Rotate	ChildRotate	RotateInverse	ChildRotateInverse	Docking x	Docking y	Docking z
	3.15653	2.578723	0	4.345184	4.555393	5.61676	1.501195

Time Taken	Hours	Minutes	Seconds	Milliseconds	Seconds float	Completion time
	0	0	3	587	3.586686	00h:00m:03s:587ms

Final Results	Tester Name	Time of Test	Dock Shape Style	Virtual Device Visible	Time Taken	Shape Precision %	Orientation Precision %	Overall Precision %	Efficiency %	Difficulty	Total MV	Total TRE	
	1	2018-11-05_17:44:22	ZEROING DATA	True	00h:00m:03s:587ms	98.59994	98.68186	98.27351	100	1.226192E-18	2451.099	13	
