
Angles Over Time
Frames	Rotate	ChildRotate	RotateInverse	ChildRotateInverse	Docking x	Docking y	Docking z	
0	-83.99237	-104.3223	0	111.993	9.948623	8.237173	-158.7838	
1	-86.80554	-101.978	0	108.9454	9.861755	7.960948	-158.7482	
2	-83.99237	-101.7435	0	108.9454	9.910104	7.629374	-158.7483	
3	-83.99237	-101.5091	0	109.1798	10.08387	7.776778	-158.8255	
4	-83.99237	-101.7435	0	108.9454	10.3164	7.337549	-158.7399	
5	-83.99237	-103.619	0	111.5241	10.52177	6.704147	-158.3757	
6	-86.57111	-102.6813	0	110.1176	10.69025	6.104377	-157.705	
7	-84.69565	-101.978	0	108.9454	10.75742	5.745254	-157.509	
8	-83.75793	-101.7435	0	109.1798	11.1429	5.514153	-156.9742	
9	-83.99237	-101.7435	0	108.9454	11.05095	5.079839	-157.2271	
10	-83.05463	-101.7435	0	109.1798	11.30806	5.144881	-157.2105	
11	-83.99237	-104.0879	0	112.2274	11.51849	5.011977	-157.0616	
12	-87.03998	-101.7435	0	110.1176	11.62892	4.119113	-157.3372	
13	-84.22678	-101.7435	0	108.711	11.80773	3.097487	-157.5516	
14	-83.99237	-101.0402	0	108.9454	11.86462	2.554492	-157.9948	
15	-83.28906	-100.8058	0	108.9454	11.78445	2.075154	-158.0326	
16	-83.05463	-101.5091	0	109.1798	11.86794	1.552347	-157.7988	
17	-83.99237	-103.8534	0	111.993	12.25555	1.328786	-157.2845	
18	-84.93008	-101.7435	0	108.9454	13.12447	0.826443	-155.4734	
19	-83.5235	-101.978	0	108.9454	13.84883	0.4683977	-152.2857	
20	-83.99237	-101.2747	0	109.1798	13.72949	-0.5420837	-150.8294	
21	-83.99237	-100.8058	0	109.4143	14.42815	-0.8749695	-147.967	
22	-83.99237	-101.0402	0	109.1798	17.29745	-0.3565979	-141.4585	
23	-83.75793	-102.6813	0	110.1176	20.34345	-0.2935791	-136.2509	
24	-83.28906	-101.7435	0	108.9454	22.71891	-1.053833	-126.771	
25	-77.89716	-101.0402	0	109.4143	23.24457	-2.405212	-117.9543	
26	-68.98874	-98.22705	0	116.9161	28.9952	-6.10907	-104.9904	
27	-61.01804	-57.67032	0	118.7915	36.50527	-4.684296	-86.10379	
28	-69.45761	-3.282104	0	123.0113	40.75883	1.992173	-60.86713	
29	-89.61874	-0.4689026	0	131.2164	37.47704	0.09648777	-51.33441	
30	-88.68103	0.9376819	0	130.7476	33.32603	4.330418	-39.91336	
31	-88.68103	1.406546	0	130.5132	33.08839	9.143544	-26.83694	
32	-87.50885	2.344268	0	130.5132	31.50207	14.73481	-17.0368	
33	-87.27441	-9.377319	0	130.5132	28.92689	16.83138	-14.0386	
34	-74.38068	-47.35532	0	131.6853	26.76442	15.35015	-18.18552	
35	-49.06201	-48.99634	0	130.2787	23.8853	10.88182	-20.26627	
36	-33.12064	-50.40292	0	127.7	21.48109	12.1997	-22.76547	
37	-24.44666	-51.34067	0	118.5571	19.8448	11.79032	-21.21167	
38	-23.27451	-53.68497	0	107.3044	20.69886	11.25173	-18.86246	
39	-22.80563	-60.24908	0	90.65972	21.65751	9.704227	-12.37466	
40	-26.55655	-58.60806	0	74.01505	21.16243	7.88967	-8.606934	
41	-23.97778	-58.13919	0	54.08832	20.05219	6.161325	-5.073669	
42	-18.35141	-60.48352	0	42.83559	19.60011	4.730115	-3.61499	
43	-8.974121	-67.04761	0	29.70739	19.35871	3.705474	-3.898865	
44	-2.878906	-69.39191	0	6.733057	18.05574	3.001713	2.698389	
45	-1.003448	-71.50183	0	2.513284	16.78114	2.177972	6.055989	
46	-4.9888	-70.32965	0	1.575555	18.62323	1.215824	5.480279	
47	-2.64447	-70.32965	0	14.00045	20.9891	0.3406751	4.292785	
48	-2.64447	-70.56409	0	14.70374	24.43946	0.2292913	5.112686	
49	-2.410034	-70.79852	0	2.982149	21.67317	-0.7273254	6.446561	
50	-2.64447	-73.14285	0	3.685442	19.88845	-1.526154	7.573192	
51	-6.395386	-71.50183	0	1.34112	20.07966	-4.40741	8.489222	
52	-4.285492	-67.75092	0	-0.2998962	20.63338	-8.080994	9.060061	
53	-2.175598	-55.09158	0	-0.2998962	19.14036	-11.69666	7.118028	
54	-0.7690125	-25.55316	0	-1.003204	16.89096	-15.90454	3.649996	
55	-0.06573486	0.4688068	0	0.1689622	14.82965	-18.74341	1.849501	
56	-2.175598	-5.391998	0	5.560899	14.32195	-19.32544	2.825909	
57	-6.629822	-1.641083	0	1.106691	13.12991	-19.70523	4.216034	
58	-1.237885	-0.2344971	0	-1.003204	13.15356	-17.0715	2.738633	
59	-1.003448	1.640964	0	-0.5343323	12.20663	-13.33017	1.04377	
60	0.1687101	1.640964	0	-0.06546021	10.44145	-10.9707	-1.986145	
61	-0.3001404	1.640964	0	-1.003204	8.404329	-7.367432	-3.561737	
62	0.1687101	-1.875519	0	2.04442	8.599721	-4.697723	-5.398071	
63	-3.347778	-5.7622E-05	0	-0.7687683	8.865121	-2.643036	-6.379852	
64	-1.237885	-5.7622E-05	0	-1.003204	8.710993	-1.987274	-6.614594	
65	-1.237885	0.4688068	0	-0.5343323	8.632198	-1.571777	-6.392883	
66	-1.237885	0.4688068	0	-0.5343323	8.188894	-1.938385	-5.779846	
67	-1.237885	-4.923126	0	2.044419	7.675366	-2.18634	-4.391602	
68	-5.223236	-2.344391	0	1.575555	7.198723	-3.097351	-2.700623	
69	-2.878906	-0.4689331	0	-0.7687683	6.318151	-4.909241	-0.7835999	
70	-1.237885	1.640964	0	-0.2998962	6.350955	-7.192657	2.026806	
71	0.1687101	1.406536	0	-0.06546021	5.789701	-8.423492	3.940362	
72	-0.06573486	-5.762538E-05	0	-1.003204	5.638644	-9.121796	4.56712	
73	-1.003448	-4.923126	0	3.919878	6.134837	-8.693695	4.288392	
74	-5.457642	-0.9377747	0	0.8722546	6.853223	-8.267578	4.076665	
75	-1.237885	-0.9377747	0	-0.7687683	7.142161	-7.345581	4.177891	
76	-1.237885	1.640964	0	-0.7687683	7.989725	-7.287567	3.942251	
77	0.6375741	0.2343705	0	-0.06546021	9.778404	-7.052277	3.509155	
78	-0.5345764	-0.7033691	0	-1.003204	10.8508	-6.641052	3.450248	
79	-1.003448	-5.391998	0	5.326463	11.8017	-6.104462	3.825263	
80	-6.395386	-5.841877E-05	0	0.1689622	12.42268	-5.607635	4.247978	
81	-1.706757	-5.841877E-05	0	0.1689622	12.49694	-5.411713	4.300066	
82	-1.941162	0.9376705	0	-0.7687683	12.71596	-5.084503	4.310127	
83	0.4031385	0.9376705	0	-0.7687683	12.51977	-5.095245	4.306161	
84	0.4031385	1.172099	0	0.1689622	12.43263	-5.02121	4.277313	
85	-0.3001404	-2.344391	0	1.575556	12.23823	-4.623566	4.204002	
86	-3.113342	-0.7033691	0	-0.7687683	12.11037	-4.348389	4.232902	
87	-1.237885	0.2343698	0	0.1689621	11.88297	-3.664368	4.320232	
88	-1.706757	-0.7033691	0	-0.7687683	11.7457	-3.426025	4.349276	
89	-1.237885	-0.7033691	0	-0.5343323	11.6745	-3.142212	4.180573	
90	-1.003448	-3.750977	0	3.685442	11.60526	-3.034149	4.167744	


Angle MV instances
Rotate	83.99237	2.813171	2.813171	2.578735	3.047607	2.813202	5.391907	8.908417	7.970703	8.439575	20.16113	12.89374	25.31866	15.94138	8.673981	3.750916	2.578766	5.626373	9.377289	6.095215	3.985352	2.34433	3.750916	2.109894	2.109894	2.109863	4.454224	5.391937	3.516489	2.109894	3.985352	2.34433	4.454193	4.219757	5.391937	4.688629	2.813202	
ChildRotate	104.3223	2.34433	2.34433	2.34433	2.344299	2.109863	2.813171	40.55673	54.38821	2.813202	11.72159	37.978	2.344299	6.564117	2.34433	6.564087	2.344299	2.109924	2.34433	3.750916	12.65933	29.53842	26.02197	5.860805	3.750916	5.391933	2.578735	4.923069	3.985352	4.688629	5.39194	3.047607	
RotateInverse	
ChildRotateInverse	111.993	3.047615	2.578751	3.047615	2.109894	2.813187	3.047615	7.501823	4.21978	8.205116	2.578743	9.142845	11.25273	16.64468	16.64468	19.92672	11.25274	13.12819	22.97433	4.219772	12.4249	11.7216	2.344322	5.391937	4.454209	4.923082	3.047623	6.329667	5.157501	4.219774	
Docking x	9.948623	2.869304	3.045998	2.375462	5.750637	7.510067	4.253555	3.281784	4.151012	2.575176	2.16247	2.879116	2.404211	2.365871	3.450365	2.766296	2.249397	2.061314	2.037125	
Docking y	8.237173	3.703857	6.676469	4.23393	4.813127	5.591266	2.096575	4.468329	2.881256	3.673584	3.615662	4.207886	2.838867	2.633728	3.741333	2.359467	3.603271	2.669708	2.054688	2.283417	
Docking z	158.7838	3.187714	2.862381	6.508545	5.20755	9.479904	8.816757	12.96384	18.88664	25.23666	9.532715	11.42105	13.07642	9.80014	2.998199	4.146912	2.08075	2.499207	2.349213	6.487793	3.767731	3.533264	3.3576	3.468032	
Total MV Amount	1512.57


Angle TRE instances
Rotate	45	51	52	57	58	68	69	74	75	80	81	
ChildRotate	29	33	55	56	57	79	80	
RotateInverse	1	
ChildRotateInverse	46	47	49	56	57	79	80	
Docking x	
Docking y	13	26	27	31	42	52	62	70	85	
Docking z	43	45	47	48	54	62	67	
Total TRE Count	41


Correct Angles	Rotate	ChildRotate	RotateInverse	ChildRotateInverse	Docking x	Docking y	Docking z
	-3.088107E-24	0	0	3.088107E-24	0	0	0

Angle Error	Rotate	ChildRotate	RotateInverse	ChildRotateInverse	Docking x	Docking y	Docking z
	5.223236	2.109955	0	1.575556	11.531	2.79126	4.165559

Time Taken	Hours	Minutes	Seconds	Milliseconds	Seconds float	Completion time
	0	0	5	351	5.351099	00h:00m:05s:351ms

Final Results	Tester Name	Time of Test	Dock Shape Style	Virtual Device Visible	Time Taken	Shape Precision %	Orientation Precision %	Overall Precision %	Efficiency %	Difficulty	Total MV	Total TRE	
	1	2018-11-05_17:37:27	ZEROING DATA	True	00h:00m:05s:351ms	98.76267	98.7117	97.82567	100	6.862459E-27	1512.57	41	
