
Angles Over Time
Frames	Rotate	ChildRotate	RotateInverse	ChildRotateInverse	Docking x	Docking y	Docking z	
0	-103.0846	-108.542	0	137.9115	87.68108	41.82984	51.3564	
1	-102.6157	-107.8387	0	138.6148	87.63927	42.09351	51.74831	
2	-102.1469	-107.6043	0	138.1459	87.38603	44.64806	54.84258	
3	-101.678	-107.6043	0	138.6148	86.9623	47.58675	58.58362	
4	-102.1469	-110.1831	0	139.0836	86.34194	35.40659	47.93423	
5	-103.5535	-109.0109	0	138.1459	83.65202	23.19198	39.11518	
6	-102.6157	-108.542	0	138.6148	80.20287	19.23153	41.14578	
7	-102.8502	-108.542	0	138.6148	76.95255	11.15174	39.2729	
8	-103.0846	-108.542	0	138.1459	72.98181	7.371098	43.58248	
9	-102.8502	-109.7142	0	140.4902	67.40939	2.440902	41.76072	
10	-105.1945	-92.36624	0	139.3181	63.22363	-3.097595	41.39861	
11	-103.5535	-75.25269	0	138.1459	59.17327	-7.609161	33.17012	
12	-102.6157	-73.8461	0	138.1459	56.15871	-8.836548	34.68184	
13	-101.4436	-73.8461	0	138.1459	55.7057	-5.824066	40.32423	
14	-101.4436	-71.97064	0	138.3803	56.98004	0.5323878	49.44138	
15	-101.678	-63.29666	0	139.5525	56.28735	1.47528	51.55996	
16	-103.5535	-34.93039	0	138.3803	52.36277	-0.9402771	47.34879	
17	-102.8502	-1.641052	0	138.3803	47.75064	-2.6521	42.95625	
18	-102.3813	-0.9377441	0	140.0214	43.89209	-4.172272	30.66437	
19	-89.25311	-0.2344666	0	140.0214	41.10358	-5.708649	15.93447	
20	-71.43628	-5.86084	0	142.1313	37.44078	-6.514069	-0.1824646	
21	-50.10297	-2.34433	0	141.1935	33.75838	-8.328583	-11.67633	
22	-41.66342	-0.4689026	0	132.754	31.07408	-8.267456	-19.32852	
23	-6.029755	0.7032735	0	102.9811	27.73716	-8.409729	-29.02176	
24	0.7687784	1.406566	0	70.16062	26.16684	-10.2019	-23.61542	
25	1.237643	-3.047638	0	12.49034	24.1188	-12.00076	-11.80127	
26	1.706507	-7.267426	0	8.973866	19.04943	-13.19888	-2.739777	
27	-2.982147	-6.095245	0	1.472042	14.25599	-13.97986	2.681437	
28	-0.4033813	-5.391968	0	1.70647	10.68847	-15.17383	4.231911	
29	-0.1689453	-3.985382	0	1.237614	8.068729	-15.95428	5.669274	
30	-0.1689453	-2.578766	0	1.472042	8.213311	-16.38458	7.508435	
31	-0.1689453	-8.439575	0	6.863979	8.675014	-15.89349	8.641764	
32	-5.326447	-5.626404	0	4.285229	8.536243	-14.05212	8.095831	
33	-2.513275	-3.750946	0	1.472042	7.482612	-12.04175	6.95897	
34	-0.1689453	-0.7033081	0	1.237614	8.66525	-10.08807	5.466623	
35	1.706507	-0.4689026	0	1.472042	8.819759	-8.898071	5.040693	
36	1.706507	-1.641052	0	2.409771	7.926348	-7.05368	4.610265	
37	-0.8722534	-9.846161	0	8.739436	7.488379	-5.97049	3.942656	
38	-6.967468	-1.641052	0	2.40977	6.980731	-4.69278	3.197881	
39	-1.106689	-1.406616	0	2.40977	6.656669	-2.874084	2.486734	
40	-0.8722534	-1.875488	0	2.175335	6.127701	-2.2742	1.971783	
41	1.472071	-0.9377441	0	1.237613	5.664944	-2.022888	1.712911	
42	2.175372	-1.406616	0	2.175335	5.428529	-1.663879	1.462509	
43	-0.8722534	-8.205139	0	8.036136	5.289094	-1.192078	1.221605	
44	-3.685425	-1.875488	0	1.472042	5.474051	-0.7915039	1.107831	
45	-0.1689453	-1.875488	0	1.472042	5.34206	0.06088115	1.140416	


Angle MV instances
Rotate	103.0846	2.34433	13.1282	17.81683	21.33331	8.439545	35.63367	6.798533	2.578766	5.157501	2.813171	2.34433	6.095215	5.860779	2.813171	3.516479	
ChildRotate	108.542	2.578751	17.34796	17.11356	8.673981	28.36627	33.28934	5.626373	3.51651	4.219788	5.860809	2.813171	3.047638	8.205109	8.205109	6.798523	6.329651	
RotateInverse	
ChildRotateInverse	137.9115	2.34433	2.109894	8.439545	29.77288	32.82048	57.67028	3.516479	7.501823	5.391937	2.57875	2.813187	6.329665	6.329666	5.860801	6.564094	
Docking x	87.68108	2.689926	3.44915	3.250313	3.970741	5.572426	4.185753	4.050358	3.014568	3.92458	4.612133	3.858547	2.788513	3.6628	3.682396	2.684301	3.33692	2.048042	5.069368	4.79344	3.567528	2.619736	
Docking y	41.82984	2.554554	2.93869	12.18016	12.21462	3.960451	8.079787	3.780641	4.930195	4.511566	3.012482	6.356454	2.010376	
Docking z	51.3564	3.094273	3.741035	10.64939	8.81905	2.030602	4.309578	8.228489	5.642391	9.117146	2.11858	4.211163	4.39254	12.29188	14.7299	16.11694	11.49387	7.652191	9.693237	5.406342	11.81415	9.061493	
Total MV Amount	1317.092


Angle TRE instances
Rotate	25	32	33	38	39	
ChildRotate	18	20	21	26	29	31	33	37	38	43	44	
RotateInverse	1	
ChildRotateInverse	28	31	32	37	38	43	44	
Docking x	
Docking y	10	11	14	19	38	
Docking z	26	29	36	
Total TRE Count	31


Correct Angles	Rotate	ChildRotate	RotateInverse	ChildRotateInverse	Docking x	Docking y	Docking z
	-7.861206E-12	-9.753112E-25	0	1.270494E-11	0	0	0

Angle Error	Rotate	ChildRotate	RotateInverse	ChildRotateInverse	Docking x	Docking y	Docking z
	0.1689453	2.667685E-05	0	1.70647	5.386827	0.4583998	1.264753

Time Taken	Hours	Minutes	Seconds	Milliseconds	Seconds float	Completion time
	0	0	2	709	2.709388	00h:00m:02s:709ms

Final Results	Tester Name	Time of Test	Dock Shape Style	Virtual Device Visible	Time Taken	Shape Precision %	Orientation Precision %	Overall Precision %	Efficiency %	Difficulty	Total MV	Total TRE	
	1	2018-11-05_17:36:26	ZEROING DATA	True	00h:00m:02s:709ms	99.73952	99.6809	99.28687	100	2.285128E-14	1317.092	31	
