
Angles Over Time
Frames	Rotate	ChildRotate	RotateInverse	ChildRotateInverse	Docking x	Docking y	Docking z	
0	-93.28839	-90.95969	0	89.33408	-5.188049	-128.8839	-87.24359	
1	-93.52283	-90.95969	0	89.09964	-5.306122	-128.9427	-87.33521	
2	-93.28839	-91.66296	0	90.50623	-5.624115	-128.9965	-88.14987	
3	-94.22614	-91.19412	0	92.61611	-5.688354	-128.8244	-92.00406	
4	-93.52283	-90.95969	0	97.53918	-5.659027	-126.2179	-101.2126	
5	-93.05396	-90.72525	0	98.00805	-8.601807	-125.721	-121.9234	
6	-78.28476	-91.19409	0	93.08498	-19.21103	-125.3085	-155.6444	
7	-57.65475	-91.19409	0	75.03371	-25.73773	-119.9306	-174.4187	
8	-53.20053	-94.71057	0	73.86155	-32.7998	-113.0404	177.028	
9	-53.20053	-96.82047	0	73.39268	-35.57294	-107.1786	178.7416	
10	-52.73169	-96.58606	0	73.15825	-35.98407	-99.79367	175.5469	
11	-54.37268	-96.82047	0	73.39268	-38.11523	-94.90509	165.9891	
12	-58.1236	-94.47617	0	73.15825	-41.53915	-89.01105	159.3783	
13	-67.03201	-87.67761	0	74.33041	-42.87775	-86.17117	154.8313	
14	-74.53384	-82.05127	0	75.03371	-46.7655	-80.09158	149.8069	
15	-81.80124	-81.81683	0	80.66007	-51.76764	-72.30231	142.7102	
16	-82.27011	-81.5824	0	80.66007	-54.19177	-61.28378	130.1346	
17	-82.03568	-81.34796	0	92.61611	-56.47647	-52.24216	120.6123	
18	-81.80124	-81.5824	0	97.07031	-55.52252	-41.55972	110.0594	
19	-81.80124	-81.34796	0	97.07031	-52.61963	-26.45023	84.10139	
20	-70.07965	-81.34796	0	97.07031	-48.93835	-13.52219	43.58585	
21	-40.30676	-81.34796	0	96.83588	-45.84494	-8.033356	8.163087	
22	-7.017426	-80.17581	0	99.1802	-43.38055	-7.135376	-3.834534	
23	-0.2189026	-75.48715	0	99.41463	-38.54172	-4.157867	-8.987823	
24	-0.4533386	-67.28204	0	99.64906	-35.72964	-2.90033	-10.84891	
25	-4.43869	-65.64102	0	74.56484	-30.50073	-4.519318	-6.745514	
26	-2.797638	-61.42123	0	23.92753	-24.70044	-6.102814	0.7361869	
27	-1.156616	-60.71796	0	3.297509	-22.54761	-5.75293	8.553416	
28	-0.2189026	-60.24908	0	-0.4533997	-18.44125	-3.826019	13.31824	
29	0.01552793	-56.96704	0	-0.6878357	-18.10422	-1.499542	11.71723	
30	-0.6877747	-52.74725	0	1.890924	-20.34839	-1.322449	8.475605	
31	-2.563232	-48.52747	0	-0.2189636	-20.78323	-2.64563	7.982422	
32	0.9532571	-45.24542	0	-0.9222717	-17.04327	-3.045349	6.866684	
33	0.7188286	-43.13556	0	-0.6878357	-15.00912	-2.795654	7.07775	
34	1.422122	-38.68134	0	-1.391113	-11.83188	-1.972961	6.933351	
35	1.890986	-37.04031	0	1.187623	-8.687927	-0.8354797	4.970428	
36	1.656557	-33.05496	0	5.876268	-5.52948	-0.7019958	1.482283	
37	0.01552815	-27.19418	0	4.469674	-5.450165	-0.9683533	3.849852	
38	1.187693	-6.095276	0	5.407403	-4.396057	-1.557922	2.544	
39	0.7188287	-0.4689331	0	5.172967	-2.443573	-1.464386	-2.446716	
40	0.9532571	0.4688067	0	4.938539	-1.724487	-1.001923	-1.837708	
41	1.422122	-1.172211	0	4.704103	-0.9519348	-0.6660156	-0.383606	
42	-0.2189026	-0.7033386	0	-0.2189636	-0.5444031	-0.342865	0.5646713	
43	0.4843926	0.2343707	0	-1.625549	-0.444397	-0.2670593	0.7277041	
44	1.422122	0.9376712	0	-1.391113	-0.3232727	-0.2644653	0.8049665	
45	1.890986	-5.757697E-05	0	-1.391113	-0.2260132	-0.2661133	0.9350542	
46	1.422122	0.2343708	0	-0.9222717	-0.131012	-0.2590027	1.013483	
47	1.187693	-4.454254	0	1.656487	0.1784244	-0.1457214	1.491697	
48	-0.9221802	-10.5495	0	0.01546582	0.9862762	0.3008533	3.521479	
49	0.9532574	-10.08063	0	-1.156677	1.010956	0.3403617	3.571069	
50	1.422122	-10.78394	0	-0.9222717	1.034907	0.3401738	3.519039	
51	0.9532573	-11.25281	0	-1.156677	1.121278	0.3287402	3.460175	
52	1.422122	-13.12823	0	-1.391113	1.19631	0.2438644	3.51609	
53	2.125422	-13.36267	0	0.01546598	1.24468	0.272048	3.488341	
54	0.9532571	-12.65939	0	-1.391113	1.255529	0.27366	3.508498	
55	2.125422	-12.65939	0	-1.156677	1.271002	0.2749977	3.513125	
56	1.890986	-12.89383	0	-1.156677	1.285672	0.2752459	3.492142	
57	1.890986	-13.12823	0	-1.156677	1.290296	0.2749636	3.476611	


Angle MV instances
Rotate	93.28839	14.7692	20.63	4.454224	3.750916	8.908417	7.501831	7.267395	11.72159	29.77289	33.28934	6.798523	3.985352	
ChildRotate	90.95969	3.516479	2.109894	2.344299	6.798553	5.626343	4.68866	8.205109	4.219788	3.282043	4.219788	4.219788	3.282043	2.109863	4.454224	3.985352	5.860779	21.09891	5.626343	4.688625	6.095245	
RotateInverse	
ChildRotateInverse	89.33408	2.109879	4.923073	4.923073	18.05127	5.626366	11.95604	4.454201	2.344315	25.08422	50.63731	20.63002	3.750909	4.688645	4.923067	
Docking x	5.188049	2.94278	10.60922	6.526703	7.062073	2.773132	2.131165	3.42392	3.887756	5.002136	2.424133	2.284698	2.902893	3.681274	3.093414	2.464386	4.838837	2.812073	5.228912	5.800293	2.152832	4.106354	2.244171	3.73996	2.034149	3.177246	3.143951	3.158447	
Docking y	128.8839	2.606445	5.37796	6.890198	5.861816	7.384888	4.88858	5.894043	2.839874	6.07959	7.789276	11.01852	9.041626	10.68243	15.1095	12.92804	5.488831	2.977509	2.326477	
Docking z	87.24359	3.854187	9.208588	20.71077	33.72096	18.77431	351.4467	3.194656	9.557846	6.610825	4.546921	5.02446	7.09671	12.57558	9.522255	10.55293	25.95803	40.51554	35.42276	11.99762	5.15329	4.103394	7.481701	7.817229	4.764826	3.241622	3.488146	2.367569	2.029782	
Total MV Amount	1807.854


Angle TRE instances
Rotate	24	
ChildRotate	40	48	
RotateInverse	1	
ChildRotateInverse	28	36	37	38	40	
Docking x	39	
Docking y	24	26	28	
Docking z	26	27	35	
Total TRE Count	15


Correct Angles	Rotate	ChildRotate	RotateInverse	ChildRotateInverse	Docking x	Docking y	Docking z
	-3.500264E-15	-1.377683E-31	0	3.500264E-15	0	0	0

Angle Error	Rotate	ChildRotate	RotateInverse	ChildRotateInverse	Docking x	Docking y	Docking z
	1.422122	14.76929	0	1.656488	1.304966	0.2752037	3.455629

Time Taken	Hours	Minutes	Seconds	Milliseconds	Seconds float	Completion time
	0	0	3	416	3.416072	00h:00m:03s:416ms

Final Results	Tester Name	Time of Test	Dock Shape Style	Virtual Device Visible	Time Taken	Shape Precision %	Orientation Precision %	Overall Precision %	Efficiency %	Difficulty	Total MV	Total TRE	
	1	2018-11-02_12:54:51	ZEROING DATA	True	00h:00m:03s:416ms	97.52113	99.3091	98.18383	100	7.778364E-18	1807.854	15	
