
Angles Over Time
Frames	Rotate	ChildRotate	RotateInverse	ChildRotateInverse	Docking x	Docking y	Docking z	
0	-26.65356	-100.1024	0	134.1668	-5.138428	-177.4352	-41.17325	
1	-27.59128	-100.3369	0	134.4012	-5.019592	-177.8917	-41.22623	
2	-26.65356	-100.5713	0	134.6356	-4.984406	-178.8587	-41.23676	
3	-26.65356	-100.3369	0	134.4012	-4.895844	-179.2099	-41.24084	
4	-26.65356	-100.3369	0	134.4012	-4.761444	-179.5361	-41.34409	
5	-26.65356	-100.1024	0	134.1668	-4.697815	-179.7741	-41.2908	
6	-27.59128	-100.3369	0	134.1668	-4.495239	-179.8205	-41.56961	
7	-27.12241	-100.5713	0	134.6356	-4.40686	-179.8832	-43.8595	
8	-26.65356	-100.5713	0	134.4012	-3.898621	-178.8937	-47.46198	
9	-16.33853	-100.3369	0	134.4012	-2.683533	-177.3134	-52.2027	
10	0.07169869	-100.5713	0	133.9323	-0.5865784	-175.6503	-52.62979	
11	0.07169869	-99.86801	0	133.6979	0.915219	-173.3774	-51.34796	
12	-0.3971558	-91.89734	0	127.6027	2.173368	-170.1952	-48.37671	
13	0.5405632	-62.59332	0	120.8041	2.564741	-167.8978	-46.22678	
14	1.478284	-4.688599	0	119.3975	2.154062	-166.997	-50.72263	
15	1.71272	5.15753	0	119.3975	3.663723	-161.9237	-55.53592	
16	1.478284	3.047644	0	119.1631	8.700432	-156.4507	-50.31143	
17	-0.3971558	5.15753	0	119.1631	12.85596	-150.8609	-46.37338	
18	1.478284	4.923102	0	119.3975	12.6452	-145.3687	-41.86563	
19	1.478284	5.391966	0	119.3975	14.07106	-137.5024	-38.32709	
20	2.181585	5.391966	0	119.3975	17.60843	-129.9132	-37.20166	
21	2.181585	5.626395	0	119.3975	17.58582	-129.0842	-31.5834	
22	1.947148	4.219802	0	119.1631	16.90224	-127.3736	-23.81009	
23	1.009427	-7.267365	0	119.1631	19.66242	-125.7507	-21.78369	
24	1.71272	-13.36261	0	113.7712	21.47534	-121.5171	-23.54059	
25	1.71272	-13.83145	0	89.15582	21.79336	-115.412	-22.34018	
26	1.243856	-13.83145	0	77.66866	21.47719	-109.3022	-18.64532	
27	1.478284	-14.53476	0	78.13752	20.14437	-103.0394	-18.06909	
28	0.5405626	-14.30032	0	70.87012	19.06167	-96.09399	-22.43619	
29	1.009427	-13.59702	0	-2.272675	18.09172	-90.61688	-24.90277	
30	1.71272	-13.83145	0	-2.038208	18.82628	-88.00629	-25.50302	
31	2.181584	-13.59702	0	-2.038208	19.10997	-86.47955	-23.33286	
32	2.181584	-13.59702	0	42.26942	20.575	-84.33179	-20.63226	
33	2.181584	-14.53476	0	21.87384	19.85579	-77.83014	-10.88696	
34	1.009427	-14.06589	0	7.33906	12.70743	-74.11478	-2.03244	
35	1.71272	-19.22339	0	-2.038208	7.789643	-71.61865	8.053717	
36	1.71272	-25.0842	0	-1.569366	13.19032	-68.72208	12.77246	
37	1.243856	-8.439514	0	-1.803802	21.79329	-63.74786	13.25805	
38	1.478284	-4.923035	0	-1.100494	30.52814	-58.60675	14.79799	
39	0.5405626	-1.406555	0	-1.33493	32.1142	-54.73804	17.75013	
40	1.009427	-0.4688416	0	-2.272644	24.39014	-58.73163	12.62616	
41	1.947148	-0.2344055	0	-1.803802	14.34392	-63.22125	13.26892	
42	-9.774445	3.252337E-05	0	-2.272644	12.30612	-65.62952	16.47345	
43	-14.4631	-0.4688416	0	-2.272644	7.642465	-66.44128	17.40508	
44	-14.93195	-3.282013	0	0.5405297	3.692835	-66.8616	17.12828	
45	-15.86969	-2.109863	0	-2.272644	1.740898	-67.15289	16.97573	
46	-15.86969	-2.109863	0	-1.803802	1.017415	-66.80548	15.54096	
47	-15.86969	-1.875427	0	-2.038208	0.7876096	-65.07214	15.69347	
48	-18.21399	-7.736237	0	-1.803802	0.7455434	-63.19443	15.7374	
49	-17.97958	-8.439514	0	-1.569366	1.323786	-61.50787	11.99561	
50	-17.97955	-13.59702	0	2.181551	1.712514	-60.14771	9.656957	
51	-14.4631	-21.56772	0	13.19985	2.629597	-57.67194	3.381173	
52	1.712724	-22.03656	0	12.96543	2.349111	-56.3269	1.351838	
53	1.712724	-22.03656	0	8.276783	2.229317	-55.89731	1.357214	
54	1.712724	-21.33328	0	4.760303	1.654307	-56.02472	1.743067	
55	2.416017	-21.80215	0	3.35371	1.557152	-56.47348	1.828684	
56	1.009432	-12.6593	0	-1.100494	1.453576	-56.31125	1.675892	
57	2.181589	-9.611664	0	-2.038208	1.37408	-56.35828	1.831436	
58	2.416017	-8.908386	0	-2.038208	1.328289	-55.85086	1.645495	
59	3.119318	-4.923035	0	-1.803802	1.27623	-55.77139	1.324347	
60	3.119318	-3.047577	0	-1.803802	1.147495	-55.26849	0.7552397	
61	2.884882	-5.157471	0	0.5405304	1.048466	-54.41336	0.5380635	
62	2.181589	0.2344625	0	-1.569366	0.9576265	-53.21851	0.2670687	
63	2.416017	3.516514	0	-1.803802	0.7301373	-51.70029	-2.307098	
64	2.416017	4.219807	0	-1.803802	0.6515417	-51.01968	-2.69104	
65	3.119318	3.985378	0	-1.569366	0.5826871	-50.54312	-2.805847	
66	2.884882	4.688671	0	-1.803802	0.5814705	-51.04404	-3.044159	
67	3.353746	3.282085	0	-0.6316223	0.6084231	-50.77673	-3.040833	
68	1.947153	3.985378	0	-1.569366	0.6626004	-49.35513	-2.644318	
69	2.884882	3.985378	0	-1.569366	0.6605337	-48.68839	-2.57843	
70	2.650453	3.985378	0	-2.038208	0.6536602	-48.10577	-2.625458	
71	2.650453	3.985378	0	-1.803802	0.5975301	-47.33032	-2.754639	
72	2.650453	2.578785	0	-0.1627808	0.619741	-46.70401	-2.665222	
73	1.478288	3.282085	0	-1.100494	0.6547009	-46.11032	-2.242981	
74	1.947152	3.985379	0	-1.569366	0.6628691	-44.77759	-1.416351	
75	2.416017	3.75095	0	-1.569366	0.6598645	-44.2063	-1.585358	
76	2.416017	3.75095	0	-2.038208	0.6580268	-43.5177	-1.59433	


Angle MV instances
Rotate	26.65356	10.31503	16.41023	11.72159	4.68866	2.344299	3.516449	16.17583	
ChildRotate	100.1024	7.970673	29.30402	57.90472	2.109886	2.109886	11.48717	6.095245	5.157501	5.860809	16.64468	3.516479	3.516479	2.813171	5.860809	5.157501	7.970703	9.142853	3.047638	3.985352	2.109894	5.391933	3.282051	
RotateInverse	
ChildRotateInverse	134.1668	6.09523	6.798523	5.391937	24.61536	11.48716	7.267395	73.1428	44.30763	20.39558	14.53478	9.377268	11.0183	4.688644	3.51648	4.454204	
Docking x	5.138428	2.096954	5.036709	4.155523	3.537366	2.760183	7.148355	4.917792	5.400672	8.602974	8.734846	7.724056	10.04622	2.037793	4.663659	3.94963	
Docking y	177.4352	2.272934	3.182205	2.297333	5.073288	5.473022	5.589859	5.492142	7.866287	7.589233	4.233536	6.105087	6.109879	6.262756	6.945404	5.477112	2.610596	2.147766	6.501648	3.715363	2.496124	2.896576	4.974213	5.141113	3.868713	3.993591	4.489624	2.408264	2.475769	
Docking z	41.17325	2.289886	3.602478	4.740723	2.971252	2.149933	4.49585	4.813293	5.224487	3.938049	4.507751	3.538544	5.618256	7.773315	2.026398	3.694855	4.367096	2.466583	2.170166	2.700592	9.7453	8.854523	10.08616	4.718739	2.95214	5.123965	3.204534	3.741797	2.338651	6.275784	2.029335	2.574167	
Total MV Amount	1340.61


Angle TRE instances
Rotate	11	42	52	
ChildRotate	16	17	18	19	22	23	38	48	59	61	62	
RotateInverse	1	
ChildRotateInverse	30	32	35	51	54	
Docking x	3	16	44	
Docking y	
Docking z	51	
Total TRE Count	23


Correct Angles	Rotate	ChildRotate	RotateInverse	ChildRotateInverse	Docking x	Docking y	Docking z
	0	-5.459459E-42	0	2.809302E-20	0	0	0

Angle Error	Rotate	ChildRotate	RotateInverse	ChildRotateInverse	Docking x	Docking y	Docking z
	2.650453	3.75095	0	1.569366	0.6404718	42.98352	1.617493

Time Taken	Hours	Minutes	Seconds	Milliseconds	Seconds float	Completion time
	0	0	4	542	4.542073	00h:00m:04s:542ms

Final Results	Tester Name	Time of Test	Dock Shape Style	Virtual Device Visible	Time Taken	Shape Precision %	Orientation Precision %	Overall Precision %	Efficiency %	Difficulty	Total MV	Total TRE	
	1	2018-11-02_12:49:55	ZEROING DATA	True	00h:00m:04s:542ms	98.89295	91.74055	95.7768	100	3.121447E-23	1340.61	23	
