
Angles Over Time
Frames	Rotate	ChildRotate	RotateInverse	ChildRotateInverse	Docking x	Docking y	Docking z	
0	-92.60983	-84.39551	0	142.76	-4.755768	-1.539581	-87.04947	
1	-92.14099	-84.86438	0	143.6977	-4.694916	-1.583618	-86.84769	
2	-92.60983	-84.86438	0	143.6977	-4.547455	-1.644562	-86.52515	
3	-92.60983	-84.86438	0	143.6977	-4.29007	-1.679504	-86.04324	
4	-92.84427	-85.09882	0	143.6977	-3.669922	-1.8237	-85.16196	
5	-92.84427	-85.09882	0	143.6977	-2.6409	-2.248138	-82.96729	
6	-92.84427	-84.62994	0	143.4633	-2.065216	-2.432953	-80.85278	
7	-92.3754	-84.86438	0	143.6977	-1.753204	-2.591919	-80.02142	
8	-92.60983	-84.86438	0	143.6977	-0.982666	-3.08255	-79.33655	
9	-92.60983	-83.45776	0	143.4633	0.3344577	-4.313568	-78.93073	
10	-92.60983	-77.12811	0	143.6977	2.168429	-5.048645	-77.20245	
11	-92.60983	-62.35889	0	142.9944	2.005802	-4.949615	-72.82297	
12	-92.14099	-38.44684	0	143.2289	2.857818	-4.366943	-67.64352	
13	-92.3754	-10.315	0	143.6977	5.829038	-1.743378	-60.95508	
14	-92.60983	1.641042	0	143.4633	12.23422	0.2508053	-52.90887	
15	-92.3754	1.641042	0	143.4633	12.8445	-0.4835815	-34.31003	
16	-92.60983	1.641042	0	143.4633	14.43138	-2.605408	-16.33481	
17	-92.84427	1.172178	0	143.2289	12.77804	-2.859344	-5.12738	
18	-92.3754	1.641042	0	143.6977	12.36003	-1.638367	2.449918	
19	-92.60983	1.406606	0	143.4633	11.49313	-2.05072	5.964706	
20	-90.03107	1.172178	0	143.4633	12.10683	-2.686859	6.207629	
21	-83.46698	1.406606	0	143.4633	13.45682	-2.936066	4.257871	
22	-69.6355	0.9377416	0	142.9944	14.62384	-4.172455	-1.896698	
23	-57.91391	0.4688773	0	143.2289	15.91697	-3.451416	-6.813782	
24	-39.6282	0.9377416	0	143.6977	15.0724	-1.666809	-11.30444	
25	-19.46704	1.172178	0	141.119	17.24249	0.04369756	-17.33307	
26	-7.511017	1.172178	0	131.5073	16.66939	-1.292114	-18.75586	
27	-1.415802	1.172178	0	113.456	14.85415	-2.517914	-18.63837	
28	-1.181366	0.9377416	0	81.33883	14.24918	-2.965424	-14.47528	
29	-1.884644	1.406606	0	72.66485	11.86651	-3.740753	-11.49286	
30	-1.650208	1.172178	0	53.44141	11.35132	-2.189331	-4.627197	
31	-2.11908	-12.89374	0	25.30958	11.21488	-0.5306396	4.359451	
32	-2.11908	-14.7692	0	-0.009063721	8.35933	-0.6679077	10.31951	
33	-1.884644	-15.23807	0	18.04218	10.59688	1.031862	14.89894	
34	-9.855347	-15.00363	0	20.38651	15.31304	3.119321	20.8194	
35	-20.40479	-15.00363	0	16.16673	13.58821	1.988694	23.3122	
36	-22.28024	-14.7692	0	15.9323	14.77453	1.141559	18.19978	
37	-21.81137	-15.00363	0	17.10445	16.06031	0.7799093	15.63521	
38	-17.12274	-15.00363	0	16.40116	15.42814	0.5068496	14.21684	
39	-15.24728	-15.4725	0	24.84071	13.37928	-0.2958069	12.76883	
40	-12.66852	-15.00363	0	26.24731	11.65752	-1.266571	9.921549	
41	-8.44873	-15.00363	0	26.24731	9.113758	-1.953644	7.948176	
42	-6.104431	-15.00363	0	26.01287	7.145853	-2.425446	6.777675	
43	-4.697815	-15.00363	0	26.01287	4.40612	-2.673309	6.188616	
44	-4.932251	-14.7692	0	24.84072	2.8111	-2.827087	6.404468	
45	-4.932251	-14.7692	0	5.617286	2.45712	-2.850464	6.542308	
46	-4.932251	-14.30032	0	-0.2434998	1.864042	-2.943359	6.4992	
47	-4.697815	-14.30032	0	-0.009063721	1.422329	-3.126251	6.611114	
48	-4.697815	-14.30032	0	-0.009063721	1.027502	-3.016266	6.583845	
49	-4.697815	-14.30032	0	-0.009063721	0.9091159	-3.01651	6.489256	
50	-4.932251	-13.36261	0	0.6942139	0.7745847	-2.930603	6.35179	
51	-5.166687	-12.6593	0	0.4597856	0.7551536	-2.707703	6.249469	
52	-4.228973	-12.4249	0	-0.2434998	0.4400105	-1.832855	6.102431	
53	-3.291229	-12.4249	0	-0.009063721	0.2464134	-1.3703	5.910698	
54	-2.587952	-9.142822	0	-0.009063721	0.1547953	-1.389679	5.840747	
55	-2.353516	-3.985321	0	-0.009063721	0.05103127	-1.607635	5.7588	
56	-2.353516	-3.516479	0	0.9286498	0.06984793	-1.673004	5.688401	
57	-2.822388	-2.813171	0	-0.009063721	-0.0184021	-1.740906	5.63642	
58	-2.587952	-3.282043	0	-0.009063721	0.05373099	-1.718018	5.615552	
59	-2.587952	-3.282043	0	-0.009063721	0.03004952	-1.720703	5.606167	
60	-2.353516	-3.047607	0	-0.009063721	0.02336646	-1.722137	5.581474	
61	-2.353516	-3.047607	0	-0.2434998	0.01668277	-1.723572	5.556781	
62	-2.353516	-3.282043	0	0.4597855	0.00999861	-1.725006	5.532086	
63	-2.822388	-3.047607	0	-0.2434998	0.003313662	-1.72641	5.507394	
64	-2.353516	-3.047607	0	-0.009094238	0.004220837	-1.726837	5.49122	
65	-2.587952	-3.282043	0	-0.009094238	-0.001450528	-1.73584	5.466731	
66	-2.353516	-3.047607	0	0.2253494	-0.009033203	-1.736877	5.458213	
67	-2.587952	-3.985321	0	0.6942137	-0.008148193	-1.737274	5.442037	


Angle MV instances
Rotate	92.60983	2.578766	6.564087	13.83148	11.72159	18.28571	20.16116	11.95602	6.095215	7.970703	10.54944	4.688629	2.578766	4.219788	2.344299	
ChildRotate	84.39551	6.329651	14.76923	23.91205	28.13184	11.95605	14.06592	3.282074	5.157501	
RotateInverse	
ChildRotateInverse	142.76	2.578751	9.61171	18.05125	32.11718	8.673981	19.22343	28.13183	25.31864	18.05125	2.344322	4.21978	8.43955	19.22343	5.860786	
Docking x	4.755768	2.971219	6.405178	2.170089	2.382674	2.855549	2.237549	4.71616	2.048864	2.543761	2.739733	
Docking y	2.623566	2.121826	2.087459	
Docking z	87.04947	2.194672	2.114502	4.379486	5.179443	6.688446	8.046204	18.59885	17.97522	11.20743	7.577299	3.514788	6.154569	4.917084	4.490662	6.028625	4.163086	2.982422	6.865662	5.960058	4.579427	5.920468	2.4928	5.112425	2.564565	2.847285	
Total MV Amount	1035.026


Angle TRE instances
Rotate	28	34	43	51	52	
ChildRotate	15	31	55	
RotateInverse	1	
ChildRotateInverse	46	
Docking x	1	13	43	
Docking y	1	10	11	
Docking z	21	23	30	32	
Total TRE Count	17


Correct Angles	Rotate	ChildRotate	RotateInverse	ChildRotateInverse	Docking x	Docking y	Docking z
	-5.410988E-18	-3.312631E-37	0	8.597361E-18	0	0	0

Angle Error	Rotate	ChildRotate	RotateInverse	ChildRotateInverse	Docking x	Docking y	Docking z
	3.291229	3.282043	0	0.009094238	0.007232666	1.737671	5.425861

Time Taken	Hours	Minutes	Seconds	Milliseconds	Seconds float	Completion time
	0	0	4	6	4.005704	00h:00m:04s:006ms

Final Results	Tester Name	Time of Test	Dock Shape Style	Virtual Device Visible	Time Taken	Shape Precision %	Orientation Precision %	Overall Precision %	Efficiency %	Difficulty	Total MV	Total TRE	
	1	2018-11-02_12:59:44	ZEROING DATA	True	00h:00m:04s:006ms	99.08578	98.67342	98.90848	100	1.556483E-20	1035.026	17	
