
Angles Over Time
Frames	Rotate	ChildRotate	RotateInverse	ChildRotateInverse	Docking x	Docking y	Docking z	
0	-36.53323	-25.78754	0	100.844	2.541666	-3.430054	0.7984185	
1	-36.53323	-25.5531	0	101.0784	2.544429	-3.453278	0.8496962	
2	-36.53323	-25.78754	0	100.844	2.532169	-3.335266	0.8551402	
3	-36.53323	-25.78754	0	100.844	2.534594	-3.285889	0.8138428	
4	-36.53323	-26.02194	0	100.3751	2.534162	-3.260315	0.8138058	
5	-36.76764	-26.02194	0	100.844	2.539865	-3.112457	0.7824734	
6	-36.53323	-26.02194	0	100.844	2.508747	-3.113434	0.77353	
7	-36.53323	-29.53845	0	100.844	2.470468	-3.002563	0.7542983	
8	-36.53323	-32.8205	0	100.844	2.388875	-2.955353	0.7986465	
9	-34.42334	-39.38458	0	100.1407	2.340062	-2.808441	0.6665993	
10	-31.14127	-46.41754	0	100.6096	2.26737	-2.794678	0.6540532	
11	-28.79697	-52.04391	0	100.6096	2.290517	-2.770935	0.601694	
12	-28.79697	-62.35892	0	100.844	1.847467	-3.191833	0.7612806	
13	-24.34274	-71.0329	0	92.40443	0.8983547	-3.537109	0.7463954	
14	-21.99844	-72.43951	0	80.68283	1.556741	-3.612946	0.7475223	
15	-21.52957	-71.73621	0	71.07112	2.233768	-3.371918	0.6016059	
16	-21.52957	-71.97064	0	59.58395	1.564479	-2.596741	0.6184219	
17	-18.24753	-71.97064	0	26.9979	0.2388471	-1.811523	0.6413534	
18	-13.09003	-71.97064	0	2.616972	-0.1471252	-1.526672	0.5794917	
19	-7.932526	-71.97064	0	2.616972	0.9940966	-0.9609985	0.4096632	
20	-6.525909	-71.0329	0	11.75983	1.501816	-1.885193	0.4692743	
21	-2.306152	-63.53107	0	7.774483	0.267329	-2.475769	1.11667	
22	-1.368408	-54.85709	0	9.415504	0.948772	-2.643646	0.7350106	
23	-0.8995667	-46.18311	0	8.712212	0.7821754	-3.099579	0.8519665	
24	-0.6651306	-37.50912	0	7.30562	1.322979	-3.697205	0.6568758	
25	-1.133972	-28.36627	0	6.602321	2.205104	-4.21402	0.365528	
26	-1.133972	-2.578766	0	7.54005	2.284286	-4.652618	0.2860834	
27	-2.306152	-0.4688721	0	7.54005	1.780192	-4.73291	0.3511567	
28	-0.8995667	-0.234436	0	6.367893	1.695324	-4.205414	0.3511516	
29	-1.133972	-0.234436	0	4.726871	1.475113	-3.838715	0.3636886	
30	-0.6651306	0.4688555	0	-0.1961975	0.9726632	-3.243256	0.1070588	
31	0.2726111	-8.911188E-06	0	-0.1961975	0.9217349	-2.926086	0.08891161	
32	0.5070395	-0.4688721	0	0.5070906	0.8957654	-2.51181	0.06783459	
33	-0.4306946	-8.911188E-06	0	-0.1961975	0.9113128	-2.511475	0.07238121	
34	-0.1962585	-8.911188E-06	0	0.03822614	0.9314014	-2.511566	0.06137371	
35	-0.1962585	-8.911188E-06	0	-0.1961975	0.8969614	-2.215118	0.04755164	
36	0.2726111	-8.911188E-06	0	-0.4306335	0.8880784	-1.938538	0.03316509	
37	0.03817505	-0.9377441	0	1.913684	0.8683832	-1.585083	0.0229038	
38	-1.133972	-0.234436	0	1.210384	0.7416887	-1.222198	0.03047511	
39	-0.4306946	0.4688556	0	-0.1961975	0.6593774	-0.7513733	0.02407237	
40	0.5070396	0.4688556	0	-0.4306335	0.6554702	-0.4192505	-0.007659912	
41	0.5070396	0.4688556	0	-0.1961975	0.6529252	-0.1631775	-0.01239014	
42	0.7414756	0.2344195	0	-0.1961975	0.6442215	0.1389089	-0.02798462	


Angle MV instances
Rotate	36.53323	2.109894	3.282074	2.344299	4.454224	2.344299	3.282043	5.157501	5.157501	4.219757	
ChildRotate	25.78754	3.51651	3.282043	6.564087	7.032959	5.626373	10.315	8.673981	7.501831	8.673981	8.673981	8.673981	9.142853	25.78751	2.109894	
RotateInverse	
ChildRotateInverse	100.844	8.43956	11.7216	9.61171	11.48717	32.58605	24.38093	9.142855	3.985344	4.923068	
Docking x	2.541666	
Docking y	3.430054	
Docking z	
Total MV Amount	433.3413


Angle TRE instances
Rotate	22	
ChildRotate	27	
RotateInverse	1	
ChildRotateInverse	19	20	29	
Docking x	1	
Docking y	1	
Docking z	1	
Total TRE Count	5


Correct Angles	Rotate	ChildRotate	RotateInverse	ChildRotateInverse	Docking x	Docking y	Docking z
	-1.648598E-11	-9.067394E-24	0	4.891628E-11	0	0	0

Angle Error	Rotate	ChildRotate	RotateInverse	ChildRotateInverse	Docking x	Docking y	Docking z
	0.5070396	0.4688721	0	0.7415267	0.6346055	0.6097361	0.04699707

Time Taken	Hours	Minutes	Seconds	Milliseconds	Seconds float	Completion time
	0	0	2	533	2.532622	00h:00m:02s:533ms

Final Results	Tester Name	Time of Test	Dock Shape Style	Virtual Device Visible	Time Taken	Shape Precision %	Orientation Precision %	Overall Precision %	Efficiency %	Difficulty	Total MV	Total TRE	
	1	2018-11-22_12:20:20	ZEROING DATA	True	00h:00m:02s:533ms	99.76147	99.87838	99.76121	100	7.266918E-14	433.3413	5	
