
Angles Over Time
Frames	Rotate	ChildRotate	RotateInverse	ChildRotateInverse	Docking x	Docking y	Docking z	
0	-0.4447327	-144.4101	0	146.0753	40.18562	60.70366	49.0563	
1	-0.6791687	-144.4101	0	146.0753	40.23402	60.6466	49.07552	
2	-0.9136047	-144.4101	0	146.0753	40.08021	60.1881	48.939	
3	-0.6791687	-141.1281	0	145.372	40.01828	60.48157	49.12598	
4	-1.382477	-143.238	0	145.372	39.97639	60.46084	49.39235	
5	-0.9136047	-144.4101	0	146.0753	39.78918	59.58217	48.74459	
6	-0.6791687	-143.9413	0	146.3097	39.25233	58.13538	47.54747	
7	-0.4447327	-144.6446	0	146.3097	37.75775	55.11737	44.37606	
8	-0.2103271	-144.1757	0	146.3097	35.41188	50.16201	38.62734	
9	-0.4447327	-141.1281	0	143.731	33.6039	46.35698	36.67097	
10	-1.851349	-141.5969	0	146.0753	31.62034	43.41516	34.33427	
11	-0.4447327	-123.7801	0	146.0753	30.94958	41.6004	31.20905	
12	-0.6791687	-96.82043	0	145.8409	28.65396	38.64331	23.51564	
13	0.2585492	-72.43951	0	130.1339	26.58559	35.72294	17.77685	
14	0.4929853	-62.59335	0	116.5369	26.15433	32.81658	14.50466	
15	0.4929853	-58.37357	0	100.1266	24.15206	28.80381	10.61516	
16	-0.4447327	-57.43585	0	83.95081	23.29254	25.57872	8.549111	
17	0.2585492	-52.27835	0	72.46365	22.35765	24.05868	7.631545	
18	0.02412083	-39.15015	0	67.30614	17.39921	22.49677	-0.06607056	
19	0.02412083	-35.63367	0	15.0278	14.37724	21.10612	-0.7351379	
20	0.02412083	-30.7106	0	24.63951	11.90552	19.84808	3.679798	
21	-3.492371	-27.89743	0	0.9618859	9.10472	19.59286	10.87751	
22	-8.649872	-26.25638	0	0.2585854	9.590041	19.11675	11.09268	
23	-9.353149	-21.80219	0	0.02415704	9.04133	18.0846	9.724954	
24	-11.22861	-20.16116	0	-0.2102661	7.820981	17.70325	10.07165	
25	-15.91727	-14.06592	0	0.02415704	7.781516	17.20073	13.09104	
26	-29.27988	-11.95602	0	0.9618859	7.403889	15.73825	15.57425	
27	-34.20294	-11.72162	0	0.02415702	5.296095	14.25294	12.00986	
28	-34.20294	-11.48718	0	0.2585854	5.891223	13.25356	10.32114	
29	-33.03079	-11.72162	0	9.870296	4.739357	12.82777	7.216203	
30	-24.82568	-11.72162	0	13.85564	2.381672	11.33162	2.268772	
31	-16.62054	-12.19049	0	17.13769	2.245364	10.41149	0.1854813	
32	-14.27625	-15.70694	0	15.7311	2.360735	10.22526	-0.3717041	
33	-8.649872	-22.27106	0	14.79337	2.339194	9.924536	-0.3192444	
34	-0.6791687	-22.27106	0	9.635871	-0.5046692	9.94722	0.426956	
35	-0.4447327	-14.76923	0	0.2585888	0.3516577	9.96087	0.4837897	
36	0.2585468	-6.329681	0	-0.2102661	0.004335656	10.14132	0.1382164	
37	0.2585468	-6.868922E-06	0	1.665182	-0.04525757	10.26395	0.09786721	
38	-0.6791687	3.047608	0	0.493025	-0.5446167	10.33711	0.08108212	
39	-0.4447327	3.047608	0	0.02416059	-0.171936	10.10127	-0.04998779	
40	-0.2103271	3.282037	0	0.02416059	0.4419363	8.053696	-0.01123047	
41	0.2585468	3.282037	0	0.493025	0.3297036	6.34525	0.01079049	
42	0.2585468	3.516473	0	0.02416059	-0.5878906	6.851931	0.1388526	
43	0.4929828	3.047608	0	0.9618894	-0.7054443	6.526391	0.1271871	
44	-0.4447327	3.282037	0	0.02416055	-0.7008057	6.259519	0.1593494	
45	0.0241183	3.282037	0	0.02416055	-0.7007751	5.960379	0.1412515	
46	0.2585467	3.282037	0	-0.2102661	-0.6613464	5.887474	0.1184908	
47	0.02411831	3.282037	0	0.02416055	-0.6193237	5.795543	0.121707	
48	0.02411831	2.344308	0	1.665182	-0.4664001	5.796597	0.1061173	
49	-1.148041	2.813172	0	0.9618894	-0.660614	5.795185	0.1207679	
50	-0.6791687	3.750901	0	0.2585889	-0.6886902	5.794661	0.09788148	
51	0.02411809	3.750901	0	0.02416056	-0.7142029	5.794486	0.1004804	
52	0.4929825	3.516473	0	0.2585889	-0.7045288	5.794488	0.09434375	
53	0.02411811	3.750901	0	0.02416054	-0.7106628	5.794318	0.08466943	
54	0.4929825	2.813172	0	1.430746	-0.7071228	5.79415	0.06885856	
55	-0.6791687	3.985338	0	0.493025	-0.6816101	5.794319	0.06625982	
56	0.2585464	3.282037	0	0.02416064	-0.662262	5.794314	0.0539869	
57	0.02411804	3.282037	0	0.02416064	-0.662262	5.794314	0.0539869	
58	0.2585464	3.516473	0	0.258589	-0.6367798	5.794478	0.05138833	
59	-0.2103271	1.875444	0	2.602911	-0.6174316	5.794466	0.03911562	
60	-1.616913	3.516473	0	0.02416083	-0.6077576	5.794458	0.03297932	
61	0.02411796	3.282037	0	-0.2102661	-0.6077576	5.794458	0.03297932	
62	0.02411796	3.282037	0	0.02416083	-0.6235657	5.794291	0.02944135	
63	0.2585464	3.282037	0	0.2585892	-0.6393738	5.794126	0.0259034	
64	-0.2103271	2.344308	0	0.9618897	-0.6393738	5.794126	0.0259034	


Angle MV instances
Rotate	3.516491	5.157501	4.68866	13.36261	4.923065	8.205109	8.205139	2.344299	5.626373	7.970703	
ChildRotate	144.4101	3.282028	2.109894	3.047623	17.81683	26.95967	24.38092	9.846161	4.219788	5.157501	13.1282	3.516479	4.923065	2.813171	4.454193	6.095245	2.109894	3.516449	6.564117	7.501831	8.439545	6.329675	3.047615	
RotateInverse	
ChildRotateInverse	146.0753	2.578751	2.34433	15.70695	13.59705	16.41025	16.1758	11.48716	5.157516	52.27834	9.61171	23.67763	9.611711	3.985345	3.282051	5.157499	9.377282	2.344322	2.57875	
Docking x	40.18562	2.345875	2.295614	2.068367	2.00227	4.958447	3.021965	2.471725	2.800796	2.107794	2.357685	
Docking y	60.70366	3.018005	4.955368	3.805023	2.941818	2.957096	2.920364	2.906361	4.012768	3.225098	2.047571	
Docking z	49.0563	3.171417	5.748718	2.336693	3.125227	7.693407	5.738787	3.272194	3.889503	2.066045	7.697615	4.414936	7.197713	3.019383	2.48321	3.564386	3.104934	4.947431	2.08329	
Total MV Amount	1013.828


Angle TRE instances
Rotate	1	22	34	
ChildRotate	38	
RotateInverse	1	
ChildRotateInverse	22	29	35	
Docking x	30	
Docking y	
Docking z	19	21	30	
Total TRE Count	10


Correct Angles	Rotate	ChildRotate	RotateInverse	ChildRotateInverse	Docking x	Docking y	Docking z
	0	-2.881212E-35	0	6.548595E-17	0	0	0

Angle Error	Rotate	ChildRotate	RotateInverse	ChildRotateInverse	Docking x	Docking y	Docking z
	1.382477	3.282037	0	0.4930254	0.6393738	5.794126	0.0259034

Time Taken	Hours	Minutes	Seconds	Milliseconds	Seconds float	Completion time
	0	0	3	831	3.831312	00h:00m:03s:831ms

Final Results	Tester Name	Time of Test	Dock Shape Style	Virtual Device Visible	Time Taken	Shape Precision %	Orientation Precision %	Overall Precision %	Efficiency %	Difficulty	Total MV	Total TRE	
	1	2018-11-22_12:18:03	ZEROING DATA	True	00h:00m:03s:831ms	99.28368	98.92222	99.07802	100	7.276217E-20	1013.828	10	
