
Angles Over Time
Frames	Rotate	ChildRotate	RotateInverse	ChildRotateInverse	Docking x	Docking y	Docking z	
0	-99.33594	-134.7984	0	100.6347	2.830463	-84.1698	1.826797	
1	-99.1015	-135.7362	0	100.6347	2.968175	-84.16449	1.821264	
2	-99.33594	-135.7362	0	100.6347	3.142364	-84.28403	1.719633	
3	-99.57037	-135.2673	0	100.6347	3.306817	-84.36786	1.701016	
4	-99.57037	-135.5017	0	100.6347	3.367286	-84.36444	1.735682	
5	-99.33594	-133.6263	0	100.4002	3.399483	-84.35605	1.73256	
6	-98.39819	-135.5017	0	100.6347	3.4289	-84.38605	1.76959	
7	-99.33594	-135.5017	0	100.6347	3.519752	-84.35406	1.87525	
8	-99.57037	-136.4395	0	100.6347	3.644536	-84.35461	1.976603	
9	-99.80478	-136.4395	0	100.6347	3.533768	-84.36682	2.240226	
10	-99.57037	-136.4395	0	100.6347	3.347775	-84.14993	2.916156	
11	-99.80478	-134.7984	0	100.6347	3.010516	-84.28754	3.533783	
12	-99.1015	-135.5017	0	100.6347	2.624307	-85.08856	4.358998	
13	-99.57034	-135.7362	0	100.6347	2.504552	-86.33502	5.342388	
14	-99.57034	-135.2673	0	99.46249	2.583452	-87.18338	7.381627	
15	-99.57034	-135.7362	0	98.29034	2.608174	-86.79102	6.753665	
16	-99.33591	-133.8607	0	83.75555	2.647817	-83.55859	3.077356	
17	-98.16376	-134.7984	0	49.52848	2.326885	-78.10498	8.127955	
18	-99.1015	-135.7362	0	7.565143	2.370999	-73.40594	17.77197	
19	-99.57034	-136.4395	0	24.67869	2.359358	-72.7001	17.76627	
20	-99.80478	-136.4395	0	24.91311	2.195386	-69.86249	13.88926	
21	-99.80478	-136.4395	0	25.14755	1.98946	-66.92191	11.04453	
22	-99.80478	-134.564	0	31.71164	2.565011	-64.30438	7.563708	
23	-98.86707	-135.0329	0	34.75926	3.539882	-62.89673	2.947	
24	-99.33594	-135.5017	0	29.36732	2.816807	-61.87161	7.41638	
25	-92.77182	-135.7362	0	31.47721	-0.3863525	-56.3501	13.60843	
26	-77.06488	-135.5017	0	32.64937	-1.305054	-51.15976	11.88638	
27	-62.29565	-133.6263	0	34.99369	-0.5421753	-46.02509	7.72605	
28	-33.92938	-134.564	0	31.71164	0.004392025	-38.40451	2.171213	
29	-18.92575	-135.2673	0	33.35266	0.8263191	-35.77106	-2.39386	
30	-14.9404	-135.5017	0	33.11823	-1.018738	-32.8187	-2.087128	
31	-13.53381	-135.9706	0	34.99369	-0.3390198	-30.53409	0.7991434	
32	-13.29938	-135.5017	0	34.99369	-0.2074585	-30.08472	1.365605	
33	-13.53381	-133.3918	0	35.93142	-0.02667236	-30.24747	1.742183	
34	-14.47153	-120.0292	0	34.52482	-0.2408142	-30.71255	1.325636	
35	-2.984375	-97.52374	0	34.99369	-0.5982666	-27.78967	0.5355458	
36	-2.984375	-84.16113	0	35.46255	-0.6355591	-26.27783	0.5879449	
37	-2.749939	-78.06589	0	35.22812	-0.6779175	-26.2045	1.132931	
38	-1.577759	-62.35895	0	36.63471	-0.6850281	-25.21277	1.678956	
39	-2.515503	-42.19778	0	35.93142	-0.8781738	-22.87253	1.212661	
40	-1.108917	-33.05493	0	34.99369	-1.033417	-20.40414	1.042862	
41	-0.6400452	-32.58609	0	34.2904	-0.9888916	-18.39188	0.9666538	
42	0.2976785	-25.78754	0	23.50652	-1.02005	-17.38116	0.9279447	
43	0.5321144	-15.2381	0	0.7666162	-0.8628845	-16.21582	0.8386987	
44	1.704272	-14.30038	0	2.407645	-0.9537354	-13.87891	0.6890258	
45	-0.4056091	-11.01834	0	0.5321878	-1.023621	-11.26956	0.5936831	
46	0.7665428	-6.329681	0	1.235481	-1.026794	-9.2659	0.5018658	
47	0.2976784	-3.047638	0	0.5321878	-0.875824	-7.751007	0.3462281	
48	1.000979	-2.813202	0	0.7666162	-0.8188477	-7.373566	0.2863142	
49	1.000979	-2.813202	0	1.001052	-0.7775574	-6.604492	0.1477192	
50	0.2976784	-3.51651	0	2.17321	-0.8353271	-4.72168	0.07708032	
51	-0.4056091	-2.813202	0	0.7666162	-0.8197327	-1.043884	-0.02874756	
52	0.7665428	-2.109924	0	0.7666162	-0.844635	5.083397	-0.2832336	
53	1.469843	-3.282074	0	0.5321878	-0.8494568	10.74036	-0.478241	
54	1.704272	-2.578766	0	1.001052	-0.7653198	8.361511	-0.4469299	
55	0.7665428	-4.923096	0	4.283103	-0.9910278	5.257677	-0.2616272	
56	-1.577759	-3.51651	0	1.704345	-1.035461	2.859214	-0.1215515	
57	0.7665428	-2.813202	0	0.7666165	-1.006866	0.3040232	0.003881974	
58	1.000979	-3.047638	0	0.532188	-1.027557	-1.018524	0.05034396	
59	1.704272	-2.109924	0	1.001052	-1.03949	-0.6133728	0.03892719	
60	1.235407	-2.109924	0	0.7666165	-1.097321	0.1760616	0.02164789	
61	1.704272	-3.51651	0	2.407646	-1.135223	0.7900479	-0.01647949	
62	-0.1711731	-3.047638	0	0.5321879	-1.070374	0.9387141	-0.05392456	
63	1.000979	-2.813202	0	0.5321879	-0.9796448	0.9385357	-0.06695557	
64	1.000979	-2.813202	0	0.5321879	-0.9488831	0.9267718	-0.09414673	
65	1.000979	-2.578766	0	0.7666163	-0.9067993	0.9263065	-0.1233521	
66	1.000979	-4.454224	0	4.048668	-0.8744202	0.9146926	-0.1391907	


Angle MV instances
Rotate	99.33594	6.564117	15.70694	14.76923	28.36627	15.00363	3.985352	11.48715	
ChildRotate	134.7984	2.109909	13.36263	22.50546	13.36261	6.095245	15.70694	20.16116	9.142853	6.798553	10.54944	3.282043	4.68866	3.282043	2.34433	
RotateInverse	
ChildRotateInverse	100.6347	14.53478	34.22708	41.96333	17.11354	6.564091	3.047619	5.391941	2.10989	2.344315	3.282047	10.78388	22.7399	3.282051	2.578758	3.282052	
Docking x	2.830463	3.20316	
Docking y	84.1698	3.232422	5.453613	4.699036	2.837616	2.940582	2.617523	5.521515	5.190338	5.134674	7.620575	2.633453	2.952362	2.284607	2.922882	2.34024	2.468384	2.012268	2.336914	2.609344	2.003662	3.677795	6.127282	5.65696	2.378846	3.103835	2.398462	2.555191	
Docking z	2.039239	3.676309	5.050599	9.644011	3.87701	2.844725	3.480823	4.616708	4.46938	6.192047	4.160335	5.554838	
Total MV Amount	978.8084


Angle TRE instances
Rotate	36	
ChildRotate	48	
RotateInverse	1	
ChildRotateInverse	44	
Docking x	1	
Docking y	51	52	56	
Docking z	1	13	16	17	23	24	28	
Total TRE Count	12


Correct Angles	Rotate	ChildRotate	RotateInverse	ChildRotateInverse	Docking x	Docking y	Docking z
	-9.702648E-18	-1.483004E-36	0	9.702648E-18	0	0	0

Angle Error	Rotate	ChildRotate	RotateInverse	ChildRotateInverse	Docking x	Docking y	Docking z
	1.108917	2.813202	0	0.7666165	0.8436584	0.914228	0.1667786

Time Taken	Hours	Minutes	Seconds	Milliseconds	Seconds float	Completion time
	0	0	3	948	3.947542	00h:00m:03s:948ms

Final Results	Tester Name	Time of Test	Dock Shape Style	Virtual Device Visible	Time Taken	Shape Precision %	Orientation Precision %	Overall Precision %	Efficiency %	Difficulty	Total MV	Total TRE	
	1	2018-11-22_12:13:58	ZEROING DATA	True	00h:00m:03s:948ms	99.34879	99.79981	99.47513	100	2.156144E-20	978.8084	12	
