
Angles Over Time
Frames	Rotate	ChildRotate	RotateInverse	ChildRotateInverse	Docking x	Docking y	Docking z	
0	-2.782776	-38.91571	0	84.19155	79.17816	-16.99432	-126.8391	
1	-2.313904	-39.61902	0	83.95712	79.49411	-13.49274	-120.7532	
2	-1.610626	-39.61902	0	83.95712	79.58896	-7.493744	-111.1027	
3	-1.845062	-39.61902	0	83.95712	78.40643	-2.449249	-100.9939	
4	-1.845062	-38.68127	0	83.25382	75.03265	-4.684631	-95.62921	
5	-2.782776	-39.15015	0	83.95712	69.57413	-8.505524	-89.82602	
6	-2.54834	-39.15015	0	83.95712	63.20889	-13.62219	-82.4595	
7	-2.782776	-38.91571	0	83.95712	57.29139	-19.27948	-78.58752	
8	-2.54834	-38.68127	0	83.01939	49.75099	-25.37979	-73.32214	
9	-1.37619	-37.978	0	71.06336	42.90446	-28.3324	-60.65573	
10	-2.079498	-38.21243	0	62.38937	36.69949	-31.71497	-47.75262	
11	-1.610626	-38.68127	0	45.0414	32.29594	-34.02573	-38.39426	
12	-1.141754	-38.91571	0	46.21356	30.51839	-34.95142	-31.75293	
13	-0.6728821	-39.15015	0	33.08537	30.34908	-35.87042	-27.12277	
14	-0.9073181	-39.15015	0	3.078078	27.75224	-36.56912	-19.64978	
15	-0.6728821	-38.21243	0	-2.313873	21.94088	-37.86441	-8.553802	
16	-0.9073181	-38.44687	0	-3.720459	20.73348	-39.62305	-5.255127	
17	-0.6728821	-36.57141	0	-3.720459	22.79291	-40.36502	-5.175293	
18	-0.438446	-23.67764	0	-3.251587	22.53743	-40.76642	-5.646851	
19	-0.6728821	-14.76923	0	-3.486023	23.26307	-41.85211	-5.834717	
20	-0.6728821	-10.08057	0	-3.251587	24.98253	-43.00269	-5.091553	
21	-1.610626	-3.750916	0	-2.782715	25.34805	-43.55252	-4.086151	
22	-0.9073181	1.641016	0	-3.486023	24.51096	-44.50211	-3.836731	
23	-0.438446	2.109881	0	-3.720459	22.64322	-45.26733	-2.424713	
24	-0.438446	1.875452	0	-3.954895	20.10818	-45.70248	-0.8734436	
25	-0.6728821	1.875452	0	-3.720459	16.92563	-46.30539	0.1391551	
26	-0.438446	0.9377234	0	-0.4384155	14.16905	-46.83109	1.354749	
27	-2.079498	1.641016	0	-2.782715	12.03231	-46.82901	3.410371	
28	-0.6728821	2.109881	0	-3.720459	10.49632	-44.71646	5.388002	
29	-0.6728821	2.109881	0	-3.720459	8.863043	-43.12115	6.577713	
30	-0.2040405	2.109881	0	-3.720459	8.184608	-44.36081	6.458024	
31	-0.438446	2.109881	0	-3.486023	7.920253	-45.77277	6.636375	
32	-0.2040405	1.172152	0	-2.313873	7.917707	-47.22696	6.818327	
33	-0.9073181	1.641016	0	-3.954895	8.594077	-48.17596	7.515888	
34	-0.438446	1.641016	0	-3.720459	9.030895	-48.1485	6.638776	
35	-0.6728821	1.641016	0	-3.486023	9.781711	-48.08188	5.819732	
36	-0.6728821	1.875452	0	-3.486023	11.88004	-48.32449	4.512227	
37	-0.6728821	0.9377234	0	-1.141693	13.20119	-48.93301	4.565617	
38	-1.610626	1.406588	0	-2.313873	14.00557	-49.07379	5.729702	
39	-0.9073181	1.875452	0	-3.486023	13.47693	-48.7854	6.16902	
40	-0.6728821	2.109881	0	-3.720459	12.64432	-49.35016	6.112899	
41	-0.2040405	2.344317	0	-3.720459	11.80646	-48.86548	5.755826	
42	-0.2040405	2.109881	0	-3.720459	12.40716	-46.4285	5.74772	
43	-0.2040405	1.641017	0	-2.548309	13.52201	-41.60275	6.351248	
44	-0.9073181	1.875453	0	-3.720459	12.13714	-34.45242	6.784879	
45	-0.6728821	1.875453	0	-3.720459	9.670671	-21.75967	4.311677	
46	-0.438446	2.109881	0	-3.486023	8.168039	-9.587036	2.937691	
47	-0.438446	2.109881	0	-3.720459	9.672763	-1.322449	1.297836	
48	-0.6728821	0.9377236	0	-2.782715	11.16368	0.5072116	2.049034	
49	-1.610626	1.406588	0	-2.782715	10.38366	-0.2915039	1.568589	
50	-0.9073181	1.875453	0	-3.720459	10.06657	0.0829192	1.15943	
51	-0.438446	2.109881	0	-3.954895	9.353171	1.707064	1.260141	
52	-0.6728821	2.109881	0	-3.720459	9.439156	2.479268	1.183536	
53	-0.438446	2.109881	0	-3.486023	9.345031	2.146998	0.9469883	
54	-0.6728821	0.7032875	0	-1.376129	8.629658	2.026474	1.110385	
55	-1.37619	1.641016	0	-3.017151	7.997611	2.057375	1.267038	
56	-0.6728821	2.109881	0	-3.954895	7.883291	2.470764	1.024132	
57	-0.438446	2.109881	0	-3.251587	7.623606	1.970926	0.8654743	
58	-0.6728821	1.875452	0	-3.720459	7.362931	1.369225	0.921206	
59	-0.438446	1.875452	0	-3.720459	7.974366	0.8343158	0.9804453	
60	-0.438446	0.7032874	0	-0.6728516	8.380199	0.1619128	0.5847884	
61	-1.845062	1.641016	0	-3.017151	8.217896	-1.065674	0.3706231	
62	-0.438446	1.641016	0	-3.720459	8.124795	-1.607147	0.7727692	
63	-0.438446	1.875452	0	-3.720459	8.75864	-2.286621	1.972	
64	-0.2040405	1.641016	0	-3.720459	8.524233	-2.824432	2.424229	
65	-0.2040405	1.875452	0	-3.720459	8.427391	-3.281372	2.437765	
66	-0.2040405	1.172152	0	-2.782715	7.963974	-3.204193	2.484896	
67	-0.9073181	1.641016	0	-3.486023	8.359213	-2.747803	2.136029	
68	-0.438446	1.641016	0	-3.486023	8.768188	-2.707001	2.175854	
69	-0.438446	1.875453	0	-3.486023	8.507129	-2.54422	2.270612	
70	-0.6728821	1.875453	0	-3.720459	8.635282	-2.161743	2.26031	
71	-0.438446	0.7032875	0	-1.610565	8.393624	-1.746674	2.028246	
72	-1.37619	1.172152	0	-2.782715	8.604489	-1.207184	1.540463	
73	-0.6728821	1.875452	0	-3.720459	8.818536	-0.8072815	1.51679	
74	-0.438446	1.875452	0	-3.486023	8.42692	-0.5365295	1.883582	
75	-0.2040405	1.875452	0	-3.954895	8.100653	-0.7615356	2.223553	
76	-0.2040405	2.109881	0	-3.720459	8.158919	-0.5186157	2.503109	
77	-0.438446	1.172152	0	-2.782715	8.209298	-0.3832397	2.197934	
78	-0.9073181	1.641016	0	-3.251587	8.075818	-0.2053833	1.913672	
79	-0.6728821	1.641016	0	-3.720459	7.709445	-0.5021973	2.005268	


Angle MV instances
Rotate	2.782776	
ChildRotate	38.91571	12.89377	8.908417	4.68866	6.329651	5.391932	
RotateInverse	
ChildRotateInverse	84.19155	11.95602	8.673988	17.34797	13.12819	30.00729	3.282043	2.344299	2.34433	2.109894	3.047607	2.344299	2.109894	
Docking x	79.17816	3.373787	5.458519	6.365242	5.917492	7.540405	6.846523	6.204975	4.403553	2.596846	5.811363	2.059427	2.535042	3.182547	2.756577	2.136744	2.098333	2.466464	
Docking y	16.99432	3.501587	5.998993	5.044495	2.235382	3.820892	5.116669	5.657288	6.100311	2.952606	3.382568	2.31076	2.112549	2.436981	4.825745	7.15033	12.69275	12.17264	8.264587	
Docking z	126.8391	6.085968	9.650497	10.10873	5.364716	5.803192	7.366516	3.871979	5.265381	12.66641	12.90311	9.358368	6.641327	4.630157	7.472992	11.09598	3.298676	2.055622	2.473201	
Total MV Amount	779.4539


Angle TRE instances
Rotate	1	
ChildRotate	22	
RotateInverse	1	
ChildRotateInverse	15	
Docking x	
Docking y	4	5	47	
Docking z	22	28	36	38	45	
Total TRE Count	10


Correct Angles	Rotate	ChildRotate	RotateInverse	ChildRotateInverse	Docking x	Docking y	Docking z
	-9.334866E-22	-1.611493E-43	0	9.334866E-22	0	0	0

Angle Error	Rotate	ChildRotate	RotateInverse	ChildRotateInverse	Docking x	Docking y	Docking z
	0.438446	1.641016	0	3.486023	7.196067	0.5015259	2.250879

Time Taken	Hours	Minutes	Seconds	Milliseconds	Seconds float	Completion time
	0	0	4	709	4.708806	00h:00m:04s:709ms

Final Results	Tester Name	Time of Test	Dock Shape Style	Virtual Device Visible	Time Taken	Shape Precision %	Orientation Precision %	Overall Precision %	Efficiency %	Difficulty	Total MV	Total TRE	
	1	2018-11-13_15:22:35	ZEROING DATA	True	00h:00m:04s:709ms	99.22701	99.4903	98.76873	100	2.074415E-24	779.4539	10	
