
Angles Over Time
Frames	Rotate	ChildRotate	RotateInverse	ChildRotateInverse	Docking x	Docking y	Docking z	
0	-10.6015	-137.846	0	133.1053	36.29118	42.33489	39.12032	
1	-10.6015	-132.6885	0	131.2299	36.08656	36.29209	38.01612	
2	-11.07037	-135.7361	0	132.8709	37.41606	33.41987	36.20921	
3	-10.6015	-135.9705	0	132.8709	38.68663	34.04945	36.47183	
4	-10.6015	-135.5017	0	133.1053	38.01167	34.30984	37.63366	
5	-10.83594	-135.7361	0	132.8709	33.5907	30.35245	38.6194	
6	-10.6015	-130.5786	0	129.3544	26.50217	20.33528	37.10436	
7	-11.07037	-133.8606	0	130.5266	18.71609	6.656011	35.25107	
8	-10.83594	-135.9705	0	132.8709	12.51084	-5.671143	39.28334	
9	-10.6015	-137.846	0	133.1053	6.750986	-14.97235	42.22416	
10	-10.6015	-135.9705	0	132.6365	5.160542	-18.6095	43.38459	
11	-10.6015	-134.0951	0	132.6365	5.132821	-18.51456	41.66135	
12	-10.6015	-117.4504	0	130.761	4.343866	-20.57663	33.16343	
13	-10.83594	-106.6665	0	133.1053	1.472939	-22.41687	25.93034	
14	-8.726044	-94.47607	0	132.8709	-0.4709778	-25.4328	16.49521	
15	-3.09967	-82.05118	0	132.1676	-1.036774	-29.06104	9.312335	
16	-2.161957	-58.60797	0	129.8233	-1.387512	-32.1037	4.901619	
17	-1.458649	-31.64832	0	116.6951	-1.947784	-37.61505	-1.978516	
18	-2.161957	-27.66296	0	105.4424	0.06906454	-42.37891	-5.305573	
19	-1.458649	-27.42853	0	86.92223	1.913526	-44.66742	-3.793121	
20	-1.224213	-25.78751	0	59.02482	0.9540309	-46.22211	-0.1086731	
21	-0.9898071	-22.9743	0	38.62924	-1.586853	-47.74518	3.365024	
22	-0.9898071	-21.33328	0	14.48275	-4.834625	-50.58472	7.866017	
23	-0.9898071	-21.09888	0	-2.630798	-6.002625	-52.487	12.60684	
24	-1.927521	-15.23807	0	-3.568512	-5.10675	-53.6882	15.79451	
25	-1.458649	-3.750885	0	-3.568512	-1.718414	-54.96875	15.5378	
26	-1.224213	1.172177	0	-3.334076	0.6685203	-56.16559	14.06473	
27	-0.9898071	0.9377486	0	-3.568512	2.503289	-56.93344	14.88246	
28	-0.9898071	0.2344481	0	-1.458618	4.610013	-57.09073	16.40389	
29	-1.927521	0.9377486	0	-2.630798	5.901519	-58.86938	17.86514	
30	-1.224213	1.172177	0	-3.334076	6.460511	-61.38071	18.02879	
31	-0.9898071	1.406613	0	-3.568512	6.307722	-64.30658	17.49238	
32	-0.5209351	0.9377486	0	-3.568512	6.720171	-65.14841	16.69463	
33	-0.7553711	1.172177	0	-3.568512	7.08567	-64.42953	15.39388	
34	-0.5209351	0.7033125	0	-2.396362	6.758324	-61.93839	15.85914	
35	-1.458649	0.9377486	0	-3.568512	6.179561	-57.32562	16.72722	
36	-0.9898071	0.9377486	0	-3.334076	5.841837	-54.18793	17.3148	
37	-0.7553711	1.172177	0	-3.334076	5.806249	-52.22656	17.90163	
38	-0.9898071	0.9377486	0	-3.568512	3.960855	-50.07162	18.56779	
39	-0.9898071	0.2344481	0	-2.396362	1.642729	-45.65808	19.42387	
40	-1.927521	0.7033125	0	-2.630798	-1.663055	-38.15695	18.99613	
41	-1.224213	1.172177	0	-3.568512	-4.261444	-28.52539	16.98491	
42	-0.9898071	2.109906	0	-3.334076	-5.683472	-18.49951	13.71866	
43	-0.7553711	1.875477	0	-3.568512	-6.15271	-10.46118	8.296291	
44	-0.7553711	1.875477	0	-3.334076	-6.693634	-6.065247	7.857478	
45	-0.7553711	1.406613	0	-1.224213	-5.20752	-2.337311	10.18219	
46	-1.224213	1.875477	0	-3.568512	-4.8992	0.6170216	9.584761	
47	-0.9898071	1.875477	0	-3.568512	-5.553619	3.944097	7.568742	
48	-0.9898071	1.641041	0	-3.802948	-5.754242	7.11095	6.855999	
49	-0.9898071	1.641041	0	-3.568512	-4.150116	9.025807	7.017998	
50	-0.9898071	2.109906	0	-3.568512	-2.509583	9.345968	7.952055	
51	-0.7553711	1.406613	0	-2.630798	-1.500519	8.586637	9.615086	
52	-1.224213	1.641041	0	-3.568512	-0.8352661	7.615905	11.17435	
53	-0.9898071	2.109906	0	-3.568512	-1.150543	5.5604	11.73621	
54	-0.7553711	1.641041	0	-3.568512	-0.404541	3.857985	12.52215	
55	-0.9898071	1.641041	0	-3.568512	-0.281189	1.393729	11.49714	
56	-0.9898071	0.7033124	0	-1.224213	-0.9935303	-1.963409	10.23658	
57	-1.927521	1.406613	0	-2.630798	-0.7362671	-4.026703	9.577818	
58	-0.9898071	1.641041	0	-3.802948	1.656846	-2.753967	9.048347	
59	-0.9898071	1.875477	0	-3.09964	4.027228	-1.000549	8.534421	
60	-0.7553711	1.875477	0	-3.568512	5.602304	0.9434623	7.425718	
61	-0.7553711	1.875477	0	-3.568512	7.742306	2.512775	7.1924	
62	-0.5209351	1.172177	0	-2.630798	9.621252	4.399988	7.330157	
63	-1.458649	1.406613	0	-3.568512	10.75353	6.43655	5.891899	
64	-0.9898071	1.641041	0	-3.568512	12.33803	6.818804	4.392605	
65	-0.9898071	1.641041	0	-3.334076	12.9481	6.883634	2.681941	
66	-0.9898071	1.875477	0	-3.568512	12.93909	7.010554	0.9282365	
67	-0.9898071	0.7033123	0	-1.224213	13.03244	7.04426	-0.6957703	
68	-1.927521	1.172177	0	-2.396362	12.84185	6.995341	-2.06366	
69	-1.458649	1.641041	0	-3.568512	12.76625	7.77195	-3.416473	
70	-0.9898071	1.406613	0	-3.568512	12.50455	8.047399	-4.215668	
71	-0.9898071	1.641041	0	-3.334076	11.82538	8.298057	-4.899719	
72	-0.9898071	1.406613	0	-3.568512	11.27793	8.5809	-5.468781	
73	-0.9898071	0.4688838	0	-0.7553406	10.81262	8.84569	-5.775818	
74	-2.161957	1.406613	0	-2.630798	10.50472	9.013311	-6.378906	
75	-0.9898071	1.641041	0	-3.568512	10.39741	9.521665	-7.121735	
76	-0.9898071	1.641041	0	-3.568512	10.1526	9.930211	-7.734833	
77	-0.7553711	1.641041	0	-3.09964	9.769617	10.28728	-7.947388	
78	-0.9898071	1.641041	0	-3.568512	9.281783	10.68089	-7.962616	
79	-0.9898071	0.2344477	0	-0.9897766	8.87319	11.33105	-8.094788	
80	-2.161957	1.641041	0	-2.865234	8.011732	11.59365	-7.707397	
81	-0.9898071	1.641041	0	-3.802948	6.757113	11.75413	-7.125946	
82	-0.9898071	1.875477	0	-3.334076	4.999414	11.45419	-5.775085	
83	-0.7553711	1.875477	0	-3.568512	2.742756	11.00473	-3.605652	
84	-0.7553711	1.641041	0	-3.334076	0.345075	10.05905	-1.656128	
85	-0.9898071	0.468884	0	-0.7553406	-0.3645935	8.84287	0.3558286	
86	-1.927521	1.641041	0	-3.334076	-0.3907471	8.139577	1.055442	
87	-0.7553711	1.641041	0	-3.802948	-0.4699402	7.959976	0.75347	
88	-0.7553711	1.875477	0	-3.568512	-0.4827881	8.235753	0.1463583	
89	-0.5209351	1.875477	0	-3.334076	-0.6676941	8.432996	0.07816676	
90	-0.7553711	1.641041	0	-3.568512	-1.129211	8.555807	0.02214641	
91	-0.7553711	1.406613	0	-2.161926	-1.412079	8.357285	-0.2754517	
92	-1.458649	1.641041	0	-3.568512	-1.619904	8.438911	-1.071167	
93	-0.9898071	1.641041	0	-3.334076	-1.556122	8.469897	-1.751068	


Angle MV instances
Rotate	10.6015	2.109894	5.626373	
ChildRotate	137.846	5.157501	3.047607	5.157501	3.282043	2.109894	16.64467	10.78387	12.19046	12.4249	23.44321	26.95966	3.985352	2.813202	5.860809	11.48718	4.923062	
RotateInverse	
ChildRotateInverse	133.1053	3.516479	2.34433	2.344315	2.344315	13.1282	11.25273	18.52013	27.89741	20.39558	24.14649	17.11354	2.109894	2.109863	2.344299	2.344299	2.344299	2.813171	2.578735	2.578735	2.578735	
Docking x	36.29118	4.420971	7.088528	7.786076	6.205254	5.759856	2.870927	3.247772	3.388336	2.106724	2.318126	2.598389	2.370382	2.140002	2.256658	2.397681	
Docking y	42.33489	6.042797	2.872223	3.957384	10.01717	13.67927	9.301208	3.637146	2.062073	3.01593	3.628235	3.042664	5.511353	4.763855	2.288513	2.839539	2.511322	2.925873	2.49115	4.612762	3.137695	2.154938	4.413544	7.501129	9.631561	10.02588	8.03833	4.395935	3.727936	3.327075	3.166853	2.055506	2.464255	2.063293	2.036562	
Docking z	39.12032	4.032269	2.940823	8.497921	7.233091	9.435127	7.182876	4.410716	6.880135	3.327057	3.684448	3.473697	4.500994	4.740827	3.187665	2.011217	3.266256	5.422367	2.324713	2.016019	2.169434	
Total MV Amount	1027.146


Angle TRE instances
Rotate	16	
ChildRotate	26	
RotateInverse	1	
ChildRotateInverse	24	
Docking x	13	23	25	29	38	42	46	47	49	60	82	
Docking y	46	48	54	63	
Docking z	17	18	19	22	64	72	83	
Total TRE Count	25


Correct Angles	Rotate	ChildRotate	RotateInverse	ChildRotateInverse	Docking x	Docking y	Docking z
	0	0	0	6.444482E-25	0	0	0

Angle Error	Rotate	ChildRotate	RotateInverse	ChildRotateInverse	Docking x	Docking y	Docking z
	0.9898071	1.641041	0	3.568512	1.732544	8.37732	2.133942

Time Taken	Hours	Minutes	Seconds	Milliseconds	Seconds float	Completion time
	0	0	5	533	5.532603	00h:00m:05s:533ms

Final Results	Tester Name	Time of Test	Dock Shape Style	Virtual Device Visible	Time Taken	Shape Precision %	Orientation Precision %	Overall Precision %	Efficiency %	Difficulty	Total MV	Total TRE	
	1	2018-11-13_15:28:06	ZEROING DATA	True	00h:00m:05s:533ms	99.13898	98.05347	98.53625	100	7.160536E-28	1027.146	25	
