
Angles Over Time
Frames	Rotate	ChildRotate	RotateInverse	ChildRotateInverse	Docking x	Docking y	Docking z	
0	-13.19519	0.4688345	0	117.3834	23.08564	67.88783	177.6983	
1	-13.19519	0.4688345	0	117.149	23.28642	67.37897	177.3601	
2	-13.42963	-0.4689026	0	116.4457	23.54412	67.12743	176.9789	
3	-13.42963	0.4688345	0	118.0867	23.15444	65.47218	177.4679	
4	-13.19519	0.7032705	0	117.3834	23.21367	64.89255	177.5056	
5	-13.19519	0.2344061	0	117.8523	23.08397	63.88984	177.558	
6	-13.19519	0.4688345	0	117.8523	22.74272	63.31535	177.3374	
7	-13.19519	-1.17218	0	115.0391	22.51859	62.62234	177.5696	
8	-13.66406	0.4688345	0	116.4457	22.29595	61.95433	177.6873	
9	-10.85086	0.7032705	0	118.0867	21.84782	60.60533	177.9201	
10	-8.506561	1.172135	0	117.6178	21.06456	59.64681	177.9288	
11	-1.473602	1.172135	0	117.6178	20.0936	59.36389	177.5824	
12	0.8707222	1.172135	0	117.3834	19.5195	59.6906	178.1566	
13	0.8707222	-3.00571E-05	0	115.9768	18.04276	59.36981	179.7749	
14	-0.0670166	0.4688344	0	117.6178	16.55401	58.53686	-177.2164	
15	0.8707222	0.7032704	0	117.6178	15.8772	59.32404	-173.6355	
16	0.6362939	0.4688343	0	117.3834	14.91388	60.80453	-168.9765	
17	0.6362939	0.4688343	0	115.7424	13.29101	61.16495	-163.2565	
18	0.6362939	-1.406616	0	109.6471	12.24129	62.68074	-156.6908	
19	-1.239166	-3.011613E-05	0	108.2405	11.20401	64.76163	-151.9112	
20	-0.0670166	0.4688343	0	108.475	8.27606	65.08633	-145.5356	
21	0.8707222	1.172135	0	108.475	6.295113	64.82437	-141.5409	
22	1.339587	1.172135	0	108.475	5.417274	64.03185	-138.746	
23	1.339587	1.172135	0	108.475	5.346757	62.79693	-136.7784	
24	1.339587	-0.2344666	0	107.3028	5.740582	62.54615	-135.9144	
25	0.1674294	0.7032703	0	108.0061	6.016562	63.27424	-136.5695	
26	0.6362937	0.4688343	0	104.2552	6.599093	63.19513	-136.2618	
27	0.870722	0.7032703	0	90.89256	7.347303	63.32805	-135.3252	
28	0.4018577	0.7032703	0	68.62152	9.669112	63.5753	-130.7016	
29	0.6362938	-1.406616	0	28.76808	12.18809	63.15258	-123.7173	
30	-1.239166	-3.011613E-05	0	26.89262	13.58438	59.32616	-117.403	
31	-0.0670166	0.4688343	0	47.05378	13.61411	52.86298	-111.9196	
32	-1.00473	0.9376987	0	51.97685	13.90845	47.50969	-107.3922	
33	-3.583496	1.172135	0	52.68015	14.05399	43.66212	-104.7247	
34	-3.583496	1.172135	0	41.42741	13.93637	40.37909	-107.873	
35	-0.7702942	-0.7033081	0	44.24059	12.2037	36.35512	-104.4664	
36	-1.473602	-3.015975E-05	0	42.59957	7.559957	32.71729	-95.24384	
37	0.1674288	0.2344059	0	36.97321	1.507008	29.28219	-88.1062	
38	1.339586	0.2344059	0	27.59592	-4.626953	26.14162	-80.39008	
39	1.574022	-8.205139	0	17.74978	-9.166901	20.4411	-66.08701	
40	1.574022	-22.03662	0	6.028175	-10.64746	15.50196	-49.11737	
41	-0.0670166	-23.2088	0	2.277267	-10.82947	12.46783	-35.74039	
42	1.105158	-22.97437	0	0.8706737	-11.14938	10.61894	-30.42035	
43	1.574022	-15.00366	0	1.105102	-11.14816	8.454438	-27.75018	
44	2.042886	-3.047638	0	1.105102	-11.21286	6.255819	-24.67905	
45	2.042886	0.2344055	0	1.105102	-10.29773	3.765464	-21.48831	
46	2.51175	-0.9377747	0	2.277267	-10.0062	1.491812	-17.16327	
47	1.339586	-3.052139E-05	0	1.105102	-9.734253	-0.7484131	-15.43854	
48	1.80845	-0.2344666	0	1.105102	-9.397888	-3.423279	-11.86572	
49	2.042886	-0.2344666	0	0.8706736	-7.909149	-5.355103	-8.074066	
50	1.80845	-3.052234E-05	0	0.8706736	-5.50528	-7.007599	-5.477631	
51	1.80845	-1.875488	0	4.152725	-4.507935	-7.464569	-3.393158	
52	-0.3014221	-0.9377747	0	2.277267	-4.000427	-7.335205	-1.113922	
53	1.339586	-0.4689026	0	0.8706737	-6.357635	-5.848419	-2.787567	
54	2.042886	-0.2344666	0	0.6362379	-6.656677	-5.062103	-3.055206	
55	2.51175	-0.2344666	0	0.8706737	-4.084991	-4.09317	0.8432791	
56	2.51175	-3.060238E-05	0	0.8706737	-3.840027	-1.408752	2.379767	
57	2.277314	-1.641052	0	2.042831	-3.66626	2.024503	2.336676	
58	1.105157	-0.4689026	0	1.105102	-3.040802	3.853361	1.352783	
59	1.80845	-0.4689026	0	1.339538	-2.85083	4.74598	1.471566	
60	1.80845	-0.9377747	0	0.6362379	-2.636108	5.455406	1.284343	
61	2.042886	-0.7033386	0	1.105102	-2.778992	5.969666	1.154654	
62	1.80845	-2.34436	0	2.980559	-2.969788	5.944713	1.699786	
63	0.1674282	-1.17218	0	2.277267	-2.770721	5.397601	1.747784	
64	1.105157	-0.7033386	0	0.8706731	-2.700287	4.982986	1.016937	
65	2.042886	-3.069335E-05	0	1.105101	-2.94516	4.683729	0.5165387	
66	2.51175	-0.7033386	0	0.6362371	-2.670319	4.310189	0.4100333	
67	1.80845	-0.4689026	0	0.8706731	-2.467041	4.025922	0.4819181	
68	1.80845	-2.34436	0	4.387153	-2.344452	3.681386	0.1766705	
69	-0.3014221	-1.406616	0	1.808403	-1.973511	3.319688	0.06799748	
70	1.80845	-0.4689026	0	1.105102	-2.239868	2.943127	0.06151445	
71	1.80845	-0.4689026	0	0.8706736	-2.290649	2.767773	-0.2055054	
72	1.80845	-0.7033386	0	1.105102	-2.064667	2.504079	-0.4195251	
73	2.042886	-0.4689026	0	0.8706736	-1.781616	2.179718	-0.4817505	
74	1.80845	-2.109924	0	4.387153	-1.502014	1.66054	-0.6083069	
75	-0.0670166	-0.7033386	0	2.277267	-1.075684	1.24181	-0.882843	
76	1.574022	-0.4689026	0	0.8706736	-0.5748596	0.8910619	-0.9154053	
77	1.80845	-0.2344666	0	1.105102	-0.4620056	0.5228096	-0.8352356	
78	2.511751	-0.2344666	0	0.6362377	-0.410553	0.4119803	-0.8106689	
79	2.511751	-0.4689026	0	1.105102	-0.2458496	0.368594	-0.833374	
80	1.574022	-2.578796	0	4.152725	-0.2062988	0.06630903	-0.8685913	
81	-0.0670166	-0.4689026	0	0.8706737	-0.07781982	-0.2099304	-0.9422302	
82	2.042886	-0.4689026	0	0.8706737	-0.1240234	-0.5801086	-0.8926392	


Angle MV instances
Rotate	13.19519	2.813202	2.344299	7.032959	2.578766	2.813202	
ChildRotate	8.439545	13.83148	7.970703	11.95602	3.282043	2.109894	2.109894	
RotateInverse	
ChildRotateInverse	117.3834	2.813187	6.09523	3.750916	13.36263	22.27104	39.85344	20.16116	4.923069	11.25274	2.813179	5.626366	9.377281	9.846146	11.7216	3.750908	3.282051	3.516479	2.57875	3.516479	2.109886	3.047623	3.282051	
Docking x	23.08564	2.927951	2.321809	2.518981	4.643739	6.052948	6.133962	4.539948	2.40387	2.357208	2.571686	
Docking y	67.88783	2.080883	3.826416	6.463188	5.353291	3.847569	3.283031	4.023964	3.637836	3.435097	3.140572	5.70052	4.939137	3.034129	2.164501	2.198619	2.490355	2.273652	2.674866	2.684418	
Docking z	177.6983	356.9913	3.580933	4.658997	5.719971	6.56572	4.779617	6.375656	3.994614	2.794952	4.623611	6.984314	6.314209	5.483459	4.527344	2.667542	3.148315	3.406586	9.222595	7.137634	7.716125	14.30307	16.96964	13.37698	5.320038	2.670166	3.071136	3.190735	4.325043	3.572815	3.791656	2.596436	2.084473	2.279236	3.898485	
Total MV Amount	1297.352


Angle TRE instances
Rotate	12	
ChildRotate	1	39	44	
RotateInverse	1	
ChildRotateInverse	42	
Docking x	38	39	51	53	55	
Docking y	46	49	55	60	64	
Docking z	52	
Total TRE Count	15


Correct Angles	Rotate	ChildRotate	RotateInverse	ChildRotateInverse	Docking x	Docking y	Docking z
	0	0	0	3.578008E-22	0	0	0

Angle Error	Rotate	ChildRotate	RotateInverse	ChildRotateInverse	Docking x	Docking y	Docking z
	2.042886	3.068223E-05	0	1.105102	0.4554749	0.6173401	0.9779358

Time Taken	Hours	Minutes	Seconds	Milliseconds	Seconds float	Completion time
	0	0	4	885	4.885474	00h:00m:04s:885ms

Final Results	Tester Name	Time of Test	Dock Shape Style	Virtual Device Visible	Time Taken	Shape Precision %	Orientation Precision %	Overall Precision %	Efficiency %	Difficulty	Total MV	Total TRE	
	1	2018-11-13_15:29:42	ZEROING DATA	True	00h:00m:04s:885ms	99.56277	99.70458	99.5874	100	3.975565E-25	1297.352	15	
