
Angles Over Time
Frames	Rotate	ChildRotate	RotateInverse	ChildRotateInverse	Docking x	Docking y	Docking z	
0	1.248085	0.7032921	0	-2.033875	-2.025513	-0.4253235	1.621235	
1	-2.07605	-1.875458	0	1.440442	-0.2333374	-0.2154846	0.7148571	
2	-3.717072	0	0	-1.138306	0.200746	0.2570463	0.5213777	
3	-2.07605	-0.234436	0	-1.372742	1.045724	1.854141	0.3912006	
4	-2.07605	0	0	-1.372742	1.273378	2.812134	0.5485126	
5	-1.607178	0.4688644	0	-1.372742	2.185048	2.580014	0.7418808	
6	-1.841614	0	0	-1.138306	3.987727	0.8948543	0.5634897	
7	-1.841614	-0.7033081	0	0.2682774	5.961073	-2.234802	-0.4775391	
8	-2.779327	-0.234436	0	-1.607178	9.206203	-3.620239	-0.3400879	
9	-2.07605	-0.234436	0	-1.372742	11.54328	-2.22702	1.08046	
10	-2.07605	-0.4688721	0	-1.138306	14.51574	-1.23999	2.476167	
11	-2.310455	-0.4688721	0	-1.372742	17.08753	-2.948639	-0.1030273	
12	-2.07605	-1.875458	0	1.206006	18.13309	-7.391724	-7.984406	
13	-3.951508	-1.17215	0	5.425786	18.23119	-11.8244	-15.2728	
14	-2.779327	-0.234436	0	6.363515	17.11917	-13.13181	-18.78802	
15	-2.07605	-0.234436	0	6.129079	16.83895	-11.91251	-17.81012	
16	-1.607178	-3.468448E-07	0	6.363516	16.5085	-10.25668	-15.71948	
17	-1.841614	-0.234436	0	6.12908	15.54637	-9.653839	-14.1189	
18	-1.607178	-0.9377441	0	6.83238	15.08495	-9.622223	-13.39157	
19	-2.544891	-0.234436	0	6.12908	15.06579	-9.654785	-13.50345	
20	-2.07605	-0.4688721	0	5.425787	15.23113	-9.759491	-13.9765	
21	-1.841614	-0.4688721	0	5.425787	16.04566	-10.00134	-14.23358	
22	-2.07605	-7.032959	0	6.363517	19.75031	-11.03052	-12.95441	
23	-2.07605	-16.41025	0	6.597946	29.30462	-13.21387	-10.0228	
24	-3.482635	-26.95969	0	11.98988	41.1906	-16.36575	-9.334961	
25	-2.544891	-33.99265	0	13.39648	51.19161	-20.74188	-13.40765	
26	-2.07605	-35.8681	0	16.91296	59.90413	-28.23618	-18.82263	
27	-1.841614	-35.8681	0	28.63455	64.5831	-37.43433	-33.50415	
28	-1.841614	-36.10254	0	32.85433	64.39249	-42.25531	-46.22775	
29	-1.841614	-35.63367	0	33.55762	60.86012	-41.77142	-48.04462	
30	-2.779327	-35.63367	0	35.43309	55.43692	-39.47375	-47.00726	
31	-2.310455	-35.63367	0	36.37081	50.33031	-38.03781	-46.2854	
32	-2.07605	-37.97797	0	61.2206	43.50213	-36.22955	-42.91483	
33	-2.07605	-56.49811	0	67.0814	40.45307	-39.81723	-39.90329	
34	-2.07605	-68.68857	0	69.1913	46.42968	-52.55499	-41.73206	
35	-3.482635	-71.97064	0	82.3195	57.35595	-74.44046	-55.09537	
36	-2.544891	-72.43951	0	100.1363	61.77257	-101.0472	-89.01923	
37	-1.841614	-73.37723	0	110.6858	58.92106	-121.2324	-116.1552	
38	-1.607178	-73.37723	0	113.9678	54.66973	-133.7406	-134.0011	
39	-1.607178	-73.8461	0	113.9678	54.16963	-142.1189	-142.5423	
40	-1.372742	-75.95596	0	112.3268	53.48964	-151.8014	-150.677	
41	-2.544891	-78.53473	0	114.2023	53.09228	-157.8236	-154.9474	
42	-1.607178	-82.75452	0	114.2023	54.16349	-159.6329	-151.9674	
43	-2.07605	-87.91202	0	113.9678	57.15355	-161.5534	-145.3573	
44	-5.592529	-94.4761	0	113.7334	67.09905	-164.0013	-132.9688	
45	-13.32877	-92.83508	0	111.1546	80.15945	-172.6616	-125.416	
46	-14.26651	-94.94495	0	112.0924	86.43981	115.3941	170.7525	
47	-13.79764	-95.88269	0	121.9385	84.38137	40.59837	104.4505	
48	-13.5632	-97.52371	0	126.8616	84.7288	-3.574615	69.14997	
49	-18.01743	-97.28928	0	130.6125	87.76209	-58.43658	16.63734	
50	-18.48627	-97.28928	0	131.5502	87.93076	-121.6497	-45.11923	
51	-24.34708	-93.77283	0	129.4403	86.6357	-107.7728	-25.59579	
52	-32.31778	-96.11713	0	130.8469	85.42804	-107.4276	-17.54047	
53	-41.2262	-95.88269	0	131.5502	85.54895	-120.6089	-25.31976	
54	-44.74268	-96.11713	0	130.6125	86.35557	-144.1544	-45.01099	
55	-47.79028	-95.88269	0	131.3158	86.34393	-174.146	-70.06113	
56	-60.91846	-92.60065	0	127.7993	85.30831	-161.5318	-51.43216	
57	-68.65472	-94.00723	0	129.4403	84.8232	-156.2612	-40.50171	
58	-72.87451	-95.64825	0	131.3158	84.38375	-149.1118	-28.36844	
59	-77.79758	-97.28931	0	131.3158	83.89087	-142.1318	-15.63739	
60	-86.00269	-97.52374	0	130.6125	83.08807	-135.0977	0.4039483	
61	-91.86349	-97.52374	0	130.6125	81.69109	-129.632	10.81194	
62	-95.37997	-94.2417	0	129.4403	79.60901	-126.6958	17.26747	
63	-94.6767	-95.88269	0	131.3158	77.48283	-124.3667	21.45883	
64	-97.25543	-95.41385	0	131.3158	75.03653	-127.8592	17.57512	
65	-97.48987	-96.11713	0	131.3158	69.86018	-132.1774	12.82652	
66	-97.48987	-98.69589	0	131.3158	64.55804	-133.5281	12.26297	
67	-97.48987	-95.64825	0	128.737	59.05815	-130.112	15.46288	
68	-93.97339	-97.52374	0	129.4403	56.28284	-125.6596	17.4642	
69	-95.84885	-98.93033	0	131.3158	57.76799	-121.8577	18.75522	
70	-98.42761	-101.0402	0	131.0814	60.67226	-117.5864	22.23192	
71	-99.59976	-104.0878	0	131.3158	62.61834	-117.0927	23.3801	
72	-100.303	-104.5567	0	131.0814	65.20779	-120.7434	21.4035	
73	-99.8342	-101.2746	0	128.737	66.08849	-124.3599	16.78899	
74	-97.021	-103.3845	0	131.0814	66.50327	-126.5422	13.74203	
75	-98.66202	-103.619	0	131.0814	68.01495	-128.3061	11.94959	
76	-98.66202	-103.3845	0	131.0814	69.81272	-129.8788	12.52195	
77	-98.42758	-103.1501	0	131.3158	71.47986	-123.2179	22.16296	
78	-98.66202	-104.5567	0	131.5502	71.37363	-109.4187	36.29057	
79	-98.66202	-101.7435	0	129.4404	67.73183	-92.45444	49.23223	
80	-97.021	-103.619	0	130.6125	59.95821	-81.69086	54.02444	
81	-98.19315	-103.619	0	131.3158	53.31982	-75.58771	58.09462	
82	-100.303	-104.5567	0	131.0814	54.35844	-69.08066	65.52985	
83	-100.0686	-103.619	0	131.0814	56.59084	-61.23138	73.42833	
84	-98.42758	-99.39917	0	126.6272	57.91033	-55.59213	79.00242	
85	-94.44226	-103.3845	0	131.3158	59.19556	-53.61038	80.53489	
86	-98.89645	-103.8534	0	130.8469	62.47644	-56.31656	77.88557	
87	-99.83417	-104.3223	0	130.6125	64.9621	-60.52585	74.13754	
88	-97.95874	-104.3223	0	131.0814	65.25414	-63.92706	70.85653	
89	-98.42758	-103.8534	0	131.3158	66.48674	-66.93655	68.68316	
90	-98.66202	-101.9779	0	129.4404	68.74316	-68.69901	68.02055	
91	-97.021	-104.0878	0	131.0814	69.89487	-66.25928	69.8506	
92	-98.19315	-105.0255	0	131.0814	70.31197	-63.12433	72.92763	
93	-100.0686	-103.8534	0	130.847	70.02412	-61.22638	74.66897	
94	-98.42758	-103.3845	0	131.3158	69.33677	-60.60916	74.13101	
95	-98.66202	-100.3369	0	127.3305	68.49876	-60.51056	73.01634	
96	-94.9111	-103.1501	0	131.0814	67.64101	-59.60315	72.75152	
97	-98.89642	-103.8534	0	130.6125	66.4325	-58.00873	72.83035	
98	-98.19315	-105.0255	0	131.3158	65.64081	-56.297	73.59456	


Angle MV instances
Rotate	3.516479	7.736237	4.454224	5.860809	7.970703	8.908417	3.516479	3.047607	13.12817	7.736267	4.219788	4.923065	8.205109	5.860809	3.516479	2.578735	3.516479	2.578766	2.813202	2.109894	3.985321	4.454193	3.750916	3.985321	
ChildRotate	6.564087	9.377289	10.54944	7.032959	2.344299	18.52014	12.19046	3.282074	2.109863	2.578766	4.219788	5.157501	6.564087	2.109863	3.516449	2.344299	3.282043	3.282043	2.578766	3.047638	2.109894	3.047607	3.282059	2.109894	2.813187	4.219788	3.985352	2.109894	3.047607	2.813171	
RotateInverse	
ChildRotateInverse	2.033875	4.21978	5.391937	3.51648	11.7216	4.21978	24.84979	5.860794	2.109901	13.1282	17.81683	10.54944	3.282059	2.578751	9.846153	4.923065	3.750916	2.109879	3.516479	2.578751	2.34433	2.34433	2.109879	4.454201	4.688637	3.985352	3.750931	
Docking x	2.025513	3.245129	2.337077	2.972461	2.57179	3.704653	9.554308	11.88598	10.00101	8.712521	4.678967	3.532372	5.423199	5.106606	6.828178	3.049065	5.976612	10.92627	4.416626	2.851513	4.251331	2.990051	9.945507	13.06039	6.280365	2.058441	3.033295	2.082077	2.126183	2.446297	5.176353	5.302132	5.499897	2.775307	2.90427	2.589443	3.641808	7.773617	6.638393	2.232403	3.280888	2.485653	2.256416	
Docking y	4.443085	4.432678	2.18335	3.151886	4.376129	7.494293	9.198151	4.820984	2.297668	3.587677	12.73776	21.88547	26.60678	20.18512	12.50822	8.378281	9.682526	6.022202	2.447845	8.660309	288.0556	74.79571	44.17299	54.86197	63.21317	13.87697	13.18126	23.5455	29.99165	12.61426	5.270538	7.149384	6.980042	7.034134	5.465622	2.936188	2.329147	3.492523	4.318207	3.416122	4.452377	3.80188	4.271362	3.650726	3.616425	2.182358	6.660934	13.79919	16.96426	10.76358	6.103149	6.50705	7.849274	5.639252	2.706177	4.20929	3.401215	3.009491	2.439728	3.134949	
Docking z	2.579194	7.881378	7.288391	3.515228	2.090637	2.93161	4.072693	5.414978	14.68152	12.7236	3.370575	3.011536	13.36331	33.92386	27.13594	17.84593	8.541168	8.13472	4.270432	2.980011	6.610077	12.3885	7.55278	296.1685	66.302	35.30048	52.51263	61.75657	19.52344	8.055328	7.779297	19.69122	25.05014	18.62897	10.93045	12.13327	12.73105	16.04134	10.40799	6.455524	4.191364	3.883709	4.748597	3.199915	2.001323	3.476702	4.61451	3.046965	9.641011	14.12761	12.94166	4.792206	4.070187	7.43523	7.898476	5.574089	2.649323	3.748024	3.281013	2.17337	3.077026	
Total MV Amount	2594.189


Angle TRE instances
Rotate	
ChildRotate	
RotateInverse	1	
ChildRotateInverse	50	51	52	56	58	62	63	67	69	73	74	79	80	84	85	90	91	95	96	
Docking x	62	65	77	79	92	93	
Docking y	83	88	93	
Docking z	84	85	86	89	92	
Total TRE Count	33


Correct Angles	Rotate	ChildRotate	RotateInverse	ChildRotateInverse	Docking x	Docking y	Docking z
	-110	-113.2768	0	135	75.22401	-57.75095	75.5161

Angle Error	Rotate	ChildRotate	RotateInverse	ChildRotateInverse	Docking x	Docking y	Docking z
	9.931396	8.016815	0	3.918594	10.24552	3.133881	1.244522

Time Taken	Hours	Minutes	Seconds	Milliseconds	Seconds float	Completion time
	0	0	5	839	5.839332	00h:00m:05s:839ms

Final Results	Tester Name	Time of Test	Dock Shape Style	Virtual Device Visible	Time Taken	Shape Precision %	Orientation Precision %	Overall Precision %	Efficiency %	Difficulty	Total MV	Total TRE	
	1	2018-11-13_15:32:59	Presets_dockPreset_3	True	00h:00m:05s:839ms	96.96294	99.18919	97.10391	69.91016	0.629742	2594.189	33	
