
Angles Over Time
Frames	Rotate	ChildRotate	RotateInverse	ChildRotateInverse	Docking x	Docking y	Docking z	
0	-96.88245	-134.0951	0	100.5094	-7.176025	4.991917	12.38706	
1	-96.88245	-134.0951	0	100.7438	-7.233887	5.075104	12.39545	
2	-96.88245	-133.6263	0	103.557	-7.230469	5.120121	12.51404	
3	-98.28903	-133.8607	0	101.4471	-6.968781	5.323652	12.24079	
4	-96.88245	-134.3296	0	100.7438	-6.333527	5.016122	11.78747	
5	-96.88245	-134.3296	0	100.7438	-4.905304	4.328653	10.03728	
6	-96.41357	-134.3296	0	100.7438	-3.701385	3.893717	9.141465	
7	-96.64801	-134.564	0	100.9782	-2.72818	4.098459	8.568314	
8	-96.41357	-133.8607	0	101.4471	-2.256348	4.532621	8.142378	
9	-97.35132	-134.3296	0	100.7438	-2.280334	4.721717	7.353451	
10	-96.88245	-134.3296	0	100.9782	-1.848145	4.004175	6.528	
11	-96.88245	-134.0951	0	100.7438	-0.4228516	3.229034	6.397951	
12	-96.88245	-134.3296	0	100.7438	0.5855224	2.26754	6.136406	
13	-96.64801	-133.6263	0	103.3226	-0.09744263	1.036273	5.235646	
14	-97.82019	-134.0951	0	101.6815	-0.1484375	0.8403659	5.66587	
15	-96.88245	-134.3296	0	100.7438	1.432858	0.4014263	7.782446	
16	-96.64801	-134.3296	0	100.9782	4.206161	0.5663083	11.29891	
17	-96.64801	-134.3296	0	100.7438	4.588821	0.9008863	11.32706	
18	-96.41357	-134.3296	0	100.7438	2.925554	0.6027539	9.536257	
19	-96.41357	-133.8607	0	101.6815	1.572924	1.234807	10.26112	
20	-97.58575	-134.0951	0	100.5094	2.053022	1.137328	12.60908	
21	-96.88245	-134.3296	0	100.5094	2.019722	0.2265054	15.19767	
22	-96.88245	-134.3296	0	95.82075	3.623682	-2.613068	12.78277	
23	-97.11688	-134.3296	0	85.50574	3.860053	-5.127686	11.56576	
24	-96.88245	-133.6263	0	5.329991	2.910272	-6.929657	15.84363	
25	-98.0546	-134.0951	0	59.24936	1.024628	-5.74585	22.30968	
26	-97.11688	-129.1721	0	47.99662	1.126212	-5.545105	23.77121	
27	-96.64801	-118.6226	0	41.43253	1.34569	-5.820068	24.51904	
28	-96.41357	-107.3699	0	32.52412	1.327027	-6.668274	23.32017	
29	-88.67731	-97.28931	0	31.82082	1.369428	-7.572693	17.53122	
30	-60.31104	-97.75818	0	34.86843	0.6638048	-7.217377	8.073846	
31	-30.53818	-97.28931	0	31.5864	0.6042276	-7.868835	2.353409	
32	-7.563843	-94.47614	0	27.36662	0.5590795	-7.910309	1.77989	
33	-1.234161	-86.73987	0	23.85014	0.5445415	-8.033325	1.506792	
34	-1.937469	-83.69226	0	14.00399	0.5543647	-8.037781	1.587307	
35	-1.468597	-76.6593	0	8.846493	0.7507404	-7.978058	1.79869	
36	-6.860535	-64.46881	0	2.282398	0.7774935	-8.007568	1.412188	
37	-2.171906	-54.62268	0	-0.7652283	0.7974221	-7.895813	1.529897	
38	-0.06201172	-45.01096	0	-0.5307922	0.8333729	-7.831543	1.499745	
39	1.344579	-36.57141	0	-0.7652283	0.8548606	-7.517822	1.327541	
40	-0.5308838	-31.64835	0	-0.5307922	1.049122	-7.313049	1.276296	
41	-0.5308838	-33.28937	0	7.674328	1.290504	-7.2901	1.32112	
42	-7.094971	-25.5531	0	-0.5307922	1.355288	-7.297943	1.313697	
43	-0.9997559	-18.52014	0	0.4069402	1.402506	-7.255951	1.307519	
44	-1.234161	-7.267426	0	0.6413686	1.534554	-7.075043	1.28146	
45	-1.234161	-0.4688721	0	0.8758047	1.434626	-7.004028	1.275598	
46	-1.234161	-5.391968	0	2.047962	1.168678	-6.796875	1.269839	


Angle MV instances
Rotate	96.88245	7.736267	28.36627	29.77286	22.97433	6.329681	5.391937	4.688629	2.109894	6.564087	6.095215	
ChildRotate	134.0951	4.92308	10.54944	11.25275	10.08057	2.813171	7.736267	3.047607	7.032959	12.19049	9.84613	9.611725	8.439545	4.923065	7.736267	7.032959	11.25272	6.798553	4.923096	
RotateInverse	
ChildRotateInverse	100.5094	2.813179	2.109894	2.578758	4.688629	10.31501	80.17574	53.91937	11.25274	6.564095	8.908409	3.047615	3.282038	4.219778	3.516479	9.846147	5.1575	6.564095	8.20512	8.20512	
Docking x	7.176025	2.773303	
Docking y	4.991917	2.839573	2.514618	
Docking z	12.38706	2.116576	3.51646	2.347959	2.588595	2.414907	4.27787	6.466055	5.78895	9.45737	5.720437	
Total MV Amount	904.454


Angle TRE instances
Rotate	34	36	37	42	43	
ChildRotate	
RotateInverse	1	
ChildRotateInverse	37	41	42	
Docking x	6	
Docking y	5	23	
Docking z	32	
Total TRE Count	12


Correct Angles	Rotate	ChildRotate	RotateInverse	ChildRotateInverse	Docking x	Docking y	Docking z
	-4.617269E-12	-2.016844E-25	0	5.60723E-12	0	0	0

Angle Error	Rotate	ChildRotate	RotateInverse	ChildRotateInverse	Docking x	Docking y	Docking z
	5.922821	2.578766	0	2.047962	1.114799	6.716644	1.241838

Time Taken	Hours	Minutes	Seconds	Milliseconds	Seconds float	Completion time
	0	0	2	771	2.77081	00h:00m:02s:771ms

Final Results	Tester Name	Time of Test	Dock Shape Style	Virtual Device Visible	Time Taken	Shape Precision %	Orientation Precision %	Overall Precision %	Efficiency %	Difficulty	Total MV	Total TRE	
	1	2018-11-02_08:46:07	ZEROING DATA	True	00h:00m:02s:771ms	98.53478	98.52621	98.44263	100	1.136055E-14	904.454	12	
