
Angles Over Time
Frames	Rotate	ChildRotate	RotateInverse	ChildRotateInverse	Docking x	Docking y	Docking z	
0	-72.90839	-96.82037	0	112.9962	-5.417725	28.90116	-177.8956	
1	-72.20508	-96.82037	0	113.2307	-5.46637	28.85595	-177.7635	
2	-72.43951	-97.28925	0	112.9962	-5.563049	28.76927	-177.4996	
3	-72.90839	-97.99252	0	115.1061	-5.56897	29.059	-177.3588	
4	-73.84613	-97.05481	0	113.4651	-5.54245	29.53715	-177.6233	
5	-72.90839	-97.28925	0	112.9962	-5.513306	29.96063	-178.1162	
6	-72.90839	-96.82037	0	112.9962	-5.402557	29.98897	-177.8169	
7	-72.20508	-96.82037	0	113.4651	-5.361542	30.01739	-177.5408	
8	-72.43951	-96.82037	0	113.2307	-5.457123	30.12841	-178.0018	
9	-72.43951	-97.52368	0	113.6995	-5.490814	30.20294	-178.6297	
10	-73.61169	-97.28925	0	112.9962	-5.288055	30.395	-179.3878	
11	-72.90839	-97.05481	0	113.2307	-5.168335	30.90426	179.0873	
12	-72.90839	-97.52368	0	112.9962	-5.284241	31.39222	177.1414	
13	-72.67395	-97.28925	0	113.2307	-5.4776	31.88481	174.8248	
14	-72.90839	-98.22696	0	114.8717	-5.575134	32.09872	173.1827	
15	-74.78384	-97.52365	0	114.1684	-5.486298	32.33891	170.5505	
16	-73.84613	-97.28925	0	113.2307	-5.1604	32.06735	167.0894	
17	-72.90839	-96.82037	0	112.9962	-4.825256	31.05002	162.8836	
18	-72.20508	-96.82037	0	112.9962	-4.025085	29.92484	157.2284	
19	-72.20508	-97.05478	0	112.9962	-2.901154	28.30215	149.9153	
20	-71.97064	-97.75809	0	113.934	-2.210114	26.94001	142.9666	
21	-74.08057	-97.05478	0	112.9962	-1.91983	26.93671	136.7766	
22	-72.67395	-97.05478	0	112.9962	-1.812958	26.84479	132.4956	
23	-72.90839	-97.28922	0	112.9962	-1.548492	26.57755	128.4266	
24	-72.67395	-97.28922	0	112.9962	-1.025452	26.74821	123.9364	
25	-72.90839	-98.46136	0	115.1061	-0.223175	27.53113	114.9802	
26	-74.78384	-97.28922	0	114.1684	0.1875027	27.78509	103.1235	
27	-73.14282	-97.28922	0	112.9962	0.1664357	26.7434	87.59377	
28	-72.67395	-96.82034	0	113.2307	-1.1297	25.34683	73.89444	
29	-71.97067	-96.82034	0	112.9962	-2.191406	25.45392	67.62563	
30	-71.97067	-97.05478	0	112.9962	-2.347198	25.04315	69.02161	
31	-71.97067	-97.52365	0	113.934	-2.602051	23.46492	71.74413	
32	-73.84613	-97.28922	0	112.9962	-2.460358	22.32205	74.18369	
33	-72.90839	-97.28922	0	112.9962	-1.873596	22.0191	77.26201	
34	-72.67395	-97.05478	0	113.2307	-1.179504	21.28124	81.13584	
35	-72.90839	-97.28922	0	113.2307	0.02382541	20.75226	85.13405	
36	-72.67395	-98.22693	0	115.1061	1.756122	21.35063	88.48835	
37	-75.25272	-97.52365	0	113.6995	3.867409	23.95107	86.02254	
38	-72.90839	-97.05478	0	112.9962	6.280763	24.84517	84.3014	
39	-72.67395	-96.82034	0	112.7618	9.361794	20.53439	88.95028	
40	-71.97067	-96.58591	0	112.9962	8.358458	21.17573	91.55125	
41	-72.20511	-96.82034	0	113.2307	6.527036	20.19123	89.92495	
42	-72.43951	-97.52362	0	113.934	7.261134	18.0829	82.79466	
43	-73.37726	-96.82034	0	112.9962	6.865901	16.07721	78.82001	
44	-72.67395	-97.05478	0	113.2307	5.207781	13.34246	80.17339	
45	-72.90839	-97.05478	0	112.9962	4.352403	10.97161	82.10185	
46	-72.90839	-84.39545	0	112.7618	4.052266	12.53598	78.78687	
47	-73.14282	-61.65555	0	104.0878	3.214898	13.63174	69.94103	
48	-86.73987	-32.8204	0	94.00725	1.601093	13.48135	61.67561	
49	-93.77283	-3.516388	0	87.67759	1.213062	11.07757	43.04991	
50	-102.6812	1.406672	0	86.97429	-0.9356689	8.080164	29.4959	
51	-103.8534	2.109965	0	86.271	-0.3260803	7.173491	29.82362	
52	-104.0878	2.109965	0	86.03656	-0.5932922	5.778383	30.99978	
53	-103.8534	-0.9376526	0	83.92667	-0.6482849	4.06783	30.41662	
54	-104.3223	1.875529	0	48.52744	-0.1766663	2.661065	28.9873	
55	-104.3223	0.9378073	0	67.51643	0.03367796	3.32363	30.10211	
56	-104.0878	1.406672	0	67.51643	0.2580421	3.687525	27.4692	
57	-94.47614	0.9378073	0	54.38825	0.3293702	3.275596	20.99306	
58	-77.59702	-4.219696	0	72.43951	0.09511489	2.659032	12.35845	
59	-63.76553	0.4689431	0	71.97065	-0.1455078	1.362254	6.843424	
60	-47.82416	0.2345071	0	73.84611	-0.3046875	0.3525044	0.7391416	
61	-34.22711	-12.4248	0	72.90838	-0.4220276	0.2644173	-1.081207	
62	-16.64471	-35.39917	0	68.45416	-0.3337097	0.759341	-1.108887	
63	3.985317	-37.04019	0	58.37359	-0.08175659	1.460599	-0.9034119	
64	5.860767	-40.55667	0	43.13551	-0.02285767	1.437026	-0.7766724	
65	1.875423	-35.86804	0	31.41391	0.01386954	1.134411	-0.6165161	
66	3.985317	-32.58597	0	-0.2344055	0.2764963	0.8090526	-0.9759216	
67	4.454182	-27.89734	0	0.9377424	0.2450967	0.3225721	-0.9906311	
68	3.750881	-21.09882	0	1.360403E-05	0.1149951	-0.458374	-0.9596863	
69	4.454182	-17.11346	0	5.860815	-0.07000732	-1.459198	-0.9403992	
70	-1.17218	-7.267334	0	3.282065	-0.1018677	-1.926056	-0.8962402	
71	1.640995	-2.109833	0	1.365478E-05	-0.1651306	-2.096436	-0.8045959	
72	4.454181	1.406667	0	0.7033141	-0.2940674	-2.178162	-0.7653809	
73	5.626339	1.172231	0	1.366012E-05	-0.3057251	-2.177826	-0.7425842	
74	6.564067	-0.234375	0	0.2344497	-0.3106079	-2.177399	-0.7105408	
75	3.985317	-5.860718	0	7.736273	-0.299469	-2.176941	-0.6760559	
76	-1.406616	7.332852E-05	0	1.172178	-0.3043518	-2.176514	-0.6440125	


Angle MV instances
Rotate	72.90839	2.109924	2.578766	2.34433	13.59705	7.032959	8.908417	9.61171	16.87912	13.83148	15.94138	13.59705	17.5824	20.63003	3.985344	2.109894	5.626362	2.813187	2.57875	5.391933	
ChildRotate	96.82037	12.65933	22.7399	28.83514	29.30402	4.923059	5.157503	4.688639	12.65931	22.97437	3.516479	4.688629	3.282074	4.688629	6.798523	3.985352	9.84613	5.157501	5.626343	5.860791	
RotateInverse	
ChildRotateInverse	112.9962	2.109894	2.109894	8.673988	10.08057	6.329659	2.109886	35.39923	18.98899	13.12818	18.05125	4.454216	10.08057	15.23809	11.72159	31.64832	5.860801	2.57875	3.282051	7.501823	6.564095	
Docking x	5.417725	2.111288	2.413354	3.08103	
Docking y	28.90116	2.600439	4.310783	2.108322	2.005695	2.734752	2.370843	2.403774	2.997407	
Docking z	177.8956	2.316589	2.632187	3.461121	4.205719	5.655197	7.313141	6.9487	6.190018	4.280975	4.06897	4.490242	8.956154	11.8567	15.52976	13.69933	6.268814	2.722519	2.43956	3.078316	3.873833	3.998207	3.354301	2.465813	4.64888	2.600967	7.130287	3.974648	3.314987	8.845833	8.265427	18.62569	13.55401	2.632908	6.476145	8.634612	5.515021	6.104282	
Total MV Amount	1334.661


Angle TRE instances
Rotate	65	73	75	
ChildRotate	50	61	71	75	76	
RotateInverse	1	
ChildRotateInverse	67	69	70	75	76	
Docking x	18	38	45	
Docking y	54	
Docking z	61	
Total TRE Count	18


Correct Angles	Rotate	ChildRotate	RotateInverse	ChildRotateInverse	Docking x	Docking y	Docking z
	-1.137872E-21	0	0	1.137872E-21	0	0	0

Angle Error	Rotate	ChildRotate	RotateInverse	ChildRotateInverse	Docking x	Docking y	Docking z
	3.750881	0.9376526	0	1.29495E-05	0.3000183	2.176178	0.6187744

Time Taken	Hours	Minutes	Seconds	Milliseconds	Seconds float	Completion time
	0	0	4	531	4.531434	00h:00m:04s:531ms

Final Results	Tester Name	Time of Test	Dock Shape Style	Virtual Device Visible	Time Taken	Shape Precision %	Orientation Precision %	Overall Precision %	Efficiency %	Difficulty	Total MV	Total TRE	
	1	2018-11-02_08:40:34	ZEROING DATA	True	00h:00m:04s:531ms	99.34882	99.48241	99.38226	100	2.528605E-24	1334.661	18	
