
Angles Over Time
Frames	Rotate	ChildRotate	RotateInverse	ChildRotateInverse	Docking x	Docking y	Docking z	
0	-17.34744	-113.2307	0	138.55	84.39301	38.64793	75.02532	
1	-17.11301	-113.934	0	139.0188	84.39674	39.04658	75.49654	
2	-21.5672	-113.4651	0	138.55	84.38752	39.04483	75.84316	
3	-17.81628	-113.6995	0	138.3155	84.38382	38.93711	75.83321	
4	-17.11301	-113.4651	0	138.3155	84.39149	38.90966	75.81399	
5	-17.81628	-113.4651	0	138.0811	84.38194	39.14709	75.95374	
6	-17.11301	-114.1684	0	138.7844	84.32985	39.09836	75.77448	
7	-21.5672	-113.934	0	138.55	84.18146	38.59752	72.9518	
8	-18.51959	-113.4651	0	138.3155	84.16474	41.50994	70.14163	
9	-17.58188	-113.4651	0	138.3155	83.10366	37.06857	56.8748	
10	-12.65878	-113.2307	0	138.3155	77.63045	27.93615	38.69133	
11	-0.7027588	-113.2307	0	138.3155	69.10729	19.79105	25.47987	
12	0.0005373433	-105.7289	0	138.7844	59.06257	18.22097	19.03962	
13	-4.453674	-94.00726	0	138.3155	45.92091	23.81062	15.47472	
14	-2.109344	-83.69226	0	138.3155	37.81377	28.23649	11.44707	
15	-2.343781	-69.15747	0	138.3155	38.28105	30.47446	6.575799	
16	-1.874908	-51.57507	0	138.55	34.50131	32.67011	0.6607145	
17	-3.047089	-29.53845	0	138.55	28.72498	35.89659	-0.4581909	
18	-18.75403	-1.875458	0	138.55	24.57189	39.04704	7.32815	
19	-48.52692	0.7032834	0	138.3155	20.63667	42.23083	17.75651	
20	-52.04337	2.344305	0	138.3155	19.9503	42.90358	20.11312	
21	-52.74667	2.344305	0	138.3155	20.35759	44.19198	21.10772	
22	-52.98111	2.344305	0	138.3155	19.39957	45.24421	20.10632	
23	-53.21555	-1.875458	0	138.3155	17.99603	45.43469	16.37371	
24	-51.57452	0.4688473	0	137.3778	17.59998	45.04522	11.73336	
25	-45.47928	-0.4688721	0	131.0482	17.5687	44.81544	9.677909	
26	-45.24484	-0.4688721	0	126.3595	16.9638	45.3222	9.767324	
27	-45.01041	-1.723541E-05	0	123.0775	17.1139	45.97686	10.94885	
28	-45.24484	-4.923096	0	122.843	16.45332	46.98372	9.073194	
29	-48.05804	-2.578766	0	119.3265	15.42093	47.06853	9.539934	
30	-45.71371	0.4688471	0	116.5134	14.72458	46.77299	9.386219	
31	-43.13495	2.344305	0	111.3559	13.17453	46.58074	8.863368	
32	-41.02509	1.875441	0	105.0262	11.28158	46.73891	9.824734	
33	-40.32178	2.109877	0	101.7441	10.59926	46.66238	9.370383	
34	-39.14963	-2.109894	0	101.5097	10.32159	46.60902	7.3934	
35	-36.33643	-1.737364E-05	0	100.3376	9.801481	46.78652	0.4634307	
36	-21.33279	-4.454224	0	95.41448	7.749323	47.10215	-4.100311	
37	-18.51959	-9.377289	0	92.6013	6.739972	47.13323	-4.360931	
38	-14.0654	-26.02197	0	91.19471	6.163878	47.01869	-4.406952	
39	-3.047089	-31.64835	0	88.61596	5.151381	47.02531	-4.847473	
40	-7.03244	-28.83514	0	75.48777	4.30742	46.90248	-4.795654	
41	-3.750397	-26.02197	0	60.24969	3.740961	46.96394	-4.321136	
42	-0.7027588	-26.49084	0	6.799201	3.653483	46.97688	-4.008911	
43	-1.171631	-25.5531	0	32.82115	3.16297	47.01226	-3.136658	
44	-1.406067	-26.72528	0	24.61603	2.656489	47.04593	-2.924164	
45	-0.9371948	-29.30402	0	22.97501	2.240018	47.02007	-2.771576	
46	-3.047089	-26.49084	0	21.09955	2.235028	46.94455	-2.6409	
47	-0.9371948	-24.14651	0	17.34864	2.184968	46.94605	-2.65155	
48	-0.4683228	-18.28571	0	13.3633	2.031284	46.95221	-2.642334	
49	-0.4683228	-8.908417	0	11.95671	1.952301	46.99671	-2.63324	
50	-0.4683228	-12.19049	0	14.53546	1.898805	47.01517	-2.676056	
51	-6.094696	-2.578766	0	0.4695393	1.918414	47.00652	-2.645691	
52	-0.2339172	-1.641052	0	0.4695393	1.862585	47.08508	-3.030731	
53	2.579282	0.2344193	0	0.9384037	1.871527	47.08495	-3.02359	
54	1.875981	-1.675527E-05	0	0.0006747883	1.880469	47.08483	-3.016418	
55	2.344846	-0.7033081	0	0.2351032	1.937655	47.08254	-3.014648	
56	2.579282	-2.813202	0	3.986018	1.890076	47.09828	-3.082703	
57	-2.343781	-0.234436	0	0.235103	1.92404	47.0973	-3.07019	
58	0.9382524	-1.641052	0	0.0006746101	1.868151	46.96386	-3.007233	
59	0.9382524	-0.234436	0	0.7039675	1.780074	45.16461	-2.928101	
60	0.2349595	-0.9377441	0	0.0006746267	1.699871	41.54406	-2.784637	
61	0.7038239	-6.329681	0	6.095904	1.731791	40.41993	-2.685181	
62	-4.219238	-3.282074	0	2.813861	1.722484	38.68564	-2.348724	
63	-1.171631	-0.7033081	0	0.0006745771	1.559365	33.37043	-1.976501	
64	0.7038238	0.9377115	0	1.172832	1.453091	30.48563	-1.904633	
65	1.641553	0.9377115	0	0.2351029	1.322433	29.21256	-1.975739	
66	2.579282	-0.7033081	0	0.0006744893	1.30081	26.88754	-1.996521	
67	0.9382523	-4.219788	0	7.033634	1.246159	24.22277	-1.987915	
68	-2.109375	-1.17218	0	0.0006744562	1.219286	22.0104	-1.936615	
69	0.7038239	-0.7033081	0	0.0006744562	1.218097	19.76843	-1.823761	
70	0.7038239	1.406576	0	1.172832	1.201458	18.92376	-1.787933	
71	0.2349595	0.9377115	0	0.4695388	1.222291	18.92366	-1.778381	
72	2.344846	1.172148	0	0.4695388	1.222291	18.92366	-1.778381	
73	2.110417	-2.813202	0	2.579425	1.232707	18.9236	-1.773621	
74	-0.2339172	1.172148	0	0.0006746273	1.269643	18.39585	-1.733276	
75	2.579282	1.172148	0	1.172832	1.278216	17.99618	-1.708832	
76	1.875981	-1.17218	0	0.235103	1.275482	17.55583	-1.688507	
77	0.7038239	-0.7033081	0	0.9384034	1.285953	17.55579	-1.683868	
78	0.0005309934	-5.860809	0	7.971362	1.296426	17.55575	-1.67923	
79	-5.86026	-0.9377441	0	0.235104	1.306898	17.55572	-1.674591	
80	0.9382522	-1.406616	0	-0.2337646	1.305845	17.17117	-1.655182	
81	0.7038237	-1.17218	0	0.0006756238	1.30151	16.88018	-1.626129	
82	0.7038237	-0.4688721	0	1.407269	1.310747	16.47001	-1.601837	
83	0.7038237	-5.626373	0	5.627042	1.309102	16.02375	-1.581726	
84	-5.156982	-0.9377441	0	3.282727	1.315231	15.42409	-1.555298	
85	0.7038234	1.406577	0	0.2351039	1.313257	14.15128	-1.495819	


Angle MV instances
Rotate	17.34744	4.454193	3.750916	4.454193	3.047607	4.923096	11.95602	4.454212	2.34433	15.70694	29.77289	3.516449	6.095245	2.813202	2.34433	2.578766	2.109863	2.813202	15.00363	2.813202	4.454193	11.01831	3.985352	3.282043	3.047638	2.109894	2.109894	5.626373	5.860779	2.813199	4.923062	3.047607	2.109886	2.813199	5.860791	6.798512	5.860806	5.860806	
ChildRotate	113.2307	7.501816	11.72159	10.315	14.53479	17.5824	22.03662	27.66299	4.923079	2.34433	3.047613	2.109876	4.454206	4.923065	16.64468	5.626373	2.813202	2.813171	2.578735	2.813171	2.34433	5.860809	9.377289	3.282074	9.611725	2.109894	2.578766	5.391937	3.047607	2.578766	3.516479	3.047607	5.157501	4.923065	5.157501	4.688629	
RotateInverse	
ChildRotateInverse	138.55	6.329651	4.688644	3.282043	3.516487	2.813171	5.157509	6.329666	3.282051	4.923073	2.813179	2.578751	13.12819	15.23808	53.45049	26.02195	8.20512	3.750908	3.985343	2.578751	14.06592	3.750915	3.750915	6.09523	3.282043	2.813187	7.032959	7.03296	2.109886	2.578751	7.032959	7.736258	4.219773	2.344315	3.047623	
Docking x	84.39301	5.473213	8.523155	10.04472	13.14166	8.10714	3.779736	5.776333	4.15309	3.935219	2.052158	
Docking y	38.64793	2.912422	4.441368	9.132418	8.145102	5.589645	4.425873	2.237967	2.195652	3.226482	3.150452	3.183792	3.620548	5.315208	2.884802	2.325016	2.664774	2.212374	2.241968	
Docking z	75.02532	2.822685	2.810165	13.26683	18.18347	13.21146	6.440254	3.564893	4.027653	4.871271	5.915085	7.786341	10.42836	2.356617	3.732605	4.640351	2.055454	6.929969	4.563742	
Total MV Amount	1414.316


Angle TRE instances
Rotate	12	18	39	40	41	51	52	79	80	84	85	
ChildRotate	19	37	51	61	62	78	79	83	84	
RotateInverse	1	
ChildRotateInverse	52	61	62	67	68	78	79	83	84	
Docking x	41	
Docking y	
Docking z	17	18	35	
Total TRE Count	33


Correct Angles	Rotate	ChildRotate	RotateInverse	ChildRotateInverse	Docking x	Docking y	Docking z
	-1.054999E-23	0	0	1.490113E-23	0	0	0

Angle Error	Rotate	ChildRotate	RotateInverse	ChildRotateInverse	Docking x	Docking y	Docking z
	2.579281	0.9377122	0	0.2351038	1.309833	13.39745	1.446594

Time Taken	Hours	Minutes	Seconds	Milliseconds	Seconds float	Completion time
	0	0	5	74	5.073815	00h:00m:05s:074ms

Final Results	Tester Name	Time of Test	Dock Shape Style	Virtual Device Visible	Time Taken	Shape Precision %	Orientation Precision %	Overall Precision %	Efficiency %	Difficulty	Total MV	Total TRE	
	1	2018-11-02_08:39:02	ZEROING DATA	True	00h:00m:05s:074ms	99.47887	97.2511	98.42016	100	2.827902E-26	1414.316	33	
