
Angles Over Time
Frames	Rotate	ChildRotate	RotateInverse	ChildRotateInverse	Docking x	Docking y	Docking z	
0	-5.162994	-7.032959	0	-0.4743042	-0.03601074	0.9987671	-0.07516479	
1	2.418841	4.429367E-10	0	0.07451859	-0.0009714338	0.3400412	-0.02587891	
2	2.418841	0.234436	0	0.308947	-0.04196167	0.5510755	-0.03747559	
3	2.418841	0.234436	0	0.308947	-0.06741333	0.8015663	-0.06750488	
4	2.418841	-3.516479	0	6.404183	-0.1413269	1.288145	-0.1018677	
5	-2.504242	-0.234436	0	0.07451762	-0.165802	1.458283	-0.1137085	
6	2.184405	0.7032931	0	0.07451762	-0.1903381	1.742535	-0.1290283	
7	2.41884	0.9377292	0	1.246675	-0.2073669	1.742152	-0.1443787	
8	1.715548	0.7032932	0	1.246675	-0.2073669	1.742152	-0.1443787	
9	1.715548	-4.688629	0	2.887704	-0.01309204	1.716842	-0.1538086	
10	-2.504242	-2.109894	0	2.887704	0.5850908	1.996292	-0.2242432	
11	0.07451801	-4.688629	0	-0.1599121	0.4844796	2.262187	-0.3067932	
12	2.653268	-35.16479	0	0.3089459	0.9026623	2.731908	-0.2633972	
13	2.653268	-45.24536	0	1.481111	1.337566	3.397481	-0.2042847	
14	1.949975	-45.24536	0	1.246675	1.257259	3.600465	-0.2047729	
15	1.481111	-48.05856	0	7.341913	1.698542	5.067964	-0.3379517	
16	-2.973083	-28.60071	0	2.653268	2.148856	8.148406	-0.9539795	
17	-6.255127	0.7032964	0	1.012247	2.949273	8.341527	-1.406311	
18	-32.04266	6.798534	0	0.07451766	3.176517	8.602985	-1.884277	
19	-48.68735	7.970692	0	0.543382	3.196877	8.739339	-2.046478	
20	-66.50418	7.501828	0	1.012246	3.288982	6.457913	-2.647461	
21	-70.02063	3.985348	0	2.887704	3.212219	4.554554	-4.352112	
22	-71.42725	5.157506	0	0.07451757	2.923042	3.432481	-4.609833	
23	-70.4895	4.923077	0	3.122133	2.592481	3.756082	-8.272736	
24	-68.84848	5.62637	0	21.8767	3.113874	3.452105	-18.42349	
25	-49.62506	-0.4688721	0	41.56898	2.298281	4.14615	-34.83331	
26	-23.36868	-5.157501	0	61.73014	2.132393	3.197309	-50.14301	
27	-5.786285	2.578755	0	66.41878	1.790587	2.13429	-61.89276	
28	0.777823	4.219784	0	67.12206	1.559761	2.060409	-66.28146	
29	2.653273	4.454213	0	68.29422	1.548635	1.892356	-68.34357	
30	4.059867	-10.54944	0	67.82537	1.692663	2.253255	-65.51352	
31	4.528731	-63.7655	0	67.12208	1.788905	2.760676	-61.88403	
32	4.294303	-76.1904	0	67.59093	1.816621	3.349129	-57.80057	
33	-2.738647	-75.01822	0	66.41878	1.89909	3.911007	-58.5979	
34	-1.332062	-75.01822	0	66.88764	1.855793	4.038715	-59.17578	
35	-6.020721	-75.01822	0	66.88764	1.856343	4.123047	-59.31476	
36	-11.64706	-75.25269	0	66.18434	1.829434	4.396356	-58.30289	
37	-25.24414	-76.65927	0	70.63855	1.745512	4.772235	-56.80182	
38	-36.73129	-75.72153	0	67.3565	1.745981	4.926652	-57.32639	
39	-35.55914	-75.01825	0	66.88764	1.690753	4.780395	-59.11731	
40	-36.02802	-74.31494	0	66.65321	1.647863	4.570921	-61.83948	
41	-34.6214	-74.31494	0	67.3565	1.57213	4.577874	-64.5939	
42	-34.6214	-74.31494	0	67.82537	1.452076	4.647666	-66.19199	
43	-34.6214	-75.95596	0	68.7631	1.34082	4.38847	-66.07208	
44	-36.96573	-75.25269	0	67.35651	1.280033	4.157292	-65.58228	
45	-35.32471	-75.01825	0	67.12208	1.298614	4.066683	-65.60376	
46	-35.55914	-75.01825	0	67.59093	1.324216	4.270549	-65.63287	
47	-35.79358	-75.25269	0	67.3565	1.273402	4.401924	-65.60242	
48	-35.32471	-77.12814	0	70.87297	1.205935	4.50563	-65.56622	
49	-39.07562	-75.72156	0	68.52866	1.217787	4.628579	-65.47665	
50	-37.4346	-74.78381	0	67.12206	1.303187	4.909681	-65.33069	
51	-38.37231	-74.54938	0	67.82537	1.294966	4.986654	-65.25528	
52	-38.37231	-75.01825	0	67.12208	1.205187	5.042195	-65.29703	
53	-37.90347	-75.01825	0	67.35651	1.202647	5.189202	-65.10181	
54	-38.84119	-77.12814	0	71.81071	1.214815	5.208756	-64.94937	
55	-42.82654	-74.78381	0	67.82537	1.232388	5.370951	-64.94577	
56	-39.54449	-75.25269	0	67.35651	1.21252	5.535311	-64.99121	
57	-38.84119	-74.31494	0	67.35651	1.229301	5.756876	-64.96622	
58	-38.60675	-74.31494	0	67.12208	1.248102	5.861685	-64.93915	
59	-38.60675	-74.54938	0	67.12208	1.266854	5.96651	-64.91202	


Angle MV instances
Rotate	5.162994	7.581835	2.57876	2.57875	3.282043	25.78754	16.64468	17.81683	3.516449	19.22342	26.25638	17.5824	6.564108	4.68866	5.626343	13.59708	11.48715	2.34433	3.750916	3.985352	3.282043	
ChildRotate	7.032959	7.032959	3.750916	3.282043	5.391922	2.578735	2.578735	30.47617	10.08057	2.813202	19.45786	29.304	6.095238	3.51648	6.095242	4.688629	7.736256	15.00365	53.21606	12.4249	2.109894	2.34433	
RotateInverse	
ChildRotateInverse	6.095236	6.329666	3.047616	6.095239	4.688645	2.813187	3.047615	18.75456	19.69228	20.16116	4.688641	4.454208	3.282051	3.516472	2.344307	4.454201	3.985344	
Docking x	
Docking y	3.080442	2.281426	
Docking z	3.662903	10.15076	16.40982	15.30969	11.74976	4.388702	2.062103	2.830048	3.629486	4.083466	2.722168	2.754425	
Total MV Amount	642.9147


Angle TRE instances
Rotate	
ChildRotate	
RotateInverse	1	
ChildRotateInverse	1	4	5	15	16	24	
Docking x	
Docking y	
Docking z	
Total TRE Count	5


Correct Angles	Rotate	ChildRotate	RotateInverse	ChildRotateInverse	Docking x	Docking y	Docking z
	-110	-38.68942	0	4.281091E-28	-6.105316	-12.8602	-30.05948

Angle Error	Rotate	ChildRotate	RotateInverse	ChildRotateInverse	Docking x	Docking y	Docking z
	71.39325	37.03214	0	68.99754	7.390204	18.93016	34.86148

Time Taken	Hours	Minutes	Seconds	Milliseconds	Seconds float	Completion time
	0	0	3	539	3.539318	00h:00m:03s:539ms

Final Results	Tester Name	Time of Test	Dock Shape Style	Virtual Device Visible	Time Taken	Shape Precision %	Orientation Precision %	Overall Precision %	Efficiency %	Difficulty	Total MV	Total TRE	
	1	2018-11-02_08:54:13	Presets_dockPreset_4	True	00h:00m:03s:539ms	75.35793	90.03858	81.06311	97.37074	0.2196827	642.9147	5	
