
Angles Over Time
Frames	Rotate	ChildRotate	RotateInverse	ChildRotateInverse	Docking x	Docking y	Docking z	
0	-3.914581	-1.875458	0	0.07080004	0.007756097	1.376673	-0.05215454	
1	0.755606	0.4688644	0	0.2867492	-0.007141113	0.206237	-0.01385498	
2	0.5211776	-4.219788	0	6.381979	-0.0149231	0.6255541	-0.03231812	
3	-4.16748	0.2344281	0	0.9900422	-0.0149231	0.6255541	-0.03231812	
4	0.2867416	0.2344281	0	0.05231328	-0.0149231	0.6255541	-0.03231812	
5	0.7556061	0.2344281	0	0.7556137	-0.01547241	0.8479955	-0.03717041	
6	0.2867417	0.7032925	0	0.5211777	-0.02301025	1.226015	-0.05484009	
7	0.2867417	-4.219788	0	5.913115	-0.01394653	1.43241	-0.06585693	
8	-5.105194	-1.751357E-07	0	4.037664	-0.02142334	1.893018	-0.08535767	
9	-0.1821289	1.406585	0	0.2867489	-0.01934814	2.502773	-0.1145935	
10	2.631064	2.109886	0	0.7556134	-0.01965332	2.725204	-0.1194458	
11	2.162199	1.87545	0	0.286749	-0.02645874	3.004603	-0.1350708	
12	2.631064	2.109886	0	1.224478	-0.02645874	3.246081	-0.1404114	
13	1.693335	-1.406586	0	4.037664	-0.02648926	3.287389	-0.1413269	
14	-2.526459	1.641022	0	0.2867489	-0.05853271	3.592254	-0.1545105	
15	2.396628	2.109886	0	0.2867489	-0.08398438	3.700351	-0.1538696	
16	2.396628	0.4688644	0	0.2867489	-0.08078003	3.865247	-0.1734619	
17	1.693335	-0.234436	0	0.05231292	-0.02987671	4.163852	-0.1860657	
18	0.7556064	-4.68866	0	5.209822	-0.02975464	4.256059	-0.1881104	
19	-5.33963	0.468864	0	0.5211769	-0.02026367	4.519605	-0.2001343	
20	0.5211777	0.468864	0	0.755613	-0.02026367	4.808723	-0.2064819	
21	0.2867417	-4.268833E-07	0	0.05231247	-0.02011108	4.777048	-0.2058105	
22	0.7556061	0.234428	0	0.05231247	-0.02627563	5.148563	-0.2235718	
23	0.7556061	-4.454224	0	5.678687	-0.01638794	5.405863	-0.2354126	
24	-5.105194	0.2344279	0	3.803229	-0.02236938	5.63763	-0.2501831	
25	-0.4165649	1.172157	0	-0.1821289	-0.02209473	5.812482	-0.2540283	
26	0.7556066	0.4688641	0	0.2867492	-0.0279541	5.987144	-0.2675781	
27	0.5211782	2.109886	0	0.9900419	-0.0118103	6.244657	-0.2696228	
28	-0.1821289	-0.234436	0	0.2867491	0.01368667	6.244565	-0.2721252	
29	0.5211781	-2.578766	0	2.8655	-0.02770996	6.276186	-0.2739258	
30	0.05231374	1.87545	0	1.224478	-0.04891968	6.568596	-0.2937622	
31	1.927764	1.641021	0	0.052313	-0.0430603	6.460714	-0.2816467	
32	2.396629	1.641021	0	0.2867491	-0.03890991	6.702042	-0.3027954	
33	2.631065	2.109886	0	1.224478	-0.03875732	6.825897	-0.305542	
34	1.693336	-1.641022	0	4.037664	-0.03869629	6.924241	-0.3076782	
35	-2.526459	2.344315	0	0.7556136	-0.03805542	7.191415	-0.3136292	
36	2.1622	0.4688641	0	0.05231311	-0.04348755	7.375855	-0.3274841	
37	0.7556071	-2.66802E-07	0	0.2867492	-0.04312134	7.566489	-0.3317261	
38	0.7556071	0.4688641	0	0.05231311	-0.04278564	7.643062	-0.3334351	
39	0.7556071	-5.157501	0	6.616416	-0.04257202	7.766888	-0.3361816	
40	-4.16748	-8.529091E-07	0	0.2867492	-0.04779053	8.049641	-0.3522339	
41	0.521179	-0.234436	0	0.2867492	-0.04309082	8.316492	-0.3739014	
42	0.7556074	0.2344275	0	0.05231316	-0.04266357	8.450096	-0.3768616	
43	0.7556074	0.2344275	0	0.5211775	-0.04220581	8.583704	-0.3798523	
44	0.7556074	-5.157501	0	4.740958	-0.04177856	8.717305	-0.3828125	
45	-4.16748	-0.234436	0	2.8655	-0.04107666	8.917711	-0.3872375	
46	0.7556074	2.109886	0	0.2867497	-0.04510498	9.410671	-0.4080505	
47	2.396629	1.87545	0	0.755614	-0.04495239	9.420539	-0.4082947	
48	0.7556074	1.641021	0	-0.1821289	-0.04507446	9.394985	-0.4077148	
49	2.396629	2.109886	0	0.521178	-0.04507446	9.394985	-0.4077148	
50	1.693336	-1.406586	0	3.334365	-0.04498291	9.436229	-0.4086304	
51	-1.823151	2.109886	0	0.9900423	-0.0440979	9.677866	-0.4139709	
52	1.927764	1.641021	0	0.2867495	-0.04977417	9.703235	-0.4244385	
53	2.631065	2.344314	0	1.224478	-0.04959106	9.713118	-0.4246826	
54	1.927764	0.7032924	0	0.05231343	-0.04949951	9.770034	-0.4259338	
55	2.396629	-2.34433	0	6.147551	-0.04852295	9.964647	-0.4302673	
56	-1.354279	-4.267975E-07	0	-0.4165344	-0.04312134	10.25705	-0.4524536	
57	0.7556074	0.234428	0	0.5211779	-0.04208374	10.483	-0.4574585	
58	0.286743	0.234428	0	-0.1821289	-0.04223633	10.44178	-0.456543	
59	0.7556074	0.4688641	0	0.5211779	-0.04223633	10.44178	-0.456543	
60	0.7556074	-4.219788	0	5.209823	-0.04284668	10.3395	-0.4542542	
61	-4.870758	-4.265974E-07	0	2.396636	-0.04266357	10.34942	-0.4544983	
62	0.2867425	0.234428	0	0.9900423	-0.04269409	10.38073	-0.4551697	
63	-0.1821289	-0.234436	0	0.2867495	-0.04104614	10.70895	-0.4624634	
64	0.7556071	0.4688641	0	1.458907	-0.04647827	10.77555	-0.473877	
65	0.2867427	-0.234436	0	0.2867495	-0.04602051	10.88355	-0.4762573	
66	0.2867427	-1.17218	0	2.8655	-0.0458374	10.89349	-0.4765015	
67	0.5211787	2.109886	0	0.7556137	-0.03479004	11.10362	-0.4868469	
68	2.1622	1.87545	0	0.2867494	-0.03881836	11.42173	-0.5038147	
69	2.396629	0.4688641	0	0.7556137	-0.03399658	11.2784	-0.4906921	
70	2.1622	1.641021	0	0.05231327	-0.03317261	11.4063	-0.4935303	
71	2.631065	-2.34433	0	2.631072	-0.03814697	11.55529	-0.5067749	
72	-1.354279	2.109886	0	1.224478	-0.03747559	11.65762	-0.5090637	
73	1.693336	0.4688642	0	0.05231318	-0.03729248	11.652	-0.5089722	
74	0.5211785	0.2344282	0	0.05231318	-0.03747559	11.65762	-0.5090637	
75	0.7556069	0.4688642	0	1.458907	-0.03747559	11.65762	-0.5090637	
76	-0.1821289	-4.923065	0	8.491866	-0.03781128	11.57524	-0.5072632	
77	-5.574066	-0.234436	0	0.2867494	-0.04187012	11.83655	-0.5230408	
78	0.7556073	0.4688645	0	1.224478	-0.04083252	12.05247	-0.527771	
79	0.05231446	0.4688645	0	0.5211778	-0.04064941	12.06247	-0.5280151	
80	0.2867429	0.4688645	0	0.7556138	-0.04031372	12.12924	-0.52948	
81	-0.4165649	-3.985352	0	3.334365	-0.04013062	12.15483	-0.5300598	
82	-4.636322	0.4688647	0	3.334365	-0.0397644	12.23718	-0.5318604	
83	0.2867425	1.641022	0	0.05231372	-0.03887939	12.38072	-0.5350342	
84	0.9900354	0.4688646	0	0.7556142	-0.03887939	12.34956	-0.5343933	
85	0.05231413	1.87545	0	0.2867498	-0.03887939	12.36514	-0.534729	
86	1.927764	2.344315	0	0.5211781	-0.03887939	12.36514	-0.534729	
87	0.5211788	-1.641022	0	2.865501	-0.03887939	12.36514	-0.534729	
88	-1.588715	0.703293	0	0.7556142	-0.0390625	12.33955	-0.5341492	
89	2.1622	2.109886	0	0.7556142	-0.03851318	12.41633	-0.5358582	
90	1.927764	1.87545	0	-0.1821289	-0.03851318	12.41633	-0.5358582	
91	2.631064	1.016343E-07	0	0.2867497	-0.03851318	12.41633	-0.5358582	
92	2.396629	-1.875458	0	4.037665	-0.03851318	12.41633	-0.5358582	
93	-2.292023	0.2344284	0	0.2867496	-0.03851318	12.41633	-0.5358582	
94	0.7556064	0.4688645	0	1.458907	-0.03851318	12.41633	-0.5358582	
95	0.286742	0.7032928	0	1.224478	-0.03851318	12.41633	-0.5358582	
96	-0.4165649	0.2344285	0	0.05231353	-0.03851318	12.41633	-0.5358582	
97	0.7556064	-4.219788	0	6.147552	-0.03851318	12.41633	-0.5358582	
98	-3.933044	0.2344283	0	0.2867499	-0.03851318	12.41633	-0.5358582	
99	0.7556064	0.4688644	0	0.2867499	-0.03851318	12.41633	-0.5358582	
100	0.7556064	0.4688644	0	1.224479	-0.03833008	12.44192	-0.536438	
101	-0.4165649	0.2344283	0	1.224479	-0.03833008	12.44192	-0.536438	
102	-0.1821289	-4.454224	0	4.506522	-0.03851318	12.44748	-0.5365295	
103	-4.16748	-0.234436	0	2.396636	-0.03851318	12.44748	-0.5365295	
104	0.5211779	2.109886	0	0.9900426	-0.03869629	12.40631	-0.535614	
105	0.2867419	0.4688642	0	0.2867498	-0.0390625	12.33955	-0.5341492	
106	0.7556064	2.109886	0	0.0523137	-0.0390625	12.33955	-0.5341492	
107	0.9900345	1.641021	0	0.2867498	-0.0390625	12.33955	-0.5341492	
108	0.9900345	-0.234436	0	2.8655	-0.0390625	12.33955	-0.5341492	
109	0.2867417	2.109886	0	0.2867497	-0.0390625	12.33955	-0.5341492	
110	2.396628	7.267386	0	0.05231365	0.9598053	12.36441	-1.168579	
111	4.037657	7.970687	0	0.2867497	-0.5707397	12.75318	-0.5627747	
112	4.037657	8.439552	0	0.5211781	0.008122269	12.72792	-0.5804749	
113	3.803221	3.985344	0	3.334365	0.02818988	12.74311	-0.5918579	
114	-0.1821289	6.09523	0	0.9900423	-0.01196289	12.90241	-0.5987854	
115	2.162199	5.391929	0	0.05231349	-0.0531311	12.90262	-0.6023254	
116	2.396628	5.391929	0	0.05231349	-0.06356812	12.85161	-0.5956421	
117	2.396628	5.626365	0	0.05231349	-0.06338501	12.86165	-0.5958862	
118	2.396628	-0.7033081	0	6.147551	-0.05273438	12.95382	-0.6034546	
119	-3.698608	5.391929	0	2.396636	-0.05273438	12.95382	-0.6034546	
120	2.162199	6.329658	0	0.2867501	-0.05111694	13.17416	-0.6083679	
121	2.162199	6.09523	0	0.2867501	-0.05554199	13.34862	-0.6222839	
122	2.162199	6.329658	0	0.5211785	-0.05453491	13.46109	-0.6248169	
123	2.162199	5.860793	0	0.2867501	-0.05557251	13.33308	-0.6219482	
124	1.22447	3.985343	0	2.865501	-0.05557251	13.33308	-0.6219482	
125	0.2867417	8.205116	0	0.7556144	-0.05325317	13.64577	-0.6289063	
126	3.803221	7.970688	0	0.28675	-0.05325317	13.64577	-0.6289063	
127	3.803221	7.501824	0	0.28675	-0.0526123	13.73811	-0.6309509	
128	4.272085	7.970688	0	0.28675	-0.05371094	13.57903	-0.6274414	
129	4.037657	4.219773	0	3.334365	-0.05282593	13.7125	-0.6303711	
130	-0.1821289	7.736252	0	0.05231395	-0.0524292	13.76371	-0.6315002	
131	4.037657	7.736252	0	0.28675	-0.05160522	13.85061	-0.6334839	
132	4.037657	5.39193	0	0.05231396	-0.05160522	13.85061	-0.6334839	
133	2.631064	6.095231	0	0.05231396	-0.05178833	13.84052	-0.6332397	
134	2.396628	0.4688647	0	6.38198	-0.05178833	13.84052	-0.6332397	
135	-2.526459	6.329659	0	0.7556142	-0.05178833	13.84052	-0.6332397	
136	1.458899	5.860794	0	0.05231375	-0.05178833	13.84052	-0.6332397	
137	2.162199	6.09523	0	0.05231375	-0.05178833	13.84052	-0.6332397	
138	2.631064	6.09523	0	0.2867498	-0.05178833	13.84052	-0.6332397	
139	2.396628	1.406585	0	6.850845	-0.05157471	13.86613	-0.6337891	
140	-3.229736	6.329659	0	3.334365	-0.0524292	13.74819	-0.6311951	
141	1.458899	6.09523	0	0.2867504	-0.05609131	14.01492	-0.6471558	
142	2.162199	6.329659	0	0.5211788	-0.05609131	14.01492	-0.6471558	
143	2.162199	6.09523	0	1.458908	-0.05609131	14.01492	-0.6471558	
144	1.458899	1.406585	0	0.7556148	-0.05526733	14.10183	-0.6491089	
145	-2.760864	5.860794	0	4.037665	-0.05374146	14.29658	-0.6534424	
146	1.458899	7.970689	0	0.05231455	-0.05844116	14.38873	-0.6655884	
147	4.037657	6.564096	0	0.9900435	-0.05578613	14.69604	-0.6724243	
148	3.334357	7.970689	0	0.7556152	-0.05596924	14.7014	-0.6725159	
149	3.568792	7.970689	0	0.2867508	-0.05581665	14.68055	-0.6721191	
150	4.272085	3.750909	0	2.865502	-0.05511475	14.78835	-0.674469	
151	0.05231296	8.205117	0	0.7556151	-0.05419922	14.89079	-0.6767578	
152	3.568793	7.736252	0	0.05231456	-0.05419922	14.89079	-0.6767578	
153	4.037657	7.970688	0	0.9900434	-0.04846191	15.00834	-0.6948242	
154	3.568793	6.329659	0	0.521179	-0.04806519	15.02862	-0.6953125	
155	2.162199	0.2344283	0	7.554146	-0.04870605	14.98274	-0.6942749	
156	-3.698608	6.329659	0	0.5211793	-0.0541687	14.90627	-0.6770935	
157	1.927764	6.329659	0	0.2867509	-0.04782104	15.06971	-0.6961975	
158	2.1622	6.329659	0	0.2867509	-0.05484009	14.82944	-0.6753845	
159	1.927763	6.329659	0	0.7556154	-0.05551147	14.75261	-0.6736755	
160	2.162199	0.7032925	0	4.506524	-0.05395508	14.93188	-0.6776428	
161	-2.760864	5.39193	0	2.865502	-0.05377197	14.94202	-0.677887	
162	2.162199	7.970688	0	0.2867512	-0.04568481	15.33116	-0.7019653	
163	3.334357	7.267387	0	0.05231511	-0.04541016	15.37222	-0.7028503	
164	3.803221	7.970688	0	0.2867512	-0.04541016	15.37222	-0.7028503	
165	3.803221	7.970688	0	0.2867512	-0.04498291	15.40799	-0.7036743	
166	3.803221	4.219773	0	3.099938	-0.04425049	15.50028	-0.7056885	
167	-0.1821289	7.736252	0	0.2867512	-0.04421997	15.51574	-0.7060242	
168	4.272085	7.970688	0	0.9900441	-0.04284668	15.65396	-0.7090759	
169	3.568793	7.032959	0	-0.1820984	-0.04284668	15.65396	-0.7090759	
170	4.037657	6.09523	0	0.7556157	-0.0461731	15.87414	-0.7241211	
171	1.927763	3.282043	0	6.381982	-0.03903198	16.1043	-0.7446289	
172	0.05231275	5.626365	0	0.05231609	-0.04544067	15.95099	-0.7257996	
173	2.396628	6.564095	0	0.7556166	-0.04760742	15.72046	-0.7207031	
174	1.458899	5.39193	0	0.0523161	-0.09881592	15.72094	-0.7200012	
175	2.162199	6.329659	0	0.5211805	-0.09881592	15.72094	-0.7200012	
176	2.162199	1.172158	0	6.381981	-0.09881592	15.72094	-0.7200012	
177	-2.526459	6.329659	0	0.7556159	-0.09881592	15.72094	-0.7200012	
178	1.927763	6.329659	0	1.22448	-0.09881592	15.72094	-0.7200012	
179	1.458898	6.329659	0	0.5211798	-0.05776978	15.72066	-0.7154541	
180	2.162199	6.329659	0	0.5211798	-0.04379272	15.53606	-0.7065125	
181	2.162199	0.9377285	0	4.506524	-0.05557251	15.37242	-0.6975708	
182	-2.760864	5.626365	0	3.334367	-0.05603027	15.3212	-0.6964111	
183	1.22447	5.626365	0	0.2867519	-0.05581665	15.33136	-0.6966553	
184	2.162199	6.09523	0	0.9900448	-0.05581665	15.33136	-0.6966553	
185	1.458898	6.329659	0	0.286752	-0.05657959	15.22359	-0.6943054	
186	1.693334	5.860794	0	0.286752	-0.05740356	15.16753	-0.6929932	
187	1.693334	3.516479	0	2.631074	0.1317439	15.12464	-0.7008972	
188	0.05231272	8.205116	0	0.7556164	0.08395554	14.87398	-0.6845398	
189	3.568792	7.501824	0	0.286752	-0.004555109	14.71108	-0.6739502	
190	4.037656	7.970688	0	0.5211804	-0.006164551	14.50083	-0.6694031	
191	4.037656	7.736252	0	0.05231598	-0.02255249	14.39842	-0.671875	
192	4.037656	3.985345	0	3.099939	-0.02874756	14.23505	-0.6527405	
193	0.2867413	7.736252	0	0.2867521	-0.01867676	14.21935	-0.6578369	
194	4.037656	6.329659	0	1.458909	-0.006835938	14.42401	-0.6677246	
195	1.927763	6.329659	0	1.224481	0.3602165	14.4235	-0.7592468	
196	1.458898	6.329659	0	0.7556165	0.3335952	14.4791	-0.8108521	
197	1.458898	0.2344288	0	6.381982	0.1704601	14.46593	-0.7756958	
198	-3.933044	6.329659	0	0.7556168	0.2679433	14.45525	-0.7625732	
199	1.224469	6.329659	0	0.5211807	0.2935497	14.45501	-0.7632141	
200	1.693334	5.860794	0	0.2867523	0.319156	14.45476	-0.763855	
201	2.162198	5.626366	0	0.2867523	0.525131	14.50468	-0.7443237	
202	2.396626	1.172157	0	3.334368	0.3914145	14.38839	-0.7235107	
203	-3.698608	3.985344	0	3.334368	0.4341493	14.03935	-0.7286682	
204	-0.1821289	7.267387	0	0.05231671	0.2147476	14.14366	-0.7294617	
205	4.037656	7.970688	0	0.521181	0.2805319	14.04075	-0.7242432	
206	3.099927	8.205115	0	0.7556171	0.2960275	14.02523	-0.7192688	
207	3.568792	7.501823	0	0.05231664	0.2415292	14.27146	-0.7327271	
208	4.037656	3.750908	0	2.865503	0.2570325	14.27144	-0.7279968	
209	0.05231199	6.329659	0	-0.1820984	0.2775175	14.32761	-0.7398682	
210	2.631063	6.329659	0	0.9900452	0.3547741	14.34711	-0.7423096	
211	1.458897	6.329659	0	1.224481	0.3299219	14.45516	-0.7436523	
212	1.927761	6.329659	0	0.990045	0.1405612	14.45705	-0.7337341	
213	1.693333	-0.4688721	0	6.147553	0.2627352	14.40445	-0.7460632	
214	-3.464172	3.047615	0	2.865503	0.3088616	14.49009	-0.78479	
215	0.7556044	7.970688	0	0.286752	0.2794105	14.65928	-0.7975464	
216	4.037655	7.970688	0	0.052316	0.2695687	14.7006	-0.7929382	
217	3.568791	7.970688	0	0.9900449	0.2683246	15.12564	-0.8113403	
218	3.334355	7.736252	0	0.5211805	0.2690973	15.20247	-0.8128357	
219	4.037655	3.750908	0	2.865503	0.2947088	15.20221	-0.8132935	
220	0.05231156	7.970689	0	1.224481	0.3574091	15.34498	-0.8222351	
221	3.568791	8.439554	0	1.224481	0.3934048	15.35464	-0.828186	
222	3.334355	6.564096	0	0.0523162	0.4752805	15.32845	-0.8189392	
223	2.86549	5.860795	0	0.0523162	0.5566909	15.3016	-0.8353271	
224	2.396626	1.641023	0	5.209825	0.5822999	15.30134	-0.8357849	
225	-2.760864	5.626367	0	0.05231608	0.5833833	15.41923	-0.8377075	
226	2.396626	5.860795	0	0.2867521	0.6094789	15.43928	-0.8385315	
227	2.396626	6.32966	0	0.7556165	0.6452463	15.43877	-0.8442383	
228	1.927762	6.564096	0	1.224481	0.6452463	15.43877	-0.8442383	
229	1.458897	0.9377297	0	5.913118	0.6452463	15.43877	-0.8442383	
230	-2.526459	5.626367	0	0.2867519	0.6452463	15.43877	-0.8442383	
231	2.162198	6.564096	0	0.7556162	0.6452463	15.43877	-0.8442383	
232	2.162198	5.860795	0	0.2867519	0.6452463	15.43877	-0.8442383	
233	2.396626	6.095232	0	0.05231583	0.6452463	15.43877	-0.8442383	
234	2.396626	1.172158	0	3.803231	0.6452463	15.43877	-0.8442383	
235	-2.526459	5.626367	0	0.9900446	0.6452893	15.46967	-0.844696	
236	2.162198	6.564096	0	0.2867518	0.6479965	15.74122	-0.8490601	
237	2.162198	5.860795	0	0.2867518	0.6479965	15.74122	-0.8490601	
238	2.396627	6.564096	0	0.05231573	0.6479965	15.74122	-0.8490601	
239	2.396627	1.172159	0	4.037667	0.6479965	15.74122	-0.8490601	
240	-2.292023	6.095232	0	0.2867517	0.6479965	15.74122	-0.8490601	
241	2.396626	6.095232	0	0.05231568	0.6479965	15.74122	-0.8490601	
242	2.396626	6.564096	0	0.7556161	0.6479965	15.74122	-0.8490601	
243	1.458898	6.564096	0	0.9900444	0.6479965	15.74122	-0.8490601	
244	1.927762	1.406588	0	4.272096	0.6479965	15.74122	-0.8490601	
245	-2.760864	5.391932	0	0.9900445	0.6479965	15.74122	-0.8490601	
246	2.396626	6.564096	0	0.2867517	0.6479965	15.74122	-0.8490601	
247	2.396626	6.564096	0	0.2867517	0.6443368	15.87923	-0.8614807	
248	2.396626	6.32966	0	0.2867517	0.6443368	15.87923	-0.8614807	
249	2.396626	0.9377307	0	4.506524	0.6454295	15.98168	-0.8631287	
250	-2.760864	5.626368	0	1.458909	0.6454295	15.98168	-0.8631287	
251	2.396626	6.564096	0	1.224481	0.6454295	15.98168	-0.8631287	
252	1.927761	6.095232	0	0.05231585	0.6454295	15.98168	-0.8631287	
253	2.162197	6.095232	0	0.05231585	0.6454295	15.98168	-0.8631287	
254	2.396626	1.406588	0	4.037667	0.6454295	15.98168	-0.8631287	
255	-2.292023	6.095232	0	2.16221	0.6454295	15.98168	-0.8631287	
256	2.162197	6.798525	0	0.5211803	0.6454295	15.98168	-0.8631287	
257	1.458897	6.095232	0	0.05231595	0.6454295	15.98168	-0.8631287	
258	2.162197	7.501826	0	0.286752	0.6454295	15.98168	-0.8631287	
259	2.396626	7.26739	0	0.05231594	0.6454295	15.98168	-0.8631287	
260	2.396626	4.454211	0	3.334367	0.6454295	15.98168	-0.8631287	
261	-0.1821289	8.205119	0	0.05231609	0.6454295	15.98168	-0.8631287	
262	4.037654	8.205119	0	0.2867521	0.6454295	15.98168	-0.8631287	
263	4.272083	8.439555	0	0.5211805	0.6454295	15.98168	-0.8631287	
264	3.803219	8.439555	0	0.5211805	0.6812221	15.98116	-0.8686829	
265	3.803219	3.282046	0	2.631074	0.6201178	16.02299	-0.8634644	
266	0.05231164	6.564097	0	0.05231614	0.5937664	16.87737	-0.7438354	
267	2.396626	6.329661	0	0.05231614	1.284455	17.68289	-0.9808655	
268	2.396626	-27.8974	0	-0.1820984	3.189027	18.82955	-1.589844	
269	2.162198	-66.57867	0	0.2867522	2.736636	19.79207	-0.992981	
270	2.631062	-72.20505	0	3.803231	2.484734	20.12815	-0.9982605	
271	-3.229736	-71.26733	0	3.80323	1.216061	20.04044	-0.5403137	
272	-0.4165649	-70.56403	0	1.22448	2.724367	20.17668	-1.110504	
273	1.693333	-69.62631	0	0.05231524	3.588838	20.7798	-2.403351	
274	4.272084	-69.62631	0	0.2867513	3.904017	21.17142	-2.893097	
275	3.80322	-69.15744	0	-0.1820984	4.017543	21.63346	-3.474335	
276	-4.401886	-67.28198	0	7.788577	3.865442	24.70461	-3.755188	
277	-21.98431	-37.74356	0	0.5211816	3.539626	27.73936	-2.640747	
278	-36.05023	7.97069	0	0.2867532	3.582204	26.45242	-2.637024	
279	-55.03922	9.142846	0	0.05231717	3.370444	25.11348	-2.168396	
280	-54.80478	8.908418	0	0.05231717	3.411758	24.58599	-2.220856	
281	-60.19672	9.84614	0	0.2867532	3.394868	24.52879	-2.140076	
282	-62.54105	4.923074	0	2.865504	3.384313	24.5637	-1.96051	
283	-64.88538	7.970689	0	1.224482	3.450972	24.92758	-2.056488	
284	-63.94763	7.970689	0	0.05231724	3.631757	25.208	-2.710754	
285	-63.7132	7.736253	0	0.9900462	4.105842	25.37914	-3.860504	
286	-62.30661	7.970689	0	0.7556179	6.265693	25.6737	-8.136688	
287	-48.24069	2.81318	0	30.99735	8.854313	26.32621	-19.55377	
288	-20.81216	6.095232	0	42.48452	10.15683	27.61294	-42.17264	
289	0.9900243	7.501825	0	40.37463	16.29794	27.726	-43.21613	
290	3.099918	8.673983	0	41.54678	20.87253	27.101	-44.55591	
291	4.975368	9.142846	0	43.18781	23.3537	26.24458	-45.85388	
292	4.975368	9.611712	0	46.23542	25.68746	25.32793	-46.59827	
293	4.272076	5.626367	0	56.78487	28.73549	24.85318	-47.34616	
294	0.7555962	7.736254	0	72.25737	30.46554	24.43224	-49.62387	
295	2.16219	7.501826	0	75.30499	30.82871	24.46126	-52.64777	
296	3.568783	7.26739	0	54.20612	32.51855	25.21444	-54.67126	
297	3.334347	7.736255	0	81.16579	34.50727	25.36034	-55.99713	
298	2.631054	1.641025	0	85.38557	35.06307	27.52624	-55.49307	
299	-2.292023	5.860797	0	83.74454	35.79025	28.42403	-55.85812	
300	1.927754	7.267391	0	83.04126	37.34219	28.61428	-57.60089	
301	3.099919	8.20512	0	83.27569	39.93266	28.13645	-57.27167	
302	3.803212	8.908421	0	82.10352	42.69839	29.76972	-52.0094	
303	-23.3909	8.908421	0	54.20611	47.10126	32.46214	-36.13004	
304	-57.38354	5.626369	0	72.72623	52.47003	38.36387	-26.61267	
305	-73.09048	7.736256	0	68.27204	59.0895	44.9433	-24.99838	
306	-74.26263	7.032963	0	78.11819	67.48974	46.30451	-31.82944	
307	-75.20038	7.736256	0	83.74457	74.83784	47.20779	-38.95264	
308	-75.43481	7.736256	0	86.7922	80.47421	54.13689	-40.3476	
309	-75.66925	1.172161	0	91.2464	85.59972	72.8175	-34.64752	
310	-77.07584	5.860798	0	90.77754	88.94501	-66.45044	172.911	
311	-72.62164	7.970693	0	90.07424	86.65157	-78.17343	154.6287	
312	-70.74615	9.611714	0	89.83981	86.49921	-77.29675	152.9317	
313	-70.04288	7.970694	0	89.60538	86.61684	-76.80792	152.888	
314	-69.80847	9.846144	0	90.07424	86.63838	-79.17041	150.5905	
315	-70.04288	5.626372	0	91.01197	86.71092	-82.18384	147.6953	
316	-71.44946	7.970694	0	89.60538	86.73757	-82.86545	147.1981	
317	-70.51175	7.736258	0	89.60538	86.70551	-82.99026	147.1031	
318	-70.51175	7.736258	0	90.07424	86.605	-83.86066	146.242	
319	-70.98062	7.267394	0	89.60538	86.66293	-81.75577	148.4623	
320	-70.51175	1.875457	0	83.74458	86.74972	-86.59467	146.6478	
321	-72.62164	-16.17581	0	90.54311	86.83677	-90.01678	145.9179	
322	-71.21506	-32.11719	0	89.13651	86.83504	-94.75266	146.045	
323	-70.98062	-30.71057	0	89.13651	86.9198	-96.13635	146.4746	
324	-74.26266	-25.08423	0	89.37095	87.04713	-100.2324	143.8056	
325	-85.51538	-7.736267	0	89.37095	86.59257	-92.71545	143.8586	
326	-92.0795	-7.032959	0	91.01197	85.56271	-77.64938	145.235	
327	-94.18939	-4.923065	0	89.37094	85.31174	-73.73505	144.9942	
328	-93.48608	-4.454193	0	90.07424	85.4147	-72.0607	145.4846	
329	-93.72052	-5.391937	0	89.60538	85.42149	-71.45874	146.1041	
330	-93.72052	-6.329651	0	89.60538	85.42102	-70.96631	146.6351	
331	-93.72052	-11.48715	0	93.12184	85.46119	-70.94241	146.6534	
332	-95.12711	-7.970673	0	91.2464	85.6526	-70.18353	147.4079	
333	-93.95496	-7.970673	0	89.8398	86.03503	-70.00415	147.6584	
334	-93.48608	-8.439545	0	89.60537	85.59642	-70.22778	147.3697	
335	-93.25165	-8.205109	0	89.60537	85.56651	-70.59686	147.0663	
336	-93.25165	-8.205109	0	89.37093	85.60265	-72.4971	147.0429	
337	-93.01721	-11.25275	0	90.77753	85.74721	-74.21411	147.0485	
338	-94.18939	-9.611725	0	89.37093	85.99426	-77.29797	147.4618	
339	-93.48608	-9.142853	0	89.60537	86.10384	-78.82077	147.6241	
340	-93.48608	-10.08057	0	89.60537	86.12415	-81.39017	146.8873	
341	-93.72052	-12.65933	0	89.8398	86.31183	-82.09131	147.367	
342	-93.72052	-19.92673	0	92.41856	85.70194	-82.37662	147.0828	
343	-94.89267	-20.39557	0	89.60537	85.7461	-84.24313	146.7263	
344	-93.72052	-27.19412	0	89.8398	86.00223	-88.086	145.6433	
345	-93.72052	-30.71057	0	89.60537	85.97858	-89.67822	145.2159	
346	-93.01721	-33.28934	0	89.60537	85.89916	-89.71167	146.2106	
347	-93.25165	-34.46149	0	89.8398	85.87635	-90.78036	146.1977	
348	-93.72052	-36.80582	0	92.41856	85.71733	-92.78363	145.449	
349	-94.18939	-34.22708	0	89.8398	85.5374	-95.0499	143.9806	
350	-93.48608	-34.22708	0	89.37093	85.68897	-93.93365	144.0996	
351	-93.48608	-34.46152	0	89.60537	86.00708	-90.0712	146.6503	
352	-93.72052	-34.22708	0	89.8398	85.90662	-87.66412	146.6623	
353	-93.72052	-33.05493	0	89.8398	86.04556	-83.96353	148.9277	
354	-93.48608	-36.10254	0	90.54309	86.0114	-83.21732	149.1556	
355	-93.72052	-36.57141	0	89.1365	85.96455	-81.78531	149.1361	
356	-92.54834	-41.26004	0	89.8398	85.79192	-80.45117	148.109	
357	-89.9696	-58.608	0	89.37093	85.51677	-81.62317	144.3947	
358	-80.82675	-88.84973	0	90.30867	85.70983	-79.94263	141.9602	
359	-60.43118	-95.41382	0	92.88741	86.2576	-72.10797	147.3733	
360	-60.19675	-94.94495	0	89.8398	86.28385	-72.48865	147.0393	
361	-57.38354	-99.39917	0	90.30867	86.30716	-73.11496	146.7049	
362	-55.27368	-101.7435	0	89.8398	86.30928	-74.42371	145.7902	
363	-52.92935	-102.4468	0	89.8398	86.39348	-74.75446	146.7485	
364	-52.69492	-102.4468	0	89.8398	86.47375	-74.04541	148.2383	
365	-52.69492	-102.9156	0	91.01196	86.4723	-75.25342	147.6444	
366	-55.03925	-102.6812	0	89.8398	86.54731	-76.99976	147.0863	
367	-53.63266	-102.6812	0	89.8398	86.61534	-76.96371	147.6289	
368	-53.63266	-102.6812	0	90.07424	86.64409	-77.23468	147.9331	
369	-53.8671	-102.6812	0	90.07424	86.66065	-77.703	147.8606	
370	-54.1015	-103.3845	0	92.88743	86.68602	-78.04822	147.9446	
371	-57.14914	-102.6812	0	90.07424	86.70045	-78.33075	147.9566	
372	-53.63266	-102.9156	0	89.83981	86.72021	-79.01636	147.8129	
373	-53.63266	-102.4468	0	90.07424	86.74641	-79.38794	147.9066	
374	-53.8671	-102.6812	0	89.83981	86.75321	-79.68277	147.9245	
375	-53.39822	-103.3845	0	92.18414	86.7787	-80.19843	147.8588	
376	-56.44583	-102.6812	0	91.24641	86.80273	-80.68079	147.7541	
377	-54.1015	-102.4468	0	89.83981	86.81506	-81.11044	147.8985	
378	-53.39822	-102.6812	0	89.83981	86.83925	-81.60992	147.7907	
379	-53.8671	-102.6812	0	89.83981	86.86237	-81.78003	147.9399	
380	-53.63266	-102.6812	0	90.30867	86.86756	-82.21832	147.777	
381	-53.8671	-102.9156	0	91.01197	86.87175	-82.31216	147.8721	
382	-53.8671	-102.6812	0	90.07425	86.89865	-82.88824	147.8185	
383	-53.16379	-102.4468	0	89.83982	86.90358	-83.00171	147.9301	
384	-52.46051	-102.4468	0	89.83982	86.92559	-83.46973	147.7592	
385	-52.69495	-102.4468	0	89.83982	86.94009	-83.78619	147.7512	
386	-52.46051	-102.9156	0	91.01199	86.94591	-83.93048	147.8824	
387	-54.80481	-102.4468	0	89.83982	86.96784	-84.41699	147.7072	
388	-52.69495	-102.4468	0	90.30869	86.96397	-84.67056	147.6679	
389	-53.16379	-102.4468	0	89.83982	86.98611	-84.83578	147.7779	
390	-52.69495	-102.6812	0	90.30869	86.99242	-85.31741	147.6299	
391	-53.8671	-102.9156	0	92.88744	87.01365	-85.46573	147.7206	
392	-54.80481	-102.6812	0	90.30869	87.01915	-85.77261	147.6964	
393	-54.10153	-102.6812	0	90.30869	87.03687	-86.54138	147.4675	
394	-53.8671	-102.6812	0	90.30869	87.06068	-86.58298	147.7445	
395	-54.10153	-102.6812	0	89.83982	87.07377	-87.0582	147.5484	
396	-53.39822	-103.3845	0	92.65301	87.07993	-87.20633	147.6757	
397	-56.44583	-102.6812	0	91.01199	87.09148	-87.49402	147.5944	
398	-54.10153	-102.6812	0	89.83982	87.10863	-88.09735	147.4801	
399	-53.63266	-102.6812	0	90.07426	87.10835	-87.90103	147.6185	
400	-53.8671	-102.6812	0	90.07426	87.11846	-88.16312	147.5047	
401	-53.8671	-103.3845	0	91.01199	87.12234	-88.43854	147.4395	
402	-56.21143	-102.9156	0	91.48086	87.13543	-88.57428	147.5247	
403	-54.10153	-102.4468	0	89.83984	87.14775	-88.88882	147.4528	
404	-52.69495	-102.4468	0	90.07426	87.14913	-89.10565	147.3374	
405	-53.39825	-102.4468	0	89.83984	87.15091	-88.9697	147.5169	
406	-52.92938	-102.4468	0	90.30871	87.15009	-89.12589	147.3534	
407	-54.10153	-103.1501	0	91.01201	87.1538	-89.22714	147.4333	
408	-54.5704	-102.4468	0	90.30871	87.18945	-89.76395	147.465	
409	-53.16382	-102.4468	0	89.83984	87.19097	-89.99475	147.3501	
410	-52.69495	-102.4468	0	89.83984	87.19481	-90.27579	147.2793	
411	-52.46051	-102.4468	0	89.83984	87.20796	-90.64233	147.2207	
412	-52.69495	-102.9156	0	91.01201	87.20972	-90.49194	147.4001	
413	-54.80484	-102.4468	0	89.83984	87.21323	-90.9545	147.1766	
414	-52.46051	-102.4468	0	89.83984	87.2204	-90.76367	147.2839	
415	-52.22607	-102.6812	0	90.54314	87.22111	-90.97638	147.151	
416	-53.8671	-102.6812	0	89.83984	87.21323	-90.9545	147.1766	
417	-53.63266	-103.619	0	93.12189	87.22322	-91.03809	147.198	
418	-57.38361	-102.6812	0	90.07428	87.22322	-91.03809	147.198	
419	-53.63269	-102.6812	0	90.30872	87.22322	-91.03809	147.198	
420	-53.63269	-102.4468	0	90.07428	87.22322	-91.03809	147.198	
421	-53.63269	-102.4468	0	90.30872	87.22322	-91.03809	147.198	
422	-54.10156	-103.3845	0	92.4186	87.23488	-91.14014	147.2442	
423	-56.44586	-102.6812	0	90.77757	87.23488	-91.14014	147.2442	
424	-53.63269	-102.6812	0	90.07428	87.22949	-91.39539	147.1741	
425	-53.63269	-102.6812	0	90.07428	87.23714	-91.40643	147.1447	
426	-53.63269	-102.6812	0	90.30872	87.24872	-91.71481	147.0428	
427	-53.8671	-103.3845	0	92.4186	87.26398	-92.12875	147.0164	
428	-56.44586	-102.4468	0	90.07428	87.26426	-91.94568	147.1706	
429	-53.63269	-102.6812	0	89.83985	87.26426	-91.94568	147.1706	
430	-53.63269	-102.4468	0	90.54314	87.26426	-91.94568	147.1706	
431	-53.8671	-102.6812	0	90.30872	87.26426	-91.94568	147.1706	
432	-53.8671	-103.3845	0	92.4186	87.26426	-91.94568	147.1706	
433	-56.44586	-102.6812	0	89.83985	87.26426	-91.94568	147.1706	
434	-53.63266	-102.4468	0	90.30872	87.26426	-91.94568	147.1706	
435	-53.8671	-102.6812	0	90.30872	87.26434	-92.15201	147.0224	
436	-53.8671	-102.6812	0	90.54314	87.2619	-91.87183	147.1211	
437	-54.10153	-103.3845	0	92.65303	87.25426	-91.8598	147.1514	
438	-56.44586	-102.6812	0	91.24644	87.25262	-91.81839	147.1204	
439	-54.10153	-102.6812	0	90.07429	87.26398	-92.12875	147.0164	
440	-53.63266	-102.4468	0	90.30872	87.25277	-91.82999	147.1234	
441	-53.8671	-102.6812	0	90.07429	87.25277	-91.82999	147.1234	
442	-54.10153	-103.1501	0	92.65303	87.26118	-91.86264	147.1087	
443	-56.6803	-102.6812	0	90.30872	87.25106	-91.77701	147.0893	
444	-53.63266	-102.9156	0	90.07429	87.25448	-91.87134	147.1545	
445	-53.39825	-102.6812	0	90.54315	87.25249	-92.01233	146.97	
446	-53.8671	-102.6812	0	90.30872	87.26169	-92.078	146.9731	
447	-53.8671	-103.1501	0	91.71532	87.25669	-92.12796	147.0501	
448	-56.91473	-102.6812	0	90.7776	87.25669	-92.12796	147.0501	
449	-54.10153	-102.6812	0	90.54317	87.26419	-92.14056	147.0193	
450	-54.10153	-102.4468	0	90.30874	87.26419	-92.14056	147.0193	
451	-54.10153	-102.6812	0	90.0743	87.26398	-92.12875	147.0164	
452	-53.63266	-103.1501	0	92.88748	87.25512	-91.89227	147.1699	
453	-56.9147	-102.6812	0	90.7776	87.25512	-91.89227	147.1699	
454	-53.39822	-102.6812	0	89.83987	87.25291	-91.84174	147.1263	
455	-53.63266	-102.4468	0	90.30874	87.26291	-91.90427	147.1395	
456	-53.8671	-102.6812	0	90.30874	87.27494	-92.23645	147.05	
457	-53.8671	-103.3845	0	91.94975	87.27646	-92.47333	146.9291	
458	-56.91473	-102.6812	0	90.7776	87.27646	-92.47333	146.9291	
459	-53.63266	-102.6812	0	90.30874	87.28935	-92.82922	146.8521	
460	-53.8671	-102.6812	0	90.30874	87.28935	-92.82922	146.8521	
461	-53.8671	-102.6812	0	90.0743	87.28935	-92.82922	146.8521	
462	-53.63266	-103.3845	0	91.71532	87.30325	-90.25815	149.3944	
463	-56.44586	-102.6812	0	90.30874	87.25897	-90.8273	148.7933	
464	-54.10153	-102.6812	0	90.0743	87.35078	-91.93237	147.6934	
465	-53.8671	-102.9156	0	89.83987	87.30979	-91.98602	147.6367	
466	-53.63266	-102.9156	0	89.83987	87.38686	-91.31851	148.3066	
467	-53.63266	-103.1501	0	91.48089	87.62389	-87.13766	152.5876	
468	-56.6803	-103.1501	0	91.01203	86.84161	-78.89886	160.8912	
469	-54.5704	-102.9156	0	89.83987	86.2566	-73.72122	165.6931	
470	-53.63266	-102.6812	0	90.07431	86.44444	-77.16821	162.0867	
471	-53.8671	-102.6812	0	90.07431	87.1116	-88.14682	150.9626	
472	-52.69495	-102.6812	0	90.07431	87.08981	-86.81235	152.2433	
473	-53.63266	-103.3845	0	92.8875	86.96217	-83.74078	154.9079	
474	-57.14914	-104.3222	0	90.07431	86.8569	-82.61288	153.8153	
475	-53.63266	-107.3699	0	89.83987	86.45685	-77.14227	156.6871	
476	-53.63266	-109.0109	0	89.83987	85.31872	-67.17975	163.7566	
477	-52.46051	-109.2453	0	89.83987	84.04761	-60.46817	168.1301	
478	-51.7572	-109.2453	0	90.07431	85.12572	-57.91019	165.2764	
479	-49.64734	-109.4797	0	91.24647	86.62577	-60.20499	157.5462	
480	-50.11621	-109.9486	0	89.13659	86.42226	-62.45679	152.6746	
481	-48.47516	-110.183	0	89.60545	86.35664	-59.23209	153.1781	
482	-48.70959	-111.3552	0	89.60545	86.30742	-55.92291	154.1405	
483	-46.83414	-111.3552	0	89.83987	86.17045	-49.36365	157.1456	
484	-46.36526	-111.5896	0	92.1842	85.27549	-50.89658	153.5944	
485	-49.17847	-111.3552	0	91.24647	85.40804	-51.94659	150.9704	
486	-47.53745	-111.1208	0	90.07432	85.44302	-53.3576	148.2124	
487	-46.36526	-111.1208	0	90.77762	85.061	-48.2229	150.3969	
488	-44.95868	-111.1208	0	91.4809	84.77982	-42.22003	151.7862	
489	-45.19312	-111.3552	0	91.4809	84.24384	-35.20975	153.6157	
490	-45.89642	-111.5896	0	94.76295	84.50346	-33.05502	150.8622	
491	-50.11621	-111.3552	0	91.4809	84.89381	-36.33966	145.0453	
492	-45.89642	-111.3552	0	91.24648	85.01654	-41.60394	138.3146	
493	-45.42755	-111.1208	0	91.48091	85.39755	-44.99042	133.7219	
494	-44.95868	-111.3552	0	91.48091	84.68894	-39.67072	139.1734	
495	-44.95868	-111.1208	0	92.8875	84.74641	-42.3602	137.2716	
496	-44.95868	-111.5896	0	94.76297	84.73959	-42.36795	136.5486	
497	-48.00632	-111.3552	0	95.7007	84.69511	-41.96893	134.9688	
498	-46.13086	-111.3552	0	98.27945	84.73061	-44.57233	131.1964	
499	-46.13086	-111.3552	0	104.1403	84.94038	-44.52826	131.0389	
500	-45.89642	-111.3552	0	109.7666	85.02894	-46.60165	129.5982	
501	-46.59973	-111.5896	0	112.3454	84.82971	-45.15875	131.3646	
502	-49.64734	-111.3552	0	115.8619	84.61108	-44.29745	134.1088	
503	-46.83414	-111.3552	0	116.0963	84.73523	-45.66455	133.173	
504	-48.94403	-111.5896	0	116.3307	84.71639	-44.67053	135.1918	
505	-48.00632	-111.5896	0	116.3307	84.74525	-44.61053	135.6989	
506	-48.00632	-113.2307	0	116.0963	85.11405	-45.56448	134.7594	
507	-47.53745	-113.6995	0	116.0963	85.58967	-47.72455	133.1283	
508	-50.11621	-113.4651	0	116.0963	85.91467	-53.14978	127.6252	
509	-48.47516	-113.4651	0	116.0963	86.24735	-49.54547	129.2387	
510	-48.70959	-113.6995	0	115.8619	85.54425	-47.92468	126.7224	
511	-48.70959	-113.4651	0	112.5798	85.75694	-47.7276	125.0936	
512	-48.70959	-119.0915	0	96.87287	85.6047	-43.59702	129.8124	
513	-52.46051	-123.3112	0	80.69706	85.19576	-42.65378	133.7682	
514	-49.64734	-127.2966	0	73.19524	85.05601	-47.979	134.8492	
515	-49.88177	-130.1098	0	74.83627	85.06807	-52.47754	136.6999	
516	-56.91473	-134.7984	0	74.83627	85.21676	-61.63071	136.8192	
517	-68.63632	-135.7361	0	74.83627	85.45644	-69.99664	137.7777	
518	-75.90372	-135.9706	0	77.88389	85.22718	-70.59192	139.3226	
519	-80.35791	-136.4394	0	85.15128	85.18997	-69.87863	138.6667	
520	-79.4202	-136.9083	0	91.71538	85.05843	-67.02655	139.1582	
521	-79.88907	-136.9083	0	91.94981	84.91962	-63.34985	139.6152	
522	-79.88907	-137.1427	0	91.94981	84.64503	-58.0181	141.754	
523	-79.65463	-136.205	0	94.0597	84.35524	-53.08035	142.5402	
524	-81.53009	-136.6738	0	92.88754	83.99547	-49.37262	141.7409	
525	-80.35794	-137.1427	0	92.18424	84.16924	-48.38156	140.771	
526	-80.1235	-137.3771	0	92.41868	84.43587	-45.82593	141.3208	
527	-79.18579	-137.3771	0	91.94981	84.28465	-42.30777	140.7103	
528	-79.18579	-137.3771	0	91.94981	84.04826	-39.14297	140.0282	
529	-78.95135	-136.6738	0	93.35641	83.81081	-38.23438	137.77	
530	-80.59238	-136.9083	0	93.59084	83.94048	-35.1835	137.5247	
531	-79.65466	-137.1427	0	94.29413	83.85803	-34.96741	135.8279	
532	-79.65466	-137.1427	0	94.76299	83.73831	-34.75616	135.1323	
533	-79.65466	-137.1427	0	95.23186	83.75797	-34.38239	134.8694	
534	-79.8891	-136.4394	0	97.34174	83.88593	-33.65488	135.1613	
535	-81.53012	-136.9083	0	96.16959	84.0539	-34.20941	134.6917	
536	-80.35797	-137.3771	0	95.23185	84.16498	-34.58893	134.3474	
537	-79.65466	-136.9083	0	95.46629	83.81537	-33.62012	134.6377	
538	-79.65466	-137.1427	0	96.16959	83.66238	-32.64886	134.0924	
539	-79.65466	-137.3771	0	96.40401	83.74204	-31.82715	133.7069	
540	-79.8891	-136.9083	0	97.57618	83.64415	-31.68689	133.4309	
541	-80.59241	-137.1427	0	96.40401	83.62849	-32.04337	132.7198	
542	-79.8891	-137.1427	0	96.16958	83.60325	-32.89267	131.9669	
543	-79.65466	-136.9083	0	96.63844	83.57883	-32.13159	132.1611	
544	-79.8891	-137.1427	0	96.63844	83.564	-31.69086	132.1441	
545	-79.8891	-136.205	0	98.74833	83.56554	-31.49634	132.0372	
546	-81.53012	-136.9083	0	97.10731	83.55753	-31.28033	131.8358	
547	-79.8891	-137.1427	0	96.63844	83.54044	-30.78586	131.713	
548	-79.8891	-137.1427	0	96.40401	83.54181	-30.82776	131.595	
549	-79.65466	-137.1427	0	96.63844	83.53796	-30.71375	131.582	
550	-79.65466	-136.4394	0	98.98276	83.5416	-30.591	131.407	
551	-81.76459	-137.1427	0	97.57616	83.52438	-30.35025	131.2993	
552	-79.8891	-137.1427	0	96.40401	83.52337	-30.06772	131.2259	
553	-79.65466	-137.1427	0	96.40401	83.52095	-30.00397	131.1082	


Angle MV instances
Rotate	3.914581	4.670187	4.688658	4.454222	5.391936	4.923065	2.813193	6.095237	5.860808	5.8608	4.688629	4.923088	4.68866	4.923088	4.923088	5.626366	5.157501	5.391937	6.329673	4.219757	4.923065	4.688651	4.688651	3.985352	4.688658	2.109886	3.98535	3.516479	4.219786	4.219786	2.578758	4.219772	3.51648	3.985349	4.454214	2.109894	2.344315	3.51648	3.750915	3.750915	2.109894	5.391943	5.157514	3.516479	4.219785	3.985344	2.578751	4.219777	3.282051	3.985344	3.516479	2.578755	4.219783	3.750908	2.344315	2.813171	2.578751	17.58243	14.06592	18.98898	5.391937	2.34433	2.34433	14.06592	27.42853	21.80219	2.109894	3.516479	27.19411	33.99265	15.70694	4.454193	2.109894	3.282043	11.25272	6.564117	2.109894	2.578735	9.142853	20.39557	2.813202	2.109863	2.34433	2.34433	3.047638	3.516479	3.047607	2.34433	2.344299	2.109863	3.047607	2.344299	2.34433	2.109894	2.109894	2.34433	3.750946	3.750916	2.344299	2.813171	2.578766	2.813171	2.578766	2.813202	2.34433	2.34433	2.578766	3.047638	3.047638	2.813202	3.282043	3.516479	3.047638	3.282074	2.813202	2.34433	3.047638	2.109894	3.516479	3.516479	2.109863	2.813202	4.219788	4.219788	3.047638	3.047607	2.813202	2.109894	2.578766	3.750916	2.813171	7.032959	11.72159	7.267395	4.454193	2.109924	
ChildRotate	4.688652	4.454216	4.92308	4.219788	4.454224	5.157524	4.688652	4.688652	2.34433	5.626365	5.1575	5.391929	4.923065	2.344329	4.688652	4.219787	5.39193	4.688629	4.454216	4.454216	4.454216	4.454216	4.688652	4.219788	5.1575	4.454208	2.109886	6.329673	6.095237	4.219773	3.750916	3.516479	2.344323	5.626366	5.860794	4.688644	4.923073	4.688644	4.454208	2.109895	4.219781	4.454208	6.09523	6.09523	5.626366	4.688637	2.578759	3.750916	3.516479	2.813187	2.344322	5.157501	5.157501	5.39193	4.688637	2.344314	4.688637	3.750908	3.750908	6.09523	6.09523	4.454208	2.813186	3.282043	3.750915	2.578751	6.798531	3.516487	4.923073	3.985344	4.219781	4.219772	3.985344	5.626366	4.688637	4.923073	4.454208	5.391937	4.923073	5.157508	3.985344	5.39193	4.688637	4.688645	4.688645	2.813179	3.750908	5.157509	3.282051	34.22706	38.68127	5.626373	29.53842	45.71425	4.923066	3.047616	5.157509	3.282051	3.985344	2.109887	6.09523	4.219772	3.282051	2.109886	6.564095	4.688637	2.109895	4.219772	2.344322	5.391937	18.05127	15.94138	5.626343	17.34796	2.109894	5.157501	3.516479	3.047638	2.578766	7.267395	6.798553	3.516449	2.578766	2.34433	2.578735	3.047607	4.688629	17.34796	30.24173	6.564087	4.454224	2.344299	3.047623	5.626373	4.219788	3.985321	2.813187	4.688644	
RotateInverse	
ChildRotateInverse	6.09523	5.391937	5.391937	3.750915	2.813186	3.750915	5.157509	4.688645	5.626374	3.985358	2.578751	2.813187	3.282051	6.564102	6.329666	4.21978	2.578751	2.813187	2.344322	6.095238	6.564085	4.688645	2.813187	2.578751	2.109886	2.578758	7.032959	8.205116	2.578751	3.282051	2.344323	2.109887	3.750915	3.750915	6.095238	5.860802	3.282043	2.109886	2.578751	2.578751	2.813187	2.344322	6.095238	3.750915	2.109886	2.578751	2.109886	3.047615	3.282051	6.329667	5.626366	6.564095	3.516479	3.047615	3.282051	3.985351	2.578751	2.109887	7.032967	7.032967	3.750908	2.578751	2.813187	2.813186	5.626366	6.329666	5.860801	5.626366	3.985344	3.047615	2.344322	3.047623	2.813187	5.626366	5.626366	3.047615	3.282051	2.813187	3.047602	5.157508	3.282051	2.578751	2.344323	5.157508	5.157508	4.688637	5.626366	3.750915	2.813187	3.985351	3.750915	3.282051	3.282051	4.219772	3.047615	3.985351	3.282051	3.282051	2.109894	2.578758	3.516479	2.57875	7.970675	7.267395	2.578751	30.24173	11.48717	2.109886	3.047615	10.54945	15.4725	3.047623	21.09888	26.95968	4.21978	27.89741	18.52013	4.454193	9.846153	5.626373	3.04763	4.454201	5.860802	6.798531	3.516464	2.578758	2.813187	2.578758	2.578758	2.578743	3.047615	2.813187	2.813187	2.34433	2.578751	2.578751	2.813187	3.282051	3.047615	2.109886	2.109886	2.344322	2.109886	2.578751	2.109886	2.578743	2.344307	2.813187	2.109879	2.813187	2.813187	2.109879	2.344322	3.282051	3.282051	2.578751	5.860802	5.626373	2.578751	3.516479	3.282043	15.70694	16.17581	7.501816	3.047615	7.267395	6.564095	2.109886	2.109886	2.109886	2.344315	
Docking x	2.159851	2.58862	6.141115	4.574585	2.481171	2.333763	3.048025	2.590469	2.765732	4.402866	5.368767	6.619469	8.400242	7.348106	5.63636	5.125511	3.345291	2.293434	
Docking y	3.07115	3.034756	2.165897	2.692415	5.901733	6.579426	6.929104	18.68061	139.2679	11.72299	2.362488	3.013428	2.104889	4.838898	3.422119	4.73587	4.096069	7.516968	15.06607	3.914337	3.083862	2.569397	3.842865	2.003265	2.266266	3.862457	2.407074	3.700592	7.834656	2.571075	4.180847	8.2388	5.177643	3.446991	10.97861	3.071564	5.470612	9.962524	6.711578	2.557983	2.2948	2.251801	3.224701	3.309174	6.559265	5.134705	6.002869	7.010284	2.154724	3.284637	5.264282	3.386475	5.319702	2.689484	2.603394	2.073395	2.160065	5.425232	3.604309	4.130585	5.325226	4.498535	9.153168	8.365936	2.852081	3.676697	5.331757	4.937744	3.707733	2.555634	3.518158	3.164795	3.050873	
Docking z	4.276184	11.41708	22.61887	2.27771	3.023895	2.023499	5.262268	15.87936	9.517365	6.831055	7.123199	5.700073	207.5586	18.2823	2.29744	2.895233	2.220322	2.669022	2.550629	2.26532	3.71431	2.434464	5.413086	2.542343	4.281067	8.303589	4.801834	3.606369	11.12411	2.664597	2.871796	7.069519	4.373459	2.853729	7.730164	4.871597	3.005157	3.551239	2.623978	2.758011	2.184479	2.75351	5.816925	6.730698	4.592682	5.451492	3.772415	2.744171	2.018799	5.503113	2.516266	4.718803	3.955734	2.138779	2.258194	
Total MV Amount	3330.834


Angle TRE instances
Rotate	326	332	333	358	
ChildRotate	515	516	
RotateInverse	1	
ChildRotateInverse	308	320	321	497	519	533	
Docking x	310	477	478	488	492	494	500	501	506	521	
Docking y	
Docking z	1	286	
Total TRE Count	23


Correct Angles	Rotate	ChildRotate	RotateInverse	ChildRotateInverse	Docking x	Docking y	Docking z
	-90	-129.64	0	90	90	150	0

Angle Error	Rotate	ChildRotate	RotateInverse	ChildRotateInverse	Docking x	Docking y	Docking z
	10.34534	7.268234	0	6.404007	6.488449	179.7427	131.0135

Time Taken	Hours	Minutes	Seconds	Milliseconds	Seconds float	Completion time
	0	0	32	915	32.91465	00h:00m:32s:915ms

Final Results	Tester Name	Time of Test	Dock Shape Style	Virtual Device Visible	Time Taken	Shape Precision %	Orientation Precision %	Overall Precision %	Efficiency %	Difficulty	Total MV	Total TRE	
	1	2018-11-02_08:48:20	Ltd Random	True	00h:00m:32s:915ms	96.66422	42.45256	72.9157	52.83905	0.6107112	3330.834	23	
