
Angles Over Time
Frames	Rotate	ChildRotate	RotateInverse	ChildRotateInverse	Docking x	Docking y	Docking z	
0	-52.73767	-113.4651	0	131.2915	34.06886	75.06819	40.05807	
1	-53.44098	-113.6995	0	131.2915	33.91349	74.61749	40.22077	
2	-53.44098	-113.6995	0	131.9948	33.28289	74.11414	40.73243	
3	-56.48859	-113.6995	0	131.7603	32.88889	73.77577	41.12233	
4	-53.67542	-113.4651	0	131.2915	33.04022	73.37335	41.87819	
5	-52.97211	-113.4651	0	131.2915	32.89256	72.64401	42.43526	
6	-51.79996	-113.4651	0	131.2915	31.23349	68.25166	42.13488	
7	-52.50323	-113.4651	0	131.2915	26.7249	59.9686	43.44062	
8	-52.50323	-113.6995	0	131.5259	20.72747	49.28784	39.19571	
9	-54.14426	-113.6995	0	131.2915	20.60814	43.44548	34.22313	
10	-52.97211	-113.4651	0	131.2915	24.79358	39.4275	30.6209	
11	-53.20654	-113.2307	0	131.057	27.63328	29.93535	30.46264	
12	-52.97211	-112.9962	0	131.5259	23.67381	17.48006	28.74568	
13	-53.67542	-113.2307	0	132.4636	19.79192	12.82559	26.47383	
14	-55.31644	-113.2307	0	131.9948	17.48599	10.79739	21.60923	
15	-33.51425	-113.2307	0	131.5259	16.29635	9.36843	1.776974	
16	-7.961151	-112.9962	0	131.2915	13.33927	8.801857	-1.417267	
17	-2.334808	-105.26	0	130.1193	9.330737	6.852291	-4.293335	
18	-2.569214	-94.71054	0	114.8812	7.204255	4.117382	-5.899109	
19	-3.038086	-85.09882	0	103.8629	4.932741	3.457236	-8.32193	
20	-6.320129	-80.64462	0	86.98382	3.228249	2.379258	-9.60965	
21	-3.741394	-74.08051	0	74.09007	3.718663	1.637874	-6.317596	
22	-4.210266	-68.68857	0	70.80802	3.261144	1.186997	-2.613098	
23	0.2439511	-62.35892	0	64.71278	-0.5317383	0.3238283	-0.08404541	
24	0.009522682	-59.31131	0	59.08642	0.372297	0.3229147	-0.3800964	
25	-4.679108	-50.87177	0	45.72379	0.3021535	0.3139746	-0.3609924	
26	-2.334808	-39.61902	0	26.50036	0.1085331	-0.1786194	-0.2462463	
27	0.009522718	-29.53845	0	15.24763	0.314931	-0.3805237	-0.4066467	
28	1.650544	-19.92673	0	10.32456	0.4323083	-0.4475708	-0.414856	
29	0.243951	-12.19046	0	10.32456	0.5851948	-0.3293762	-0.3959656	
30	-0.2249146	-4.454224	0	10.32456	0.4164839	-0.2825012	-0.4220886	
31	-4.913544	7.267385	0	-2.100342	0.3720131	-0.4058533	-0.4029846	
32	0.009522438	7.970685	0	-3.9758	0.0942426	-0.4657288	-0.7120056	
33	0.2439509	9.611708	0	-4.210236	0.3642466	-0.4751282	-0.7827759	
34	2.119409	9.611708	0	-4.210236	0.2464805	-0.4680176	-0.7728882	
35	2.119409	9.611708	0	-3.506927	0.1797867	-0.4677124	-0.7694702	
36	1.18168	5.860793	0	-1.397034	0.1733959	-0.4679565	-0.7789917	
37	-2.100372	7.970687	0	-3.272491	0.1321002	-0.467804	-0.7788391	
38	-0.6937866	7.267386	0	-4.210236	0.1797867	-0.4677124	-0.7694702	
39	0.243951	7.970687	0	-3.272491	0.1035854	-0.4671631	-0.7596741	


Angle MV instances
Rotate	52.73767	3.047607	2.813171	21.80219	25.5531	5.626343	3.282043	2.578735	4.454217	4.688631	2.344299	2.344331	4.688629	4.923066	
ChildRotate	113.4651	7.736267	10.54944	9.611725	4.454193	6.564117	5.391937	6.329651	3.047607	8.439545	11.25275	10.08057	9.611725	7.736267	7.736237	11.72161	3.750915	2.109895	
RotateInverse	
ChildRotateInverse	131.2915	15.23807	11.0183	16.8791	12.89375	3.282043	6.095238	5.626362	13.36263	19.22342	11.25273	4.923073	12.4249	2.109894	
Docking x	34.06886	4.508585	5.997435	4.185446	2.839701	3.959467	3.881891	2.305937	2.957077	4.008536	2.126482	2.271514	3.792883	
Docking y	75.06819	4.392357	8.283058	10.68076	5.842354	4.017982	9.492155	12.45529	4.654466	2.0282	2.73491	
Docking z	40.05807	4.244911	4.97258	3.602234	2.271847	4.864597	19.83226	2.876068	2.422821	3.292053	3.704498	2.529053	
Total MV Amount	957.3192


Angle TRE instances
Rotate	18	20	21	
ChildRotate	
RotateInverse	1	
ChildRotateInverse	32	
Docking x	20	
Docking y	19	
Docking z	16	18	22	
Total TRE Count	9


Correct Angles	Rotate	ChildRotate	RotateInverse	ChildRotateInverse	Docking x	Docking y	Docking z
	-3.954255E-10	-2.48473E-21	0	3.954255E-10	0	0	0

Angle Error	Rotate	ChildRotate	RotateInverse	ChildRotateInverse	Docking x	Docking y	Docking z
	0.6937866	7.501824	0	4.210236	0.1035854	0.4671631	0.7596741

Time Taken	Hours	Minutes	Seconds	Milliseconds	Seconds float	Completion time
	0	0	2	355	2.355224	00h:00m:02s:355ms

Final Results	Tester Name	Time of Test	Dock Shape Style	Virtual Device Visible	Time Taken	Shape Precision %	Orientation Precision %	Overall Precision %	Efficiency %	Difficulty	Total MV	Total TRE	
	1	2018-11-02_08:48:52	ZEROING DATA	True	00h:00m:02s:355ms	98.27696	99.7728	98.90982	100	8.787234E-13	957.3192	9	
