
Angles Over Time
Frames	Rotate	ChildRotate	RotateInverse	ChildRotateInverse	Docking x	Docking y	Docking z	
0	-75.44803	-132.6885	0	41.2992	84.7566	77.72906	101.0375	
1	-75.68246	-132.6885	0	40.83035	84.76235	77.83477	101.0685	
2	-75.44803	-132.2196	0	45.05011	84.76943	78.03527	100.9989	
3	-77.55792	-132.6885	0	41.06477	84.7763	78.20228	100.9645	
4	-75.44803	-132.4541	0	41.06477	84.76928	78.42906	101.0935	
5	-75.44803	-132.6885	0	41.76807	84.77727	78.44337	100.9636	
6	-75.9169	-132.6885	0	41.2992	84.77164	78.53978	100.9738	
7	-75.68246	-132.2196	0	45.05011	84.77235	78.8097	100.9453	
8	-77.32349	-132.4541	0	41.2992	84.7719	78.96724	101.0334	
9	-75.44803	-132.6885	0	41.2992	84.74044	79.48057	101.2992	
10	-75.68246	-132.6885	0	40.83034	84.82139	77.88087	99.69501	
11	-74.97916	-132.6885	0	40.83034	84.85913	78.32077	99.57207	
12	-74.97916	-132.9229	0	40.59591	84.91747	76.64274	97.61258	
13	-74.97916	-132.4541	0	36.37613	84.37552	45.3164	62.86733	
14	-76.62018	-132.6885	0	25.82668	77.74464	20.03168	34.05452	
15	-75.9169	-132.6885	0	19.02816	70.72762	18.92644	30.09105	
16	-69.35278	-132.6885	0	15.04282	61.84124	21.03773	30.3339	
17	-48.48834	-122.8423	0	14.33952	56.14566	22.2138	27.55565	
18	-28.32721	-91.42844	0	18.79373	46.58376	20.19375	22.79653	
19	-29.96823	-74.54935	0	2.852349	31.35656	19.45889	18.35401	
20	-26.68619	-63.99988	0	0.03916202	22.19554	20.3274	22.35268	
21	-29.7338	-56.02921	0	0.5080264	15.67629	21.25226	19.84123	
22	-28.56165	-54.38818	0	-0.1952515	12.56805	21.41611	17.89339	
23	-28.32721	-53.68488	0	0.7424625	10.75687	20.83519	13.89248	
24	-28.32721	-51.57501	0	18.5593	9.534782	19.92937	9.941545	
25	-20.82538	-47.58966	0	19.73145	7.525942	18.64287	3.746719	
26	-10.74481	-46.18304	0	19.96589	3.914636	17.50252	2.798259	
27	-5.352875	-45.47977	0	20.20032	3.592527	16.87358	-0.1453857	
28	-4.884003	-41.96329	0	19.49703	3.262039	16.83605	0.03837425	
29	-4.884003	-41.25998	0	22.54464	2.542944	16.55191	0.04182204	
30	-7.228333	-27.89737	0	17.1527	1.07114	15.98463	-0.3954468	
31	-3.477417	-16.41019	0	11.2919	1.13785	15.28607	-0.4107056	
32	-1.601959	-9.142792	0	8.478715	1.149661	15.18283	-0.4578552	
33	0.03907203	-0.234375	0	5.899965	0.8623109	15.35353	-0.4764099	
34	0.03907203	-2.109833	0	0.03916285	0.6876839	15.38021	-0.4815369	
35	-1.367523	-7.267334	0	8.244287	0.6605992	15.38005	-0.5056152	
36	-7.697174	-1.640991	0	0.03916292	0.6563886	15.3803	-0.4899597	
37	-1.601959	-1.875427	0	0.03916292	0.7888613	15.41174	-0.4207764	
38	-1.836395	-0.468811	0	0.03916292	0.7649625	15.43787	-0.3937378	
39	0.2735001	-0.9376831	0	-0.1952515	0.7493182	15.4379	-0.3979797	
40	0.03907168	-0.234375	0	1.211328	0.7493182	15.4379	-0.3979797	
41	-0.8986511	-3.985291	0	3.321214	0.7493182	15.4379	-0.3979797	
42	-4.415131	-0.234375	0	0.039163	0.7440886	14.25716	-0.3702698	
43	0.03907161	-0.9376831	0	-0.1952515	0.7517661	13.87184	-0.3754272	
44	0.2735	-2.109833	0	0.039163	0.7166767	13.87118	-0.4345398	
45	-1.601959	-2.813141	0	0.039163	0.697236	13.2532	-0.5039978	
46	-1.601959	-6.798492	0	8.244287	0.7241999	12.55347	-0.4947205	
47	-7.93161	-2.813141	0	0.2735984	0.7217698	12.1781	-0.493927	
48	-1.367523	-2.109833	0	0.03916238	0.7285315	11.32924	-0.4726563	
49	-1.133087	-1.875427	0	0.5080268	0.7410789	11.21102	-0.4942627	
50	-1.836395	-1.640991	0	1.211327	0.6963862	10.50494	-0.5351257	
51	-2.070801	-7.032928	0	2.383485	0.7472318	9.525594	-0.528717	
52	-5.821716	-4.688599	0	2.617921	0.7882723	7.952611	-0.490509	
53	-3.008545	-2.578705	0	0.03916238	0.8082727	6.360538	-0.4658813	
54	-0.8986511	-0.468811	0	0.03916238	0.8783368	5.199672	-0.4754028	
55	0.7423647	-0.234375	0	0.9768913	0.8673559	3.540142	-0.4577637	
56	0.03907187	-2.344269	0	0.03916238	0.8871034	2.359589	-0.4608765	
57	-0.8986511	-7.032928	0	5.899964	0.9088308	1.621397	-0.4647217	
58	-4.180695	-1.875427	0	0.5080268	0.9054452	0.8765757	-0.4641724	
59	-1.367523	-1.640991	0	0.2735984	0.8887122	-0.9363403	-0.455658	
60	-2.070801	-0.9376831	0	0.03916243	0.8447923	-1.605469	-0.4516296	
61	0.5079361	-0.234375	0	0.2735984	0.8502344	-2.045593	-0.4421082	
62	-0.1953735	-0.7032471	0	-0.1952515	0.8164704	-2.421326	-0.4450989	
63	0.5079361	-4.219727	0	2.852349	0.8225738	-2.770233	-0.4356995	
64	-3.242981	-0.234375	0	0.2735988	0.8271025	-3.503845	-0.4257202	


Angle MV instances
Rotate	75.44803	2.109894	2.109894	6.564117	20.86444	20.16113	3.282043	3.047607	7.501831	10.08057	5.391937	2.34433	3.750916	6.329651	6.095215	3.516479	4.454202	6.329651	6.564087	3.750916	2.813171	2.109894	3.282043	2.813171	3.750917	
ChildRotate	132.6885	9.846146	31.41389	16.87909	10.54947	7.970673	2.109863	3.985352	3.516479	13.36261	11.48718	7.267395	8.908417	5.157501	5.626343	3.750916	3.750916	3.985352	3.985352	5.391937	2.34433	2.109894	2.109894	2.109894	4.68866	5.157501	3.516479	3.985352	
RotateInverse	
ChildRotateInverse	41.2992	4.219769	3.98534	3.750908	3.750908	4.219772	10.54945	6.798521	3.985345	4.454208	15.94138	2.813187	17.81684	3.047615	5.391939	5.860803	2.813187	2.57875	5.860802	8.205125	8.205125	2.109886	3.282051	8.205125	7.970689	2.578758	5.860802	5.391937	3.047601	2.57875	
Docking x	84.7566	6.630882	7.017014	8.886379	5.69558	9.561901	15.22721	9.161018	6.519249	3.108236	2.00884	3.611306	
Docking y	77.72906	31.32634	25.28473	2.11129	2.020046	
Docking z	101.0375	34.74525	28.81281	3.963476	2.77825	4.759127	4.442516	3.998674	2.511454	4.000916	3.950933	6.194825	2.943645	
Total MV Amount	1243.49


Angle TRE instances
Rotate	29	30	31	36	37	47	48	52	53	
ChildRotate	34	35	36	46	47	51	52	57	58	
RotateInverse	1	
ChildRotateInverse	20	24	34	35	36	46	47	57	58	
Docking x	27	
Docking y	56	
Docking z	26	
Total TRE Count	30


Correct Angles	Rotate	ChildRotate	RotateInverse	ChildRotateInverse	Docking x	Docking y	Docking z
	-3.097577E-17	-1.518746E-35	0	3.097577E-17	0	0	0

Angle Error	Rotate	ChildRotate	RotateInverse	ChildRotateInverse	Docking x	Docking y	Docking z
	0.7423647	1.406555	0	0.1952515	0.8327731	3.960052	0.4161987

Time Taken	Hours	Minutes	Seconds	Milliseconds	Seconds float	Completion time
	0	0	3	848	3.847615	00h:00m:03s:848ms

Final Results	Tester Name	Time of Test	Dock Shape Style	Virtual Device Visible	Time Taken	Shape Precision %	Orientation Precision %	Overall Precision %	Efficiency %	Difficulty	Total MV	Total TRE	
	1	2018-11-02_08:50:31	ZEROING DATA	True	00h:00m:03s:848ms	99.67442	99.18958	99.40054	100	6.883505E-20	1243.49	30	
