
Angles Over Time
Frames	Rotate	ChildRotate	RotateInverse	ChildRotateInverse	Docking x	Docking y	Docking z	
0	5.157509	-0.234436	0	0	0	0	0	
1	5.157509	0.4688645	0	0.2344284	0	0	0	
2	4.923072	0.2344361	0	0.9377288	0	0	0	
3	4.454208	-4.688629	0	5.860802	0	0	0	
4	0.2344359	-0.234436	0	0.4688649	0	0	0	
5	5.157509	0.4688644	0	4.802437E-07	0	0	0	
6	5.157509	0.7033004	0	0.7032933	0	0	0	
7	4.688644	0.4688643	0	0.9377294	0	0	0	
8	4.688644	-4.688629	0	5.860802	0	0	0	
9	0.4688643	-2.109894	0	2.578751	-0.02139282	0.0009157872	0.05435983	
10	3.047622	-8.765532E-08	0	-0.234436	-0.1319275	0.09559172	0.7726919	
11	5.157509	2.344322	0	10.08057	-0.0703125	4.004982	0.3307993	
12	6.564102	-3.985352	0	22.03661	-0.1166382	10.21489	0.03205634	
13	6.329666	-34.93036	0	41.7289	-0.1364746	14.06436	0.1767598	
14	4.923073	-49.23071	0	48.05857	0.4250197	19.0074	1.097901	
15	2.578759	-47.82413	0	43.13549	1.102059	21.55664	2.526594	
16	4.219779	-48.99628	0	37.04025	0.6544355	18.97535	4.188394	
17	3.985344	-48.293	0	28.13185	1.883758	16.38703	8.980382	
18	-11.95602	-39.15015	0	21.09888	3.976895	15.45524	17.59881	
19	-27.42853	-41.49445	0	24.38093	11.63529	13.51762	21.45729	
20	-38.2124	-39.61902	0	23.20877	23.57449	10.34799	27.50509	
21	-42.90106	-38.44684	0	18.98899	37.15556	8.170234	35.05922	
22	-47.12085	-36.10254	0	19.45786	50.08752	3.832274	36.62262	
23	-46.41754	-37.04025	0	20.63002	57.68234	-1.722168	34.52431	
24	-47.82413	-36.10254	0	20.86445	62.04018	-3.585724	39.29235	
25	-50.87177	-39.15015	0	22.97433	66.83391	-3.123138	42.9453	
26	-52.98163	-37.04025	0	20.63002	71.4013	-1.477142	45.7774	
27	-51.80948	-37.50912	0	20.86445	76.13245	4.056074	51.87825	
28	-51.80948	-37.27469	0	20.63002	78.01631	9.72119	57.79241	
29	-51.80948	-37.74353	0	20.63002	79.44871	14.33624	63.48316	
30	-51.80948	-41.0256	0	25.31866	81.27771	12.49627	65.67633	
31	-56.26367	-42.19775	0	22.27104	82.68847	17.59637	77.46148	
32	-58.608	-42.43219	0	19.92672	82.87894	24.23113	90.03712	
33	-59.54575	-41.49445	0	20.63002	82.9477	33.43134	102.3079	
34	-60.01459	-41.26001	0	21.09888	83.13464	36.52898	105.7165	
35	-60.01459	-41.26001	0	20.39559	83.35253	37.06539	105.8232	
36	-59.54575	-43.83878	0	23.20877	83.37996	37.12605	105.6649	
37	-61.65561	-42.43219	0	19.92672	83.3856	37.51636	105.576	
38	-60.24902	-42.66663	0	20.16116	83.42309	38.47551	106.1038	
39	-60.48346	-42.43219	0	21.09888	83.30666	37.36298	104.9439	
40	-60.48346	-41.96332	0	21.09888	83.31663	37.33845	104.4166	
41	-60.48346	-44.77652	0	27.19411	83.29729	37.18664	103.7457	
42	-62.82779	-42.43219	0	29.304	83.29484	36.77073	102.6576	
43	-60.95233	-39.61902	0	29.304	83.43251	36.72052	101.392	
44	-60.48346	-36.10254	0	31.88276	83.43346	36.64796	100.8899	
45	-60.48346	-28.36627	0	34.22707	83.53291	38.72995	102.3442	
46	-60.95233	-28.13184	0	33.99264	83.53204	40.15776	103.0312	
47	-60.48346	-26.72525	0	39.85344	83.55649	39.94235	102.7353	
48	-63.29666	-17.81683	0	34.46151	83.54245	39.68821	102.7086	
49	-60.7179	-13.59705	0	34.22707	83.51868	39.49042	102.2837	
50	-60.48346	-12.4249	0	34.22707	83.49498	38.87595	101.5972	
51	-60.24905	-12.4249	0	34.22707	83.48831	38.48983	101.2282	
52	-59.54575	-11.72162	0	34.22707	83.54011	38.74323	101.4735	
53	-59.78018	-15.23807	0	37.04025	83.54803	38.76208	101.4843	
54	-61.65564	-12.19046	0	35.16481	83.47658	37.81589	100.7582	
55	-60.7179	-7.032959	0	42.66663	83.34339	36.6442	98.75207	
56	-59.54575	-3.516479	0	54.62266	83.45705	37.24729	97.04192	
57	-60.24905	0.4688572	0	66.57869	83.55497	38.40471	95.64632	
58	-60.95233	-4.219788	0	76.1904	83.61942	39.32342	93.90292	
59	-63.06223	-2.109894	0	76.1904	83.62754	39.28252	92.26448	
60	-60.7179	0.703293	0	76.65927	83.7045	39.93197	91.95876	
61	-60.24905	0.2344286	0	77.12814	83.90105	40.98946	91.84035	
62	-59.78018	0.468857	0	77.597	83.94188	40.87017	91.32944	
63	-60.24902	-0.234436	0	77.12814	83.98672	40.86382	91.07008	
64	-60.01462	-5.157501	0	79.23803	84.02139	41.33725	91.45353	
65	-62.35892	0.2344284	0	69.86076	83.99403	41.43453	91.60664	
66	-60.01462	-0.4688721	0	76.19042	83.97221	41.21874	91.46553	
67	-60.01462	2.109879	0	76.89371	83.98322	41.55368	91.78391	
68	-59.07687	0.7032927	0	76.89371	83.97874	41.31099	91.54855	
69	-59.07687	2.109879	0	76.42485	83.97874	41.31099	91.54855	
70	-59.78015	-1.875458	0	77.83145	83.97874	41.31099	91.54855	
71	-61.18677	2.109879	0	76.65929	83.97032	41.03067	91.60458	
72	-59.31131	1.172157	0	75.95599	83.97823	41.04019	91.62219	
73	-59.07687	2.109879	0	77.59702	83.97052	41.03596	91.5938	
74	-59.54575	-0.4688721	0	77.12817	83.97234	41.1096	91.45408	
75	-60.01462	-5.391937	0	80.64464	83.97319	41.25826	91.39031	
76	-62.35892	0.4688568	0	77.59702	83.98315	41.3466	91.25728	
77	-60.48346	0.4688568	0	77.12817	83.98301	41.45591	91.26891	
78	-60.24902	0.4688568	0	77.12817	83.9751	41.33181	91.25048	
79	-60.24902	-7.630539E-06	0	77.36259	83.96548	41.26684	91.34035	
80	-60.01462	-3.985352	0	80.17577	83.96523	41.11617	91.4043	
81	-62.59335	0.468857	0	78.53476	83.97305	41.12557	91.4218	
82	-60.24902	1.172157	0	76.89373	83.97218	41.10431	91.46487	
83	-60.01462	0.468857	0	77.12817	83.96466	40.99101	91.42512	
84	-60.24902	0.468857	0	76.89373	83.96414	40.96225	91.4789	
85	-60.24902	0.468857	0	77.3626	83.96428	41.0949	91.44736	
86	-60.95233	-1.406586	0	78.30032	83.966	40.9085	91.35989	
87	-61.18677	2.344315	0	77.12817	83.96431	40.96758	91.46815	
88	-59.78015	-0.234436	0	76.89373	83.95457	40.89742	91.56896	


Angle MV instances
Rotate	5.157509	4.219772	4.923073	4.21978	2.578758	2.109886	2.344314	15.94137	15.4725	10.78387	4.68866	4.219788	3.047638	2.109863	4.454193	2.34433	2.109863	2.34433	2.813202	2.578766	2.109894	2.34433	2.344299	2.344299	2.344299	2.578735	2.34433	
ChildRotate	4.923065	4.454193	5.157494	2.578735	2.109894	2.344322	30.94501	14.30035	9.142853	2.344299	2.344299	3.047607	2.109894	3.282074	2.578766	2.813202	2.34433	2.813171	3.516479	7.736267	8.908417	4.219788	3.516449	3.047607	5.157501	3.516479	3.985337	4.688645	2.109894	4.923065	5.39193	4.923065	5.860794	3.985344	4.454208	2.578751	
RotateInverse	
ChildRotateInverse	4.923073	5.391937	4.923073	3.282051	2.813187	10.31501	11.95603	19.69229	6.32967	4.923073	6.095242	8.908407	7.032967	3.282051	4.21978	2.109884	2.344313	4.688635	3.047615	2.344322	2.813183	3.282049	6.095236	2.109886	2.578756	2.344316	5.860802	5.391933	2.813179	7.501823	11.95603	11.95603	9.61171	2.109894	9.377274	6.329666	3.516472	3.047615	2.813179	
Docking x	2.093137	7.658395	11.9392	13.58107	12.93197	7.594818	4.357838	4.793728	4.56739	4.731148	
Docking y	3.90939	6.209913	3.849463	4.943047	2.549234	2.581287	2.588326	3.169628	2.177754	4.33796	5.554442	5.533216	5.665116	4.615052	5.100103	6.634754	9.200216	3.097641	2.081989	
Docking z	4.791988	8.618426	3.858479	6.0478	7.554132	2.098301	4.768032	3.652958	2.832096	6.100845	5.914165	5.690746	2.193172	11.78515	12.57565	12.27077	3.408653	2.006104	
Total MV Amount	781.3713


Angle TRE instances
Rotate	
ChildRotate	45	48	
RotateInverse	1	
ChildRotateInverse	
Docking x	
Docking y	
Docking z	1	17	
Total TRE Count	3


Correct Angles	Rotate	ChildRotate	RotateInverse	ChildRotateInverse	Docking x	Docking y	Docking z
	-30	-30	0	90	90	-60	0

Angle Error	Rotate	ChildRotate	RotateInverse	ChildRotateInverse	Docking x	Docking y	Docking z
	29.07687	31.17216	0	13.10627	6.036377	100.9515	91.50036

Time Taken	Hours	Minutes	Seconds	Milliseconds	Seconds float	Completion time
	0	0	5	259	5.25872	00h:00m:05s:259ms

Final Results	Tester Name	Time of Test	Dock Shape Style	Virtual Device Visible	Time Taken	Shape Precision %	Orientation Precision %	Overall Precision %	Efficiency %	Difficulty	Total MV	Total TRE	
	1	2018-11-02_08:53:16	Ltd Random	True	00h:00m:05s:259ms	89.81177	64.36076	78.42512	95.30919	0.3333333	781.3713	3	
