
Angles Over Time
Frames	Rotate	ChildRotate	RotateInverse	ChildRotateInverse	Docking x	Docking y	Docking z	
0	-4.456543	-1.641052	0	-0.002351377	0.03624634	-0.0009124112	-0.03024292	
1	3.78116	0.4688644	0	0.2646889	0.005715427	-0.005506595	-0.01516724	
2	3.312296	0.4688644	0	0.4991174	0.02633267	-0.005767822	-0.02514648	
3	3.781161	0.2344284	0	0.4991174	0.03165415	-0.006286621	-0.04043579	
4	3.546732	-2.578735	0	3.781168	0.04196237	-0.006439209	-0.04544067	
5	0.2646813	0.4688646	0	1.436846	0.06257933	-0.00668335	-0.0553894	
6	3.546732	0.2344285	0	0.03025306	0.07322089	-0.007751465	-0.08599854	
7	3.78116	0.4688646	0	0.2646891	0.08352869	-0.007904053	-0.0909729	
8	3.78116	0.703293	0	0.7335535	0.09383679	-0.008026123	-0.09597778	
9	3.312296	-0.234436	0	0.03025304	0.09383679	-0.008026123	-0.09597778	
10	3.781161	-0.7033081	0	1.436846	0.09383679	-0.008026123	-0.09597778	
11	3.546732	1.641022	0	0.4991176	0.09383679	-0.008026123	-0.09597778	
12	4.250025	0.9377291	0	-0.2041626	0.09383679	-0.008026123	-0.09597778	
13	4.953318	1.406594	0	-0.2041626	0.09383679	-0.008026123	-0.09597778	
14	4.953318	1.406594	0	0.03025317	0.09383679	-0.008026123	-0.09597778	
15	5.187754	-0.9377136	0	1.436847	0.09383679	-0.008026123	-0.09597778	
16	2.374568	1.641022	0	-0.2041626	0.09383679	-0.008026123	-0.09597778	
17	4.484461	1.641022	0	0.7335538	0.09383679	-0.008026123	-0.09597778	
18	4.250025	1.067108E-07	0	-0.2041626	0.1041444	-0.008178711	-0.1009521	
19	3.781161	0.703293	0	0.03025334	0.1297472	-0.008056641	-0.1006165	
20	3.781161	-3.047607	0	5.656627	0.1656571	-0.008087158	-0.1052551	
21	-0.6730347	0.4688649	0	2.140147	0.2327115	-0.002267471	-0.09954834	
22	2.843432	0.2344289	0	0.7335537	0.3701663	-0.02444458	-0.02520752	
23	3.312296	1.406594	0	-0.2041626	0.4514352	-0.09735107	0.06537832	
24	4.953318	0.7032934	0	0.03025325	0.624337	-0.0708313	0.1846599	
25	4.953318	-4.923065	0	0.03025325	0.7137377	0.1496867	0.6563572	
26	4.953318	-11.72162	0	2.374576	0.7249999	0.7796664	2.089964	
27	2.140139	-17.11353	0	0.03025331	0.7865612	1.059689	2.011308	
28	3.78116	-25.78754	0	10.34526	0.9054635	1.462926	1.433466	
29	3.78116	-39.15015	0	21.83243	0.9673913	2.104964	0.3963595	
30	3.312296	-52.51276	0	31.67858	0.8349912	2.37079	0.1587563	
31	3.781161	-56.26367	0	43.16574	0.9832926	1.991439	-0.08764648	
32	0.7335457	-58.84244	0	46.68222	0.9388638	0.6461284	0.1123992	
33	2.374568	-61.4212	0	45.51006	0.8864255	-0.07571411	0.1470435	
34	3.546732	-66.10983	0	41.52472	0.8544738	-0.7831421	0.2743753	
35	4.015596	-69.39188	0	40.35255	0.8592932	-1.369781	0.3422375	
36	3.546732	-71.26733	0	41.05585	1.066934	-1.660431	0.2219068	
37	3.78116	-73.84607	0	41.75914	1.356854	-1.888855	0.5450738	
38	-0.6730347	-73.14279	0	36.60165	3.288248	-1.505066	1.249937	
39	4.015596	-72.90836	0	32.85073	7.291854	-0.28125	4.269338	
40	3.312296	-72.67392	0	41.99358	11.05409	0.8147364	9.959315	
41	-0.6730347	-72.90836	0	28.86538	14.58994	1.587119	17.54294	
42	-13.33237	-72.90836	0	13.39287	16.04257	3.654461	28.4834	
43	-31.38364	-73.61163	0	4.718893	17.73246	5.773304	39.26126	
44	-43.33966	-73.14279	0	0.2646836	19.61856	7.279931	46.10877	
45	-49.43491	-73.14279	0	-0.2041931	21.53668	7.807298	48.18906	
46	-50.13821	-72.90836	0	0.4991121	23.47534	7.663392	46.53035	
47	-50.37262	-73.14279	0	6.359914	25.17689	7.181796	40.84624	
48	-49.66934	-73.84607	0	31.20971	27.67358	6.292273	28.80276	
49	-44.51184	-73.37723	0	37.07051	29.36256	5.635947	22.00896	
50	-41.93307	-72.90836	0	40.35255	31.80286	5.162464	18.82915	
51	-40.76093	-72.67392	0	47.15108	34.97324	4.7145	16.91395	
52	-40.52649	-72.67392	0	51.13643	38.46529	4.023581	14.21609	
53	-38.65103	-72.43951	0	62.85803	41.674	3.106176	8.627175	
54	-33.72797	-73.37723	0	64.03019	44.89602	2.282813	4.934686	
55	-33.25909	-72.90839	0	63.32689	49.74219	1.52431	3.197831	
56	-31.61807	-72.90839	0	63.09246	54.39423	0.585091	2.319738	
57	-31.38364	-73.14279	0	62.85803	56.72047	0.2336682	3.237029	
58	-31.1492	-72.90839	0	62.62359	57.8482	0.8357165	6.888916	
59	-31.1492	-74.08054	0	64.49905	59.30399	2.390503	10.75581	
60	-33.49353	-73.37723	0	63.79576	62.76318	5.332083	14.80475	
61	-32.32135	-72.67395	0	62.85803	68.16656	10.2334	20.31571	
62	-31.38364	-72.67395	0	62.62359	72.81917	14.6446	26.72493	
63	-30.68036	-72.67395	0	62.62359	75.27859	15.00922	29.57204	
64	-30.68036	-72.67395	0	64.96792	78.703	10.23218	26.52217	
65	-33.49353	-73.37723	0	77.39282	82.48063	-3.018036	12.67138	
66	-35.83786	-73.14279	0	79.26827	83.19724	-4.846039	9.650118	
67	-37.71332	-72.90839	0	79.50271	84.29996	-6.756256	9.718255	
68	-44.2774	-73.14279	0	79.26827	84.28293	-3.1633	15.53089	
69	-51.31036	-72.90839	0	79.26827	86.03227	9.236308	29.37776	
70	-59.04663	-73.8461	0	81.14374	87.01738	41.24347	61.26694	
71	-65.14185	-73.14279	0	79.97157	86.13614	58.59696	77.62563	
72	-65.37628	-73.14279	0	79.03384	85.56576	83.54868	103.1936	
73	-64.90741	-72.43951	0	79.26827	84.76366	81.741	101.4887	
74	-64.90741	-72.43951	0	79.26827	84.90696	84.14519	103.977	
75	-64.67297	-72.67395	0	79.26827	84.56721	77.6467	97.37115	
76	-64.90741	-73.61166	0	79.97158	83.80508	66.27449	86.02838	
77	-65.37628	-72.90839	0	79.50271	83.14637	58.06541	78.04702	
78	-65.37628	-73.37723	0	79.03385	83.09811	56.70145	76.83647	
79	-66.07959	-74.08054	0	79.26828	83.062	56.08591	76.28495	
80	-66.78287	-74.08054	0	79.03385	83.06467	55.75126	75.94659	
81	-66.78287	-75.01825	0	80.67487	83.06625	55.57542	75.87029	
82	-67.72061	-74.31497	0	79.26828	83.0955	55.68714	76.01169	
83	-66.54846	-74.31497	0	79.26828	83.11758	55.66441	76.01229	
84	-67.0173	-74.54941	0	79.03385	83.0901	55.90136	76.31281	
85	-67.25174	-74.78381	0	79.03385	83.09945	55.95833	76.47362	
86	-67.95505	-75.25269	0	79.97158	83.09258	56.08049	76.68114	
87	-69.1272	-74.54938	0	79.03385	83.10138	56.03986	76.74637	
88	-67.95502	-74.78381	0	79.26828	83.11148	56.10342	76.89114	
89	-68.18945	-74.54938	0	79.03385	83.12254	56.09303	76.89243	
90	-68.18945	-74.78381	0	79.03385	83.12968	56.127	77.11139	
91	-67.95502	-75.72156	0	80.67487	83.13613	56.17118	77.15079	
92	-69.1272	-74.31497	0	79.26828	83.14845	56.25972	77.23941	
93	-68.18945	-74.54938	0	79.03385	83.15446	56.21141	77.17525	
94	-67.95502	-74.54938	0	79.03385	83.19485	56.23785	77.19618	
95	-68.18945	-74.54938	0	79.03385	83.18172	56.11511	77.33463	
96	-67.95502	-75.48712	0	80.67487	83.18966	56.1838	77.32704	
97	-69.12717	-74.78381	0	79.73714	83.18816	56.16584	77.36751	
98	-68.18945	-74.78381	0	79.03385	83.18698	56.06651	77.27979	
99	-68.18945	-74.54938	0	79.26828	83.18698	56.06651	77.27979	
100	-68.18945	-74.54938	0	79.26828	83.17373	56.0527	77.33541	
101	-68.18945	-75.48712	0	79.97159	83.18816	56.16584	77.36751	
102	-69.12717	-74.54938	0	79.97159	83.18675	56.14774	77.40784	
103	-68.42389	-74.54938	0	79.03385	83.18221	56.20832	77.43893	
104	-67.95502	-74.54938	0	79.26829	83.17564	56.16378	77.39916	
105	-67.95502	-74.54938	0	79.50272	83.1701	56.01065	77.43291	


Angle MV instances
Rotate	4.456543	3.282051	3.282051	2.813186	2.109894	4.454195	3.516466	2.813179	3.047615	4.454195	4.688631	3.98533	12.65933	18.05127	11.95602	6.095245	5.157501	2.578766	4.923065	2.34433	2.813171	2.34433	6.564087	7.032959	7.736267	6.095215	
ChildRotate	2.813164	3.0476	3.7509	3.516472	5.626359	6.798553	5.391907	8.674011	13.36261	13.36261	3.750916	2.578766	2.578766	4.688629	3.282043	2.578735	
RotateInverse	
ChildRotateInverse	3.282051	2.344322	5.626373	3.51648	2.344322	2.344322	10.31501	11.48717	9.846144	11.48717	3.516479	3.985344	5.157497	3.750916	9.142849	13.1282	15.47251	8.673981	4.454209	5.860802	24.84979	5.860802	3.282043	6.798527	3.985348	11.7216	2.344326	12.4249	
Docking x	4.003606	3.762235	3.535847	2.496687	2.440304	3.170376	3.49205	3.20871	3.222015	4.846172	4.652046	2.326233	3.45919	5.403389	4.652603	2.459419	3.424416	3.777626	
Docking y	2.067342	2.118843	2.94158	4.901321	4.411193	4.777043	13.25021	3.592957	12.39961	32.00716	17.35349	24.95173	2.404182	6.498489	11.37221	8.209076	
Docking z	3.019401	5.689978	7.583625	10.94046	10.77786	6.847504	2.080292	5.684113	12.04348	6.793806	3.179811	2.697863	5.588916	3.692489	3.651887	3.866889	4.048941	5.510962	6.409225	2.847109	3.049877	13.85078	3.021263	5.812639	13.84686	31.88918	16.35868	25.56799	2.488289	6.605835	11.34277	7.981361	
Total MV Amount	904.4199


Angle TRE instances
Rotate	
ChildRotate	
RotateInverse	1	
ChildRotateInverse	39	40	41	42	48	49	
Docking x	70	73	
Docking y	1	43	51	60	65	67	68	69	
Docking z	1	40	54	58	
Total TRE Count	18


Correct Angles	Rotate	ChildRotate	RotateInverse	ChildRotateInverse	Docking x	Docking y	Docking z
	-90	-90	0	30	90	0	0

Angle Error	Rotate	ChildRotate	RotateInverse	ChildRotateInverse	Docking x	Docking y	Docking z
	21.81055	14.51288	0	50.44046	6.827026	56.04056	77.35902

Time Taken	Hours	Minutes	Seconds	Milliseconds	Seconds float	Completion time
	0	0	6	288	6.287589	00h:00m:06s:288ms

Final Results	Tester Name	Time of Test	Dock Shape Style	Virtual Device Visible	Time Taken	Shape Precision %	Orientation Precision %	Overall Precision %	Efficiency %	Difficulty	Total MV	Total TRE	
	0	2018-11-14_14:51:25	Ltd Random	False	00h:00m:06s:288ms	87.94946	75.29637	81.98489	91.8894	0.3333333	904.4199	18	
