
Angles Over Time
Frames	Rotate	ChildRotate	RotateInverse	ChildRotateInverse	Docking x	Docking y	Docking z	
0	-80.19547	-99.39908	0	101.7238	-70.57797	-57.89716	155.6071	
1	-80.4299	-99.86795	0	102.6616	-70.59457	-57.77289	155.5057	
2	-80.89877	-99.39908	0	101.9583	-70.47916	-57.49063	155.1215	
3	-80.19547	-99.39908	0	101.4894	-70.27637	-57.02206	154.4555	
4	-79.96103	-99.39908	0	101.7238	-70.2132	-55.25525	152.4384	
5	-80.19547	-99.39908	0	101.4894	-70.18079	-53.04071	149.9678	
6	-79.96103	-99.39908	0	101.4894	-69.93182	-50.92532	147.3505	
7	-80.19547	-99.63351	0	102.896	-69.78644	-48.1192	143.6704	
8	-80.89877	-99.39908	0	101.9583	-68.95471	-41.36301	134.2641	
9	-79.96103	-99.39908	0	101.4894	-65.09445	-29.72797	118.0994	
10	-80.19547	-99.39908	0	101.7238	-58.495	-17.85907	96.87543	
11	-79.72662	-99.16464	0	101.4894	-46.6582	-6.795654	72.33865	
12	-79.72662	-99.16464	0	101.7238	-36.3696	-3.373413	60.40337	
13	-79.72662	-99.63348	0	101.9583	-34.5188	-9.822296	52.0294	
14	-80.4299	-99.39908	0	101.4894	-31.14047	-15.22058	50.40335	
15	-79.96103	-99.39908	0	101.4894	-26.82565	-13.84305	47.1538	
16	-80.19547	-97.28918	0	101.9583	-20.84521	-11.76862	43.93952	
17	-79.96106	-97.05475	0	113.9143	-11.04984	-10.23666	39.47126	
18	-80.66434	-97.52362	0	115.0865	-2.565247	-7.563843	34.50933	
19	-81.36765	-97.28918	0	114.6176	-0.3865051	-9.478912	31.42393	
20	-80.66434	-97.28918	0	114.3832	1.131469	-10.37744	28.41945	
21	-80.4299	-97.05475	0	114.1487	3.843906	-9.293915	26.80726	
22	-80.1955	-96.82031	0	121.6506	7.116644	-10.99551	26.81111	
23	-80.1955	-76.89359	0	127.7458	5.215194	-14.78067	25.36951	
24	-81.36765	-45.01083	0	127.9802	3.200758	-14.09113	23.63647	
25	-84.64969	-33.99252	0	127.7458	0.2587244	-10.9057	23.56338	
26	-84.18082	-26.72513	0	127.7458	-1.715576	-8.8396	24.308	
27	-84.18082	-23.67752	0	127.7458	-2.126434	-6.899109	22.14348	
28	-84.41525	-23.91196	0	127.9802	1.317145	-6.736969	3.820276	
29	-58.62772	-26.25629	0	127.7458	4.013823	-9.150238	-42.9798	
30	-18.53986	-24.84967	0	127.7458	3.050178	-12.31689	-65.31482	
31	-10.33472	-23.91196	0	127.5114	2.191481	-13.12479	-72.48071	
32	-3.301758	-19.92661	0	125.8703	2.110338	-13.05634	-67.65698	
33	1.152439	-10.31491	0	84.37586	1.502418	-11.84198	-55.82556	
34	1.152439	-0.703186	0	16.39058	1.3096	-11.6687	-36.20023	
35	0.9180028	-3.047516	0	30.92536	2.934553	-11.43387	-17.24634	
36	-5.177216	1.172271	0	26.00229	5.413969	-10.60049	-9.31546	
37	-12.67905	2.109993	0	16.62501	7.99418	-6.917816	-0.1683044	
38	-22.05634	1.4067	0	11.93636	8.95916	-2.593506	6.941284	
39	-27.91714	2.109993	0	8.888748	9.13924	0.3335925	12.49547	
40	-31.90247	1.875564	0	8.419885	9.825973	3.294201	15.5405	
41	-37.05997	0.4689708	0	7.951019	9.468861	4.846884	18.09306	
42	-41.98306	2.344429	0	6.544435	8.398359	5.008027	16.27479	
43	-40.81088	3.047721	0	7.951021	8.876276	4.547512	12.20776	
44	-40.34204	0.9378353	0	10.06092	8.402575	3.95251	10.28592	
45	-33.07465	-2.578644	0	20.84478	7.385173	3.503174	4.73787	
46	-18.77429	-9.611603	0	20.84478	5.684096	3.150239	0.9885192	
47	-14.78894	-21.09875	0	19.90705	2.578921	3.376817	0.626998	
48	-0.2541504	-21.80206	0	17.79717	1.132752	3.345456	-0.5857239	
49	0.2147111	-20.39548	0	13.34296	1.041096	3.329449	-0.5682068	
50	0.6835755	-20.39548	0	8.185458	0.8088292	3.330538	-0.416687	
51	0.9180039	-18.05115	0	5.606708	0.7071459	3.315709	-0.3756104	
52	1.15244	-16.41013	0	2.559085	0.6661863	3.299988	-0.3702087	
53	-1.895172	-6.095123	0	-0.01965332	0.5152455	3.283963	-0.5123596	
54	0.214711	0.4689725	0	-0.2540894	0.2072327	3.267919	-0.8221741	
55	0.4491393	0.7034085	0	-0.01965332	0.1915045	3.26057	-0.8232117	
56	0.4491393	0.0001080003	0	-0.2540894	0.1574654	3.252771	-0.8093262	
57	0.4491393	-3.047516	0	5.137844	0.1352759	3.251584	-0.8355408	
58	-3.301758	0.4689724	0	0.2147701	0.1218177	3.249962	-0.8691406	


Angle MV instances
Rotate	80.19547	3.282043	25.78754	40.08786	8.205139	7.032959	4.454197	6.095219	7.501831	9.377289	5.860809	3.985321	5.157501	4.923096	7.267395	14.30035	3.985352	14.53479	3.750897	
ChildRotate	99.39908	2.109894	19.92673	31.88275	11.01831	7.267395	3.047607	2.34433	3.985352	9.611694	9.611725	2.34433	2.109886	7.032959	11.48715	2.34433	10.315	6.564096	3.047624	3.516488	
RotateInverse	
ChildRotateInverse	101.7238	11.95603	7.501816	6.09523	41.49447	67.98529	14.53479	4.923073	9.377279	4.688646	3.047615	2.109895	10.78387	2.109888	4.454207	5.157501	2.578751	3.047623	2.578738	5.391933	4.923074	
Docking x	70.57797	3.86026	6.599457	11.83679	10.2886	3.378326	4.314819	5.980438	9.79538	8.484589	2.178741	2.712436	3.272738	2.014437	2.942033	2.696678	2.479415	2.580211	3.105175	
Docking y	57.89716	2.214539	2.115387	2.806122	6.756195	11.63504	11.8689	11.06342	3.422241	6.448883	5.398285	2.074432	2.672821	3.785156	3.185425	2.066101	2.413269	3.166656	3.682678	4.32431	2.927098	2.960609	
Docking z	155.6071	2.01709	2.470627	2.617264	3.680084	9.406326	16.16467	21.22399	24.53678	11.93529	8.373966	3.249554	3.214283	4.468262	4.961922	3.085403	3.004477	2.164524	18.3232	46.80008	22.33502	7.165894	4.82373	11.83142	19.62534	18.95389	7.930878	9.147156	7.109589	5.554189	3.045023	2.552564	4.067037	5.54805	3.749351	
Total MV Amount	1615.943


Angle TRE instances
Rotate	33	36	48	
ChildRotate	35	46	54	
RotateInverse	1	
ChildRotateInverse	53	57	58	
Docking x	19	22	24	36	47	
Docking y	38	42	43	
Docking z	37	38	45	
Total TRE Count	20


Correct Angles	Rotate	ChildRotate	RotateInverse	ChildRotateInverse	Docking x	Docking y	Docking z
	-1.963612E-15	-4.327042E-32	0	1.963612E-15	0	0	0

Angle Error	Rotate	ChildRotate	RotateInverse	ChildRotateInverse	Docking x	Docking y	Docking z
	0.01971436	0.4689724	0	0.01965332	0.09962638	3.248794	0.8953552

Time Taken	Hours	Minutes	Seconds	Milliseconds	Seconds float	Completion time
	0	0	3	472	3.47216	00h:00m:03s:472ms

Final Results	Tester Name	Time of Test	Dock Shape Style	Virtual Device Visible	Time Taken	Shape Precision %	Orientation Precision %	Overall Precision %	Efficiency %	Difficulty	Total MV	Total TRE	
	0	2018-11-14_14:50:42	ZEROING DATA	True	00h:00m:03s:472ms	99.9294	99.23257	99.62285	100	4.363582E-18	1615.943	20	
