
Angles Over Time
Frames	Rotate	ChildRotate	RotateInverse	ChildRotateInverse	Docking x	Docking y	Docking z	
0	-0.4099426	-1.406586	0	-0.1754456	0.01561402	-0.00131777	-0.03265381	
1	0.2670912	0.7033005	0	0.5015196	-0.008239746	-0.000477307	-0.00793457	
2	-0.2017822	0.4688645	0	0.735948	0.007664104	-0.001036454	-0.02441406	
3	-0.2017822	-2.813171	0	3.314698	-0.0005711265	-0.001512538	-0.03237915	
4	-2.780518	-0.234436	0	0.0326549	0.007092339	-0.002551023	-0.05679321	
5	0.03265534	0.4688644	0	0.5015193	0.007092339	-0.002551023	-0.05679321	
6	-0.2017822	0.4688644	0	1.204812	0.006805988	-0.003308176	-0.07296753	
7	-0.4362183	0.2344359	0	0.9703838	0.01475527	-0.003592761	-0.08120728	
8	-0.2017822	-2.813171	0	2.845834	0.02270414	-0.003878475	-0.08944702	
9	-2.780518	0.4688643	0	0.5015194	0.0144686	-0.004350929	-0.09738159	
10	-0.2017822	0.4688643	0	0.9703838	0.0144686	-0.004350929	-0.09738159	
11	-0.2017822	0.4688643	0	0.2670833	0.1227068	-0.0451355	0.04054096	
12	0.03265525	0.4688643	0	0.9703838	0.2882037	-0.5612183	0.2306995	
13	-0.2017822	0.2344359	0	0.5015194	0.3362315	-1.759979	0.4201569	
14	-0.6706238	-22.03662	0	1.908113	0.232454	-2.559448	0.7189717	
15	-1.139496	-44.07321	0	14.80187	0.2093455	-2.971954	0.7547029	
16	-0.2017822	-56.73254	0	33.55643	0.2777482	-2.835968	0.5183496	
17	0.9703841	-61.89005	0	42.93371	0.3822146	-4.108398	0.3659127	
18	0.2670913	-61.89005	0	45.04359	0.5916536	-6.131714	0.6252915	
19	0.03265529	-63.29663	0	42.69928	0.6187448	-7.391602	1.122897	
20	-3.952698	-51.10617	0	37.77621	1.612418	-9.356689	0.1104484	
21	-18.01862	-38.91571	0	38.4795	5.676533	-11.7623	1.496403	
22	-37.94531	-29.30399	0	48.32565	12.52025	-16.08157	-1.206451	
23	-50.60464	-22.03662	0	48.56008	19.69823	-24.43137	-9.948517	
24	-55.05887	-20.16116	0	57.4685	24.34009	-35.18546	-28.79947	
25	-54.35556	-22.50546	0	73.87874	25.40153	-45.79541	-51.52591	
26	-41.46179	-21.09888	0	73.40987	26.59559	-50.8493	-61.39734	
27	-38.88306	-26.25638	0	73.40987	25.83181	-59.172	-71.3674	
28	-32.55341	-34.46152	0	73.87874	21.86017	-68.05511	-86.54065	
29	-16.37759	-43.1355	0	73.40987	18.1914	-73.82623	-96.34744	
30	-8.875763	-47.82413	0	74.58202	14.87243	-79.21118	-99.21548	
31	-11.92337	-48.05856	0	74.3476	12.85243	-82.18665	-101.7032	
32	-10.04791	-48.52744	0	73.40987	12.35522	-83.82874	-104.9728	
33	-8.641327	-49.46515	0	73.40987	12.14895	-85.15973	-107.6639	
34	-8.172455	-52.74719	0	71.53442	12.19428	-86.38708	-108.9701	
35	-8.172455	-54.15378	0	67.78351	11.91715	-88.13019	-111.8061	
36	-8.641327	-55.56039	0	68.25237	10.98523	-90.88132	-117.2332	
37	-10.04791	-54.62265	0	67.7835	9.890262	-93.40649	-123.6943	
38	-9.344635	-55.09152	0	70.36225	9.041137	-95.44827	-130.5799	
39	-8.641327	-54.85709	0	73.40987	8.959003	-96.59604	-134.8996	
40	-10.51678	-54.85709	0	73.17545	8.239083	-97.38409	-136.2916	
41	-19.65964	-56.26367	0	74.81647	7.530418	-98.32361	-133.8114	
42	-31.61566	-55.56039	0	65.20475	7.648027	-98.53732	-124.8283	
43	-45.68158	-54.85709	0	44.34031	8.063584	-98.36169	-111.0245	
44	-61.62296	-54.15381	0	24.88245	8.086749	-97.72891	-95.53931	
45	-75.22003	-54.15381	0	19.95938	7.577628	-97.48682	-85.98022	
46	-83.1907	-54.62265	0	19.49051	7.026038	-97.50046	-82.98755	
47	-88.11377	-49.23071	0	20.89711	6.874374	-97.26025	-82.73001	
48	-93.2713	-37.50912	0	19.49051	6.731271	-96.95502	-85.00046	
49	-99.60095	-30.94504	0	19.95938	6.674586	-96.87689	-85.39734	
50	-104.524	-27.8974	0	19.72495	6.924299	-97.33585	-84.31876	
51	-106.3995	-27.42856	0	19.95938	7.094779	-97.5701	-84.22781	
52	-107.1028	-30.00729	0	22.53813	7.221524	-97.72729	-84.90161	
53	-107.3372	-28.36627	0	21.36597	7.214207	-97.78369	-85.04361	
54	-107.1028	-27.42856	0	19.49051	7.42975	-98.49615	-85.79324	
55	-107.3372	-25.08423	0	19.72495	7.412906	-98.89343	-85.49628	
56	-107.5716	-24.84979	0	20.42825	7.713803	-99.79279	-85.06656	
57	-108.7438	-24.61536	0	20.19381	7.635748	-100.0236	-84.93781	
58	-110.1504	-26.49081	0	22.53813	7.11273	-100.0536	-85.61887	
59	-109.916	-25.08423	0	20.42825	7.064428	-100.1317	-85.82349	
60	-110.3848	-25.31866	0	21.13154	7.133492	-100.0274	-86.37787	
61	-110.3848	-25.08423	0	21.36597	7.140828	-99.83392	-87.2207	
62	-110.3848	-24.84979	0	21.83484	7.091195	-99.34119	-89.16003	
63	-110.3848	-28.13184	0	25.82018	6.705661	-98.81232	-92.55725	
64	-110.3848	-23.44321	0	25.58574	6.506664	-98.54672	-94.24866	
65	-110.3848	-19.92673	0	28.1645	6.543449	-98.35144	-96.58374	
66	-110.6193	-14.06592	0	33.32201	6.433353	-98.15887	-99.13092	
67	-110.3848	-6.564117	0	36.60405	6.435644	-98.31339	-101.6248	
68	-110.3848	-0.9377441	0	38.24508	6.325497	-98.32294	-102.7764	
69	-110.6193	-1.406586	0	41.29269	6.199339	-98.56528	-103.7396	
70	-110.3848	3.516469	0	43.63702	6.288012	-99.06329	-105.0362	
71	-110.3848	3.516469	0	45.7469	6.346972	-99.18701	-106.0379	
72	-110.3848	3.282041	0	45.98133	6.104325	-99.2085	-108.3298	
73	-110.3848	3.047605	0	46.68464	5.995395	-99.6911	-108.0688	
74	-110.3848	-1.17218	0	51.84213	5.916188	-100.0925	-107.776	
75	-110.3848	0.7032902	0	49.02894	5.826354	-100.3442	-108.7036	
76	-110.3848	2.109884	0	48.32565	5.779016	-100.4042	-108.2288	
77	-110.3848	3.282041	0	48.79452	5.758022	-100.4039	-108.9016	
78	-110.3848	3.516469	0	49.49781	5.656516	-100.5838	-108.3448	
79	-110.3848	3.282041	0	49.26338	5.562482	-100.5362	-108.4306	
80	-110.3848	0.2344258	0	49.96667	5.340326	-100.2869	-108.0682	
81	-110.6193	2.344312	0	49.02894	5.112502	-100.1638	-107.3841	
82	-110.3848	1.875448	0	49.02894	4.879264	-100.0891	-106.223	
83	-110.3848	-6.564117	0	48.56008	4.472403	-99.52814	-105.8899	
84	-110.3848	-26.72525	0	48.56008	3.543127	-98.46802	-104.8262	
85	-110.1504	-37.04025	0	51.84213	3.094101	-98.06091	-106.886	
86	-106.3995	-36.10254	0	52.07656	3.091794	-98.1665	-108.4695	
87	-106.1651	-36.33698	0	53.01429	2.954868	-98.16061	-109.1975	
88	-105.6962	-35.8681	0	57.46849	2.793949	-98.04865	-110.8257	
89	-104.0552	-35.8681	0	63.56373	2.532561	-98.08905	-113.381	
90	-101.242	-37.27469	0	63.79815	2.456356	-98.25842	-115.7046	
91	-99.36652	-39.38458	0	67.7835	2.261855	-98.20419	-116.8956	
92	-99.60095	-38.21243	0	68.72122	2.062124	-97.95352	-118.1227	
93	-99.36652	-40.08789	0	71.06555	1.989117	-97.79718	-120.8183	
94	-99.13208	-39.85345	0	71.76884	2.016816	-97.80328	-121.1604	
95	-99.13208	-39.61902	0	72.23771	2.080407	-97.74057	-121.3698	
96	-99.13208	-41.72891	0	74.58202	2.23479	-97.75754	-121.5739	
97	-98.89767	-39.61902	0	73.17544	2.317224	-97.74454	-121.6217	
98	-98.4288	-39.85345	0	73.6443	2.409616	-97.6796	-121.7973	
99	-98.19437	-39.61902	0	73.87874	2.430618	-97.53821	-121.9436	
100	-97.95993	-39.38458	0	73.87874	2.480432	-97.50333	-122.0494	
101	-97.49106	-39.61902	0	73.87874	2.51083	-97.48047	-122.1541	
102	-97.25665	-41.26004	0	74.58202	2.539146	-97.45792	-122.2843	
103	-97.49106	-39.85345	0	73.6443	2.58665	-97.43927	-122.375	
104	-97.25665	-40.08789	0	73.87874	2.632396	-97.45044	-122.3946	
105	-97.02222	-39.85345	0	73.87874	2.656505	-97.44806	-122.412	
106	-97.25665	-40.79117	0	73.87874	2.709607	-97.45499	-122.463	
107	-97.25665	-41.26004	0	75.51976	2.79384	-97.479	-122.5891	
108	-96.78778	-40.3223	0	75.98862	2.897749	-97.48871	-122.8348	
109	-95.85004	-40.55673	0	76.22305	2.97223	-97.49323	-122.9338	
110	-95.6156	-40.32233	0	76.69192	3.005887	-97.48648	-122.957	
111	-95.38116	-40.79117	0	77.39522	2.999959	-97.46506	-122.8836	
112	-95.38116	-42.90106	0	79.97397	3.006415	-97.47565	-122.8795	
113	-95.14676	-40.55676	0	78.56738	2.998715	-97.46954	-122.7808	
114	-94.67789	-40.55676	0	78.33295	3.011584	-97.44852	-122.7914	
115	-94.67789	-40.55676	0	78.56738	3.003773	-97.43774	-122.8108	
116	-94.67789	-41.0256	0	78.33295	3.007373	-97.41867	-122.9339	
117	-94.20901	-43.83881	0	79.73954	3.02039	-97.44073	-123.229	
118	-94.44345	-42.90106	0	79.27068	3.028801	-97.44162	-123.4355	
119	-93.97461	-43.1355	0	78.33296	3.065583	-97.45142	-123.6807	


Angle MV instances
Rotate	2.578735	2.813173	2.578735	2.578735	3.985353	14.06592	19.9267	12.65933	4.454224	12.89377	2.578735	6.329651	16.17581	7.501831	3.047607	9.142853	11.95602	14.06592	15.94138	13.59708	7.970673	4.923065	5.157532	6.329651	4.923065	3.750931	2.813171	
ChildRotate	3.282036	2.578735	3.047607	3.282036	22.27106	22.03659	12.65933	5.157501	12.19046	12.19046	9.611725	7.267365	2.344299	5.157501	8.205139	8.673981	4.688629	3.282043	5.391937	11.72159	6.564087	3.047638	2.578735	2.34433	3.282043	4.688629	3.516479	5.860809	7.501801	5.626373	4.923055	3.047615	2.109886	8.439565	20.16113	10.315	2.109894	2.109894	2.109894	2.109894	2.344299	2.813202	
RotateInverse	
ChildRotateInverse	2.57875	3.282043	2.344315	12.89376	18.75455	9.377281	2.109886	2.344315	4.923069	9.846146	8.908424	16.41024	3.750908	2.578751	3.047623	9.611717	20.86444	19.45786	4.923073	2.578751	2.344322	2.109884	3.985346	2.578754	5.157507	3.282047	3.047611	2.344322	2.109882	5.157497	2.81319	3.282047	4.454205	6.095234	3.985348	2.34433	2.344315	2.578751	
Docking x	4.064116	6.84372	7.177978	4.641857	3.971645	3.668768	3.318968	2.020006	
Docking y	2.023315	2.405609	4.319275	8.349792	10.75409	10.60995	5.053894	8.322693	8.883118	5.771118	5.384949	2.975464	2.751129	2.525177	2.041779	
Docking z	8.742065	18.85095	22.72644	9.871429	9.970062	15.17325	9.806793	2.868042	2.487732	3.269547	2.691177	2.836014	5.427124	6.46106	6.88559	4.319687	2.480148	8.983078	13.80385	15.48518	9.559082	2.992676	2.270447	3.397217	2.335083	2.54718	2.493835	2.291824	2.05986	2.555252	2.323593	2.695648	
Total MV Amount	1036.523


Angle TRE instances
Rotate	42	43	
ChildRotate	
RotateInverse	1	
ChildRotateInverse	
Docking x	1	21	82	
Docking y	
Docking z	
Total TRE Count	4


Correct Angles	Rotate	ChildRotate	RotateInverse	ChildRotateInverse	Docking x	Docking y	Docking z
	-30	-69.5058	0	90	-4.695755E-06	-150	-150

Angle Error	Rotate	ChildRotate	RotateInverse	ChildRotateInverse	Docking x	Docking y	Docking z
	63.2713	27.07361	0	11.66704	3.082241	52.55225	26.09164

Time Taken	Hours	Minutes	Seconds	Milliseconds	Seconds float	Completion time
	0	0	7	113	7.112603	00h:00m:07s:113ms

Final Results	Tester Name	Time of Test	Dock Shape Style	Virtual Device Visible	Time Taken	Shape Precision %	Orientation Precision %	Overall Precision %	Efficiency %	Difficulty	Total MV	Total TRE	
	0	2018-11-14_14:52:00	Ltd Random	True	00h:00m:07s:113ms	85.83167	85.43632	85.41761	89.40609	0.5438953	1036.523	4	
