
Angles Over Time
Frames	Rotate	ChildRotate	RotateInverse	ChildRotateInverse	Docking x	Docking y	Docking z	
0	-50.24115	-138.3149	0	143.3999	7.466675	-29.21957	-139.7823	
1	-50.24115	-138.3149	0	143.3999	7.311685	-29.41888	-139.6038	
2	-49.77228	-137.3771	0	143.1654	7.250236	-29.52875	-139.2638	
3	-51.64774	-137.846	0	143.1654	7.140669	-29.59735	-139.0113	
4	-50.71002	-138.3149	0	143.3999	6.946825	-29.82059	-138.7363	
5	-49.77228	-138.3149	0	143.3999	6.796009	-29.82333	-138.2691	
6	-50.24115	-138.3149	0	143.1654	6.643569	-29.63129	-137.3357	
7	-50.00671	-138.5493	0	143.1654	4.952875	-28.88812	-134.8993	
8	-50.00671	-137.6116	0	143.1654	3.448447	-27.89771	-131.8321	
9	-51.88217	-138.0804	0	143.1654	3.627774	-26.66934	-126.8401	
10	-50.24115	-138.3149	0	143.1654	3.631354	-26.23193	-119.3311	
11	-50.24115	-138.7837	0	143.1654	2.425755	-26.69073	-107.9545	
12	-49.30341	-138.7837	0	143.1654	2.638083	-26.17953	-90.7793	
13	-49.30341	-138.7837	0	143.1654	4.115059	-24.91479	-70.91193	
14	-49.53784	-138.0804	0	143.1654	1.959206	-24.99396	-55.54282	
15	-50.71002	-138.3149	0	143.1654	4.466356	-25.82895	-45.01566	
16	-49.53784	-138.3149	0	143.1654	4.596026	-26.92261	-42.3808	
17	-49.30344	-138.3149	0	143.1654	6.146058	-27.12015	-40.36099	
18	-47.42798	-138.3149	0	143.1654	7.227792	-27.62811	-37.07733	
19	-45.08365	-137.3771	0	143.1654	8.266941	-27.24313	-35.44638	
20	-46.95911	-137.846	0	143.1654	9.42072	-25.97345	-31.84128	
21	-45.55252	-138.3149	0	143.1654	9.921964	-23.87418	-28.87039	
22	-44.61478	-138.7837	0	143.1654	10.02789	-16.5051	-16.51358	
23	-41.33276	-138.5493	0	143.1654	0.6979678	-10.17856	-6.437286	
24	-41.09833	-138.7837	0	142.931	-8.650391	-7.164154	0.8000339	
25	-40.16058	-138.0804	0	142.931	-8.661438	-5.472412	0.5011649	
26	-23.75034	-138.3149	0	142.931	-7.618286	-6.370148	-4.897583	
27	-8.512268	-138.3149	0	141.29	-5.960388	-7.42337	-10.25226	
28	-4.29248	-138.3149	0	122.5354	-1.419647	-9.673004	-11.12903	
29	-4.058044	-138.3149	0	106.8285	1.170087	-11.06244	-11.44519	
30	-3.823608	-137.3771	0	93.70027	-1.683807	-11.8269	-10.27554	
31	-6.167938	-137.846	0	61.34866	-3.520386	-11.44394	-8.889679	
32	-4.526917	-138.3149	0	36.03	-0.8604431	-10.52234	-1.285919	
33	-3.823608	-138.5493	0	39.78091	0.9554654	-7.985535	8.710265	
34	-1.948181	-138.5493	0	32.98239	1.968984	-8.538391	8.736923	
35	-2.417023	-138.5493	0	21.96408	2.378487	-9.116852	11.87034	
36	-2.417023	-138.0804	0	20.79192	2.334699	-11.09747	15.23277	
37	-4.526917	-138.0804	0	15.63441	2.460294	-11.99323	14.25491	
38	-3.354767	-138.3149	0	12.35237	3.305279	-11.96008	16.41085	
39	-3.589203	-118.857	0	8.367027	3.30284	-12.32779	15.82417	
40	-3.354767	-89.31857	0	8.367027	2.455807	-12.5127	15.2659	
41	-3.120331	-75.72153	0	8.367027	1.639426	-12.90842	14.04826	
42	-1.948181	-69.15741	0	10.00805	1.46723	-12.64047	13.21913	
43	-4.526917	-57.67026	0	8.601456	1.955009	-9.306458	11.93036	
44	-2.885895	-51.57501	0	7.898163	2.203127	-8.364624	11.15594	
45	-3.120331	-51.34058	0	8.601457	1.815907	-7.949127	12.29835	
46	-3.823608	-51.57501	0	6.491569	1.135595	-7.506897	13.33768	
47	-3.823608	-53.21606	0	6.960434	0.8873757	-7.024994	17.61395	
48	-5.933502	-50.16843	0	4.381684	0.7316883	-5.960419	20.63972	
49	-4.29248	-43.60434	0	2.506227	0.01318285	-4.333313	20.63317	
50	-4.526917	-35.63367	0	3.443955	-0.4913025	-4.546326	21.78383	
51	-9.215546	-33.99261	0	3.443955	-0.4161377	-4.689636	21.45471	
52	-9.449982	-30.94501	0	2.740655	-0.3616333	-5.022064	19.45074	
53	-10.62216	-29.77286	0	7.4293	-0.2992249	-5.26004	18.31069	
54	-13.43533	-23.44318	0	7.663728	-0.2296448	-5.52594	16.95555	
55	-9.918854	-17.5824	0	33.92011	0.2193382	-5.975342	13.70033	
56	-8.043396	-14.06592	0	32.74796	1.022725	-5.64447	5.392951	
57	-4.29248	-13.59705	0	24.54284	1.170319	-6.038422	2.325341	
58	-2.182587	-12.19046	0	24.54284	1.018593	-6.062225	2.016913	
59	-2.182587	-12.4249	0	28.05931	0.9681042	-6.068909	1.886538	
60	-4.526917	-8.205109	0	21.26079	0.9389941	-6.041962	1.784112	
61	-2.651459	-7.032959	0	13.9934	0.9168729	-6.053223	1.672992	
62	-2.885895	-4.923065	0	15.63442	0.809516	-5.970001	1.51821	
63	-3.354767	-1.17215	0	11.18021	0.7680237	-5.956818	1.476425	
64	-1.948181	-4.454193	0	10.24249	0.4236467	-5.925873	1.369634	
65	-4.995789	-1.17215	0	0.3963446	0.5294316	-5.942383	1.357642	
66	-1.948181	-1.17215	0	0.1619085	0.5520518	-5.954285	1.179978	
67	-2.417023	-0.4688416	0	-0.5413818	0.6065029	-5.950043	1.078229	
68	-0.5415649	1.147249E-05	0	-0.5413818	0.6002479	-5.951324	1.046439	
69	-0.5415649	0.2344475	0	-0.07250977	0.5141506	-5.957581	1.113161	
70	-1.244873	-2.578735	0	1.334074	0.4856305	-5.958954	1.094027	
71	-3.120331	1.146333E-05	0	-0.5413818	0.4698663	-5.960663	1.055862	
72	-0.5415649	-1.17215	0	0.1619086	0.4263828	-5.213318	0.9916915	
73	-1.948181	-1.406586	0	-0.5413818	0.4093588	-4.884918	0.9352306	
74	-1.713745	-1.17215	0	-0.5413818	0.3873174	-4.466675	0.9015918	
75	-1.948181	-4.688629	0	4.381689	0.3545571	-3.81134	0.8293955	
76	-5.230225	-1.17215	0	0.3963449	0.3302723	-3.400208	0.7796467	
77	-2.651459	-1.17215	0	0.1619089	0.2955255	-2.57312	0.7019734	
78	-2.182587	-1.17215	0	-0.5413818	0.2789567	-2.351837	0.6730827	
79	-1.713745	-1.17215	0	-0.3069458	0.2624515	-2.10788	0.643384	
80	-1.713745	-3.985321	0	2.975096	0.2393339	-1.658173	0.5917411	


Angle MV instances
Rotate	50.24115	2.34433	3.282013	16.41025	15.23807	4.219788	2.34433	2.109894	2.578735	2.109894	4.688629	2.813171	3.516479	3.750916	2.109894	2.34433	3.047607	3.047607	2.578766	3.282043	2.578766	
ChildRotate	138.3149	19.45786	29.53844	13.59705	6.564117	11.48715	6.095245	3.047638	6.564087	7.970673	3.047607	6.329681	5.860779	3.516479	4.219788	2.109894	3.750916	3.282043	3.282043	2.813183	2.578747	3.516479	3.516479	2.813171	
RotateInverse	
ChildRotateInverse	143.3999	18.75455	15.70695	13.12819	32.35162	25.31865	3.750908	6.798523	11.01831	5.157508	3.282043	3.985344	2.109888	2.57875	4.688645	26.25638	8.205124	3.516479	6.798523	7.267395	4.454209	9.846147	4.923071	3.985344	3.282042	
Docking x	7.466675	2.155853	2.50715	9.329926	9.348358	4.540741	2.659943	
Docking y	29.21957	2.099274	7.36908	6.326538	3.014404	2.249634	2.536804	3.334015	
Docking z	139.7823	2.436401	3.067184	4.992065	7.508957	11.3766	17.17522	19.86737	15.36911	10.52716	2.634857	2.019806	3.283661	3.605103	2.970886	12.35681	10.07629	7.23732	5.398748	5.354675	7.60376	9.996184	3.133412	3.362436	2.155941	4.276275	3.025768	2.003967	3.255225	8.307375	3.06761	
Total MV Amount	1229.862


Angle TRE instances
Rotate	29	31	32	48	49	51	57	76	77	
ChildRotate	63	
RotateInverse	1	
ChildRotateInverse	49	53	65	
Docking x	8	17	23	24	28	
Docking y	50	52	73	
Docking z	25	27	32	33	57	
Total TRE Count	26


Correct Angles	Rotate	ChildRotate	RotateInverse	ChildRotateInverse	Docking x	Docking y	Docking z
	-1.270729E-21	-1.611493E-43	0	1.973781E-21	0	0	0

Angle Error	Rotate	ChildRotate	RotateInverse	ChildRotateInverse	Docking x	Docking y	Docking z
	4.995789	2.109863	0	1.334074	0.2131449	1.396027	0.5546811

Time Taken	Hours	Minutes	Seconds	Milliseconds	Seconds float	Completion time
	0	0	4	768	4.767916	00h:00m:04s:768ms

Final Results	Tester Name	Time of Test	Dock Shape Style	Virtual Device Visible	Time Taken	Shape Precision %	Orientation Precision %	Overall Precision %	Efficiency %	Difficulty	Total MV	Total TRE	
	0	2018-11-14_14:49:32	ZEROING DATA	True	00h:00m:04s:768ms	98.82781	99.63876	99.15845	100	3.605011E-24	1229.862	26	
