
Angles Over Time
Frames	Rotate	ChildRotate	RotateInverse	ChildRotateInverse	Docking x	Docking y	Docking z	
0	-50.27011	-143.0035	0	74.68223	8.327051	-154.004	-117.7496	
1	-50.73898	-141.8314	0	76.32325	8.373323	-154.8141	-117.6891	
2	-52.14557	-143.0036	0	74.44779	8.43049	-155.4445	-117.6398	
3	-50.50455	-143.0036	0	74.68223	8.482294	-156.9649	-117.7553	
4	-50.50455	-143.4724	0	73.51007	8.501641	-157.6035	-117.7559	
5	-50.73898	-143.4724	0	74.21336	8.531813	-158.126	-117.814	
6	-50.27011	-143.0036	0	74.44779	8.624958	-158.374	-117.4617	
7	-50.03568	-142.5347	0	75.15109	8.874116	-157.9295	-115.7127	
8	-50.97339	-143.238	0	74.44779	9.822659	-156.4078	-110.7895	
9	-50.73895	-143.238	0	74.68223	11.01117	-152.2525	-102.7438	
10	-50.27011	-143.7068	0	74.44779	12.58244	-146.3387	-96.48895	
11	-50.50455	-145.1134	0	74.44779	14.06201	-141.3316	-89.11871	
12	-50.50455	-144.4101	0	70.93132	15.69723	-135.7268	-78.47723	
13	-51.6767	-145.5823	0	69.05585	16.08389	-132.8122	-79.19006	
14	-49.3324	-145.5823	0	55.45881	15.4838	-130.536	-82.06747	
15	-46.98807	-146.0511	0	38.5797	14.09903	-127.9008	-80.77554	
16	-46.05035	-145.8167	0	35.29766	13.27923	-125.6654	-81.42603	
17	-43.47159	-145.3479	0	35.06323	13.8521	-122.2645	-81.68994	
18	-43.23715	-145.1134	0	36.46982	16.66301	-117.1835	-82.13092	
19	-44.64374	-145.3479	0	35.29766	19.53623	-114.3491	-83.37848	
20	-43.94046	-145.3479	0	35.29766	23.92727	-111.3431	-84.17453	
21	-43.94046	-145.3479	0	34.8288	30.02721	-106.0426	-82.09515	
22	-43.94046	-145.3479	0	21.46618	34.77149	-100.7405	-78.49615	
23	-43.47159	-144.1757	0	14.43322	40.82578	-93.77853	-75.40283	
24	-38.54852	-144.6446	0	11.85447	48.59996	-86.06326	-76.54092	
25	-28.70236	-144.879	0	9.979008	56.09431	-69.60046	-65.86542	
26	-24.95145	-145.5823	0	9.979008	60.18626	-43.10254	-39.09015	
27	-17.91849	-145.5823	0	12.32333	55.92661	-17.12936	-23.72894	
28	3.180377	-138.5493	0	13.02662	45.76804	-0.03393555	-14.52167	
29	4.821406	-120.0292	0	12.32333	36.36333	8.557519	-5.657471	
30	2.711513	-91.66293	0	10.68231	32.52932	10.10351	-7.298798	
31	4.821407	-80.87906	0	11.15116	30.9076	11.20991	-9.20813	
32	3.883678	-66.81314	0	11.15116	27.57417	12.58736	-10.52509	
33	4.352541	-49.93402	0	11.15116	21.56779	15.37389	-11.08472	
34	4.118106	-16.41025	0	13.96435	16.11205	17.92873	-5.991241	
35	-14.63644	-3.985352	0	13.26106	8.752436	20.74896	0.7557304	
36	-30.10898	1.172145	0	10.21344	6.320986	22.39985	9.435755	
37	-36.43863	2.109874	0	5.524798	3.91326	23.49635	13.79144	
38	-35.50092	2.109874	0	5.759235	2.630172	23.95763	15.97637	
39	-35.26648	1.406581	0	5.759235	1.125154	23.76781	19.16928	
40	-35.26648	-2.578766	0	10.68231	-0.3630066	23.65461	21.95078	
41	-36.9075	0.9377166	0	5.759235	0.05354357	22.82714	20.59377	
42	-36.20419	2.109874	0	5.759235	0.2464664	22.17292	22.26886	
43	-35.73535	2.34431	0	7.165821	-0.8056641	21.45797	21.31226	
44	-35.50092	0.4688523	0	13.02662	-1.274109	21.10797	18.80829	
45	-35.03204	-1.406616	0	18.41856	-1.796906	20.7955	15.98143	
46	-31.51556	-7.970703	0	32.95334	-1.978699	20.23721	12.37925	
47	-20.26282	-9.611725	0	33.42221	-2.37088	19.74974	5.645265	
48	-14.87088	-17.11356	0	38.57971	-2.471222	19.4893	3.604494	
49	-3.618164	-19.92673	0	39.283	-2.692474	19.30237	-0.6173401	
50	2.242644	-19.69229	0	39.75187	-2.747131	19.21494	-1.915009	
51	2.242644	-23.20877	0	42.09619	-2.644897	19.23602	-1.974396	
52	-0.3361206	-19.69229	0	35.29766	-2.31189	19.2501	-2.081818	
53	2.945945	-17.34799	0	28.03026	-2.010803	19.23147	-2.205536	
54	2.711509	-13.83151	0	20.9973	-1.794617	19.225	-2.271271	
55	2.945945	-6.095245	0	13.72992	-1.627411	19.21831	-2.340271	
56	2.47708	-7.032959	0	6.228094	-1.485718	19.1725	-2.400696	
57	-0.1016846	-3.282043	0	0.1328562	-1.34491	19.15082	-2.44635	
58	2.711509	-1.875458	0	0.1328562	-1.20929	19.12015	-2.532684	
59	3.180373	-0.7033081	0	0.8361567	-1.131592	19.04087	-2.628113	
60	2.711509	-0.7033081	0	1.070585	-1.014557	19.03702	-2.668854	
61	2.711509	-3.985352	0	3.180471	-0.9305115	19.03286	-2.711548	
62	0.3671942	-1.17218	0	0.1328564	-0.855072	19.02918	-2.746765	
63	3.180373	-0.7033081	0	0.6017208	-0.7715454	19.03422	-2.773926	
64	2.945945	-0.4688721	0	0.6017208	-0.7183228	18.62586	-2.763519	


Angle MV instances
Rotate	50.27011	2.344299	2.34433	2.578766	4.923065	9.846161	3.750916	7.032959	21.09887	2.109894	2.109894	18.75455	15.47253	6.329651	3.516479	11.25275	5.391937	11.25272	3.282065	2.578764	2.813194	2.344315	2.813179	
ChildRotate	143.0035	7.032974	18.52011	28.36627	10.78387	14.06592	16.87912	33.52377	12.4249	5.157496	6.564087	7.501831	2.813171	3.516479	3.516479	2.344299	3.516479	7.736267	3.750916	3.282043	2.813171	
RotateInverse	
ChildRotateInverse	74.68223	3.516472	13.59705	16.8791	3.282047	13.36263	7.032959	2.57875	2.344323	2.813186	3.047616	4.688644	4.923073	4.923073	5.860802	5.391939	14.53478	5.157505	2.344322	6.798531	7.267397	7.032961	7.267386	7.501823	6.095237	2.109886	3.047615	
Docking x	8.327051	2.81091	2.873224	4.391033	6.099947	4.744276	6.054287	7.774189	7.494347	4.091946	4.259651	10.15857	9.404713	3.834007	3.333439	6.006378	5.455736	7.359615	2.43145	2.407726	
Docking y	154.004	4.155365	5.913742	5.007141	5.604752	2.914658	2.276154	2.635239	2.235336	3.40097	5.080994	2.834381	3.006012	5.300446	5.302094	6.962006	7.715271	16.4628	26.49792	25.97318	17.09543	8.591455	2.786528	2.554836	2.820236	
Docking z	117.7496	4.923141	8.045761	6.254822	7.370239	10.64148	2.877411	2.079376	3.598999	3.093323	10.67551	26.77527	15.36121	9.207275	8.864197	5.093475	6.746972	8.680024	4.355684	2.184927	3.192917	2.781492	2.503962	2.826864	3.602177	6.733988	2.040771	4.221834	
Total MV Amount	1498.332


Angle TRE instances
Rotate	29	35	49	
ChildRotate	36	46	57	
RotateInverse	1	
ChildRotateInverse	58	
Docking x	38	
Docking y	
Docking z	48	
Total TRE Count	9


Correct Angles	Rotate	ChildRotate	RotateInverse	ChildRotateInverse	Docking x	Docking y	Docking z
	-3.464413E-17	-1.893207E-35	0	1.167137E-17	0	0	0

Angle Error	Rotate	ChildRotate	RotateInverse	ChildRotateInverse	Docking x	Docking y	Docking z
	2.477081	0.7033081	0	0.1328564	0.6711426	18.28375	2.749695

Time Taken	Hours	Minutes	Seconds	Milliseconds	Seconds float	Completion time
	0	0	3	840	3.839595	00h:00m:03s:840ms

Final Results	Tester Name	Time of Test	Dock Shape Style	Virtual Device Visible	Time Taken	Shape Precision %	Orientation Precision %	Overall Precision %	Efficiency %	Difficulty	Total MV	Total TRE	
	0	2018-11-14_14:52:19	ZEROING DATA	True	00h:00m:03s:840ms	99.53983	96.10492	98.01446	100	5.146168E-20	1498.332	9	
