
Angles Over Time
Frames	Rotate	ChildRotate	RotateInverse	ChildRotateInverse	Docking x	Docking y	Docking z	
0	-44.26422	-72.20508	0	56.30709	41.38983	17.79564	48.74791	
1	-43.09207	-71.0329	0	55.13493	41.36182	18.08421	48.17748	
2	-42.15436	-71.26733	0	54.90049	41.12893	18.0645	47.82841	
3	-42.15436	-71.0329	0	55.36935	41.05238	18.05605	47.48738	
4	-42.15436	-70.79846	0	54.66606	40.98091	17.87723	47.11393	
5	-42.15436	-72.20508	0	57.01038	40.76965	17.62242	46.37648	
6	-44.49866	-70.79846	0	54.90049	40.29118	17.01889	45.03902	
7	-42.38879	-70.32962	0	54.1972	39.4929	16.00237	43.04101	
8	-42.15436	-69.62631	0	54.43163	38.16082	14.39396	39.89076	
9	-41.68549	-67.28198	0	54.43163	35.19055	10.93874	33.84401	
10	-40.51331	-61.4212	0	54.43163	30.45617	7.181283	27.07101	
11	-38.16901	-62.35892	0	39.66242	24.41353	4.241437	19.43335	
12	-30.66718	-61.65564	0	53.96277	16.68567	0.752179	11.95208	
13	-18.00784	-62.12448	0	56.77595	9.390168	-1.36795	4.657683	
14	-9.099426	-61.65564	0	57.71368	2.001379	-2.303711	2.803267	
15	-2.535339	-60.95233	0	57.24481	0.5559008	-2.759735	0.1315838	
16	0.2778507	-50.16846	0	60.29243	0.3555884	-2.762054	0.3206446	
17	-2.769775	-37.27472	0	52.08731	0.3469388	-2.761841	0.3281434	
18	0.2778508	-29.30402	0	45.28878	0.3297383	-2.786194	0.3442726	
19	0.04341474	-8.205139	0	28.17524	0.2990724	-3.037231	0.385233	
20	0.5122791	-0.9377441	0	5.435341	0.2593105	-3.468536	0.3843852	
21	0.7467151	2.109875	0	-3.473083	0.2848402	-3.525482	0.3803975	
22	0.2778508	0.7032815	0	-2.066498	0.2274899	-3.652222	0.3007601	
23	-0.8943176	2.813168	0	-3.70752	0.2133965	-3.654022	0.2674202	
24	0.7467151	3.047604	0	-3.238647	0.2048056	-3.653809	0.2749852	
25	0.9811435	2.109875	0	-4.176392	0.2048056	-3.653809	0.2749852	
26	1.450008	1.641011	0	-3.941956	0.2048056	-3.653809	0.2749852	
27	0.7467151	-1.875458	0	0.7466964	0.2048056	-3.653809	0.2749852	
28	-3.238617	1.641011	0	-3.941956	0.2048056	-3.653809	0.2749852	


Angle MV instances
Rotate	44.26422	2.344299	2.109863	2.344299	7.501831	12.65933	8.908417	6.564087	2.81319	3.047626	3.047626	3.985332	
ChildRotate	72.20508	2.34433	5.860779	10.78387	12.89374	7.970703	21.09888	7.267395	2.109886	
RotateInverse	
ChildRotateInverse	56.30709	2.344318	2.109886	14.76921	14.30035	2.813179	3.047619	8.20512	6.798527	17.11354	22.7399	4.688652	4.688652	
Docking x	41.38983	2.970268	4.734379	6.042635	7.727867	7.295499	7.388789	
Docking y	17.79564	3.455217	3.757458	2.939846	3.489258	
Docking z	48.74791	3.150249	6.046757	6.772997	7.637657	7.481275	7.294394	2.671684	
Total MV Amount	600.8405


Angle TRE instances
Rotate	16	
ChildRotate	21	
RotateInverse	1	
ChildRotateInverse	22	
Docking x	15	
Docking y	12	
Docking z	14	
Total TRE Count	6


Correct Angles	Rotate	ChildRotate	RotateInverse	ChildRotateInverse	Docking x	Docking y	Docking z
	-1.366246E-07	-1.436322E-15	0	4.089601E-07	0	0	0

Angle Error	Rotate	ChildRotate	RotateInverse	ChildRotateInverse	Docking x	Docking y	Docking z
	0.2778507	1.406574	0	3.941956	0.2049051	3.678558	0.2761471

Time Taken	Hours	Minutes	Seconds	Milliseconds	Seconds float	Completion time
	0	0	1	712	1.71228	00h:00m:01s:712ms

Final Results	Tester Name	Time of Test	Dock Shape Style	Virtual Device Visible	Time Taken	Shape Precision %	Orientation Precision %	Overall Precision %	Efficiency %	Difficulty	Total MV	Total TRE	
	0	2018-11-14_14:53:22	ZEROING DATA	True	00h:00m:01s:712ms	99.21856	99.26765	99.22334	100	6.062053E-10	600.8405	6	
