
Angles Over Time
Frames	Rotate	ChildRotate	RotateInverse	ChildRotateInverse	Docking x	Docking y	Docking z	
0	-0.8988953	-0.234436	0	-0.4299316	-0.1082764	0.4384383	0.3811727	
1	1.493459	-4.299092E-09	0	0.7901741	0.3423787	0.02306666	-0.06295776	
2	-1.319733	-4.299092E-09	0	-0.1475525	0.7875024	0.1230667	-0.26651	
3	-0.3819885	-5.626373	0	7.119839	0.8836436	0.1054212	-0.6748657	
4	-6.242798	-0.4688721	0	1.727902	0.1125448	-0.08706665	-0.2654724	
5	0.08687385	0.4688638	0	-0.3819885	-3.300934	0.269939	1.511906	
6	-0.3819885	1.406593	0	-0.8508606	-6.971893	0.7052674	1.113732	
7	1.727895	2.109893	0	-0.3819885	-4.575897	1.017895	-1.542847	
8	1.493459	1.875457	0	0.5557371	-1.59433	1.72569	-0.4037781	
9	0.7901667	-2.109894	0	3.603352	3.568825	3.584171	1.78941	
10	-2.960754	-1.17215	0	3.837788	10.30441	5.558024	5.437558	
11	0.08687409	-1.641022	0	45.56668	20.62863	7.386405	9.287147	
12	-0.6164246	-3.516479	0	68.07216	30.5924	8.05542	8.224391	
13	-5.070648	-11.95602	0	68.54103	35.52844	7.321917	10.20844	
14	-6.008362	-22.50546	0	5.009957	43.55825	8.848436	14.06509	
15	-10.22815	-28.60071	0	74.8707	53.09314	12.90558	18.9952	
16	-7.649384	-40.55673	0	57.52273	58.36711	19.24462	33.18503	
17	-6.477234	-58.13913	0	62.4458	63.93318	28.10414	54.58963	
18	-3.898468	-74.08051	0	66.66558	66.64264	41.5429	75.41134	
19	-0.3819885	-95.41382	0	32.90737	65.34595	60.03269	113.8615	
20	-0.3819885	-106.6666	0	2.196779	61.00914	69.89682	151.4614	
21	-4.36734	-110.6519	0	-0.3819885	56.29859	71.98535	170.3838	
22	-9.993713	-110.6519	0	0.3213209	51.66469	74.75745	-179.3412	
23	-19.83984	-110.6519	0	-0.3819885	50.47507	76.41145	-173.6232	
24	-27.34167	-110.6519	0	-0.1475525	49.43306	77.2281	-166.8854	
25	-35.54678	-109.9486	0	5.947687	46.68889	75.68116	-162.3657	
26	-42.57974	-110.183	0	2.431207	43.52367	73.31291	-160.7185	
27	-42.34534	-110.4175	0	0.08688473	41.05959	71.68859	-159.3255	
28	-45.86182	-110.6519	0	-0.3819885	38.45999	70.96003	-156.8072	
29	-50.78485	-110.8863	0	0.3213208	36.45642	70.55444	-155.2723	
30	-54.30136	-110.4175	0	-0.8508301	34.65979	69.94275	-154.1005	
31	-55.23907	-109.2453	0	6.650987	33.49297	69.52611	-152.9568	
32	-58.75555	-110.4175	0	-0.1475525	33.25456	69.2521	-152.1573	
33	-59.6933	-109.9486	0	0.08688441	33.08648	69.43645	-150.9994	
34	-65.31967	-105.7288	0	-0.8508301	32.89727	69.27169	-149.3996	
35	-70.0083	-103.619	0	-0.8508301	33.07475	68.5125	-148.495	
36	-72.8215	-103.619	0	-0.616394	32.72109	68.12411	-148.1465	
37	-72.8215	-103.1501	0	1.962342	31.92408	67.99983	-147.8773	
38	-73.99365	-103.3845	0	-1.319702	31.16766	67.47801	-150.3404	
39	-73.29034	-103.619	0	5.009957	31.53764	66.97186	-152.4503	
40	-73.52478	-103.3845	0	6.416551	31.5936	66.49181	-153.6602	
41	-73.29034	-103.3845	0	9.464166	31.43965	66.70821	-153.7113	
42	-73.29034	-100.3369	0	26.34327	30.67234	67.68074	-153.7616	
43	-74.9314	-90.95963	0	34.31396	29.42161	69.45528	-157.0885	
44	-80.55774	-83.69223	0	35.01726	31.67982	69.99483	-157.6495	
45	-86.41855	-81.81677	0	35.72056	32.76111	66.94414	-163.4311	
46	-86.18411	-81.58234	0	35.95498	32.60004	65.8216	-163.7496	
47	-86.18411	-81.81677	0	35.95498	32.4889	66.10408	-163.977	
48	-86.41855	-82.52008	0	38.06487	32.72097	66.44038	-165.0624	
49	-86.41855	-83.22336	0	35.72056	32.57057	67.91867	-167.6796	
50	-85.94968	-88.14642	0	35.72056	33.01388	70.73989	-170.3621	
51	-81.96436	-92.13177	0	35.95498	33.33463	72.70823	-172.1066	
52	-77.74457	-93.53839	0	35.72056	33.57968	74.08805	-174.8531	
53	-74.9314	-93.30396	0	39.94033	34.21154	75.38931	-176.8804	
54	-74.69696	-92.60065	0	37.59601	34.28013	76.40587	-177.9235	
55	-73.29034	-93.06952	0	36.42385	33.74839	77.98711	-179.3818	
56	-73.29034	-92.36621	0	36.42385	33.04795	81.37079	179.6488	
57	-73.05591	-84.62994	0	42.28465	32.50729	85.54804	175.0111	
58	-74.69696	-76.89371	0	44.39454	32.53586	87.24727	165.4433	
59	-74.9314	-72.90836	0	43.92569	33.16205	87.03042	159.5205	
60	-75.40024	-72.43951	0	41.34693	33.56331	87.43735	156.1369	
61	-74.9314	-72.43951	0	41.11251	34.4581	88.80543	154.3377	
62	-73.05594	-72.43951	0	41.34693	34.82257	89.44494	153.2453	
63	-72.11819	-72.43951	0	41.11251	34.71554	89.31332	152.7008	
64	-71.88376	-73.8461	0	43.92569	35.03717	88.94942	152.0116	
65	-73.05594	-72.90836	0	41.1125	35.12208	89.02798	152.5139	
66	-72.35263	-72.67392	0	39.70591	34.90371	89.25108	153.2156	
67	-72.11823	-72.43951	0	39.23704	34.15008	89.43684	155.7438	
68	-71.41492	-72.43951	0	39.23704	32.70765	89.69427	162.4518	
69	-74.46252	-72.43951	0	39.00262	31.08385	89.23436	168.3476	
70	-81.96436	-73.14279	0	41.34693	29.86405	89.25304	173.1461	
71	-86.18414	-72.67392	0	39.00262	29.30361	89.23618	173.4431	
72	-86.18414	-72.90836	0	39.70591	29.25009	88.70016	173.0242	
73	-86.18414	-72.67392	0	39.47148	28.91181	88.27114	173.0494	
74	-86.41855	-72.67392	0	39.94035	29.3519	88.15553	171.7735	
75	-86.41855	-74.08054	0	44.16011	29.44489	87.57486	170.631	
76	-86.88742	-72.90836	0	41.34693	29.37967	87.18938	170.4076	
77	-86.41858	-72.67392	0	39.70591	29.74327	87.33532	170.319	


Angle MV instances
Rotate	5.860809	6.329672	3.750921	3.047628	4.454224	4.219788	2.578766	2.578766	3.516479	3.985352	5.626373	9.84613	7.501831	8.205109	7.032959	3.516479	4.923035	3.51651	3.516479	5.626373	4.688629	2.813202	5.626343	5.860809	3.985321	4.219788	2.813171	3.047607	7.501831	4.219788	
ChildRotate	5.626373	5.157501	8.439545	10.54944	6.095245	11.95602	17.5824	15.94138	21.33331	11.25275	3.985352	4.219788	2.109863	3.047638	9.377258	7.267395	4.923065	3.985352	7.736267	7.736237	3.985352	
RotateInverse	
ChildRotateInverse	7.267392	5.391937	3.047615	41.7289	22.50547	63.53107	69.86074	17.34797	4.923069	4.219784	33.75821	30.71059	6.095239	3.51648	2.344322	7.501817	6.798539	6.329659	3.047615	16.8791	7.970688	2.10989	2.344315	4.219776	2.344322	5.860806	2.109886	2.578758	2.813179	2.813183	2.344315	2.344315	4.219769	2.813183	
Docking x	3.413479	3.670959	2.395996	2.981567	6.735584	10.32422	9.963774	4.936039	8.029808	9.534889	5.273968	5.566074	2.709457	4.336819	4.710548	4.633896	2.744175	3.165218	2.464085	2.599598	2.003571	2.258209	
Docking y	4.057145	6.33904	8.85952	13.43876	18.48979	9.864128	2.088531	2.772095	2.368248	3.050697	2.82122	3.383675	4.177254	
Docking z	3.648148	3.849589	3.856655	4.93011	14.18982	21.40461	20.8217	38.45012	37.59992	18.92241	349.725	5.717972	6.737778	4.519684	2.518341	2.463104	2.109894	3.326889	5.781586	2.617233	2.68251	2.746567	2.027267	4.637756	9.567841	5.922714	3.383636	2.528198	6.707932	5.895889	4.798431	
Total MV Amount	1510.661


Angle TRE instances
Rotate	46	51	71	
ChildRotate	50	57	
RotateInverse	1	
ChildRotateInverse	42	44	
Docking x	30	64	66	
Docking y	58	
Docking z	57	58	
Total TRE Count	13


Correct Angles	Rotate	ChildRotate	RotateInverse	ChildRotateInverse	Docking x	Docking y	Docking z
	-90	-90	0	30	30	90	180

Angle Error	Rotate	ChildRotate	RotateInverse	ChildRotateInverse	Docking x	Docking y	Docking z
	3.815857	17.79492	0	9.940348	0.2301922	2.922699	9.996048

Time Taken	Hours	Minutes	Seconds	Milliseconds	Seconds float	Completion time
	0	0	4	600	4.600438	00h:00m:04s:600ms

Final Results	Tester Name	Time of Test	Dock Shape Style	Virtual Device Visible	Time Taken	Shape Precision %	Orientation Precision %	Overall Precision %	Efficiency %	Difficulty	Total MV	Total TRE	
	1	2018-11-20_10:27:29	Ltd Random	True	00h:00m:04s:600ms	95.6179	97.60764	96.45238	85.43267	0.5666667	1510.661	13	
