
Angles Over Time
Frames	Rotate	ChildRotate	RotateInverse	ChildRotateInverse	Docking x	Docking y	Docking z	
0	6.714316	3.282075	0	2.494534	0.3698516	0.05372497	-0.04327393	
1	-0.1908264	-1.029177E-09	0	0.2780373	-0.138031	0.2901366	-0.07702637	
2	-0.6596985	-5.157501	0	3.325652	-1.227448	1.675824	-1.440399	
3	-6.286072	-2.578766	0	-1.128571	-2.619751	4.600454	-5.020874	
4	-2.066284	-2.109894	0	-0.1908264	-6.21936	12.34913	-11.5899	
5	-2.535156	-1.875458	0	-0.6596985	-7.041595	16.47727	-15.09048	
6	-2.30072	-2.578766	0	-0.6596985	-8.323486	18.26653	-16.21347	
7	-2.066284	-9.611725	0	7.77986	-7.995361	18.37052	-16.16406	
8	-9.568115	-5.391937	0	4.263381	-5.943085	17.72899	-14.24496	
9	-5.582764	-1.406586	0	0.2780367	-4.023071	17.22696	-13.48544	
10	-3.238434	-4.923065	0	-0.6596985	-1.520996	16.6618	-11.33633	
11	0.04360829	-9.611725	0	-0.4252625	1.092671	16.29955	-8.69577	
12	-0.1908264	-17.5824	0	-0.4252625	3.297258	15.95979	-6.205688	
13	0.04360829	-29.06958	0	2.153494	5.746099	15.57172	-3.382813	
14	-4.410614	-32.58606	0	-1.362976	6.333029	15.36686	-1.433502	
15	-1.597412	-37.27469	0	-0.1908264	5.788789	15.24632	-0.196167	
16	-2.769592	-50.16846	0	-1.128571	5.482043	15.16007	1.767255	
17	-1.597412	-65.8754	0	-1.128571	6.126972	14.7944	5.708087	
18	-1.831848	-78.06586	0	1.919058	4.485099	14.4558	10.93507	
19	-7.927094	-78.30029	0	2.387923	1.7069	14.76084	15.62211	
20	-4.410614	-77.12811	0	-1.128571	-1.336609	16.39199	18.31729	
21	-9.099243	-76.42484	0	-1.128571	-4.263153	18.25437	23.46609	
22	-29.26041	-75.25269	0	21.84578	-9.311005	19.45186	30.65726	
23	-39.10654	-75.25269	0	26.53442	-13.48862	20.19654	29.33117	
24	-44.0296	-77.36255	0	27.94102	-17.78232	22.07511	27.5569	
25	-46.37393	-78.76917	0	22.54908	-20.76932	24.49319	26.64819	
26	-45.20178	-78.76917	0	21.61135	-23.92395	26.76984	23.40299	
27	-45.20178	-78.76917	0	19.97033	-26.93066	28.54672	20.25239	
28	-44.73291	-78.76917	0	18.56374	-30.86023	30.14823	13.53129	
29	-44.49847	-85.80212	0	19.7359	-35.73215	33.06673	2.127666	
30	-38.6377	-105.7288	0	16.92271	-38.87723	37.52453	-10.00702	
31	-27.15051	-110.6519	0	14.57839	-42.24109	48.40462	-25.61499	
32	-25.04062	-110.6519	0	13.64067	-42.44339	53.7523	-35.06653	
33	-21.2897	-110.6519	0	13.64067	-43.65027	50.63821	-34.45837	
34	-18.9454	-110.6519	0	14.34396	-45.5303	50.13411	-34.45093	
35	-17.77322	-110.183	0	15.98499	-47.10541	50.50016	-35.80679	
36	-20.35199	-110.4175	0	13.40623	-47.58932	49.98393	-34.3345	
37	-18.47653	-110.6519	0	13.1718	-48.73346	49.58281	-30.92291	
38	-18.2421	-110.4175	0	17.86044	-48.1243	47.49932	-27.4382	
39	-18.71097	-110.6519	0	34.03625	-44.42422	44.02153	-25.89157	
40	-18.71097	-109.9486	0	45.28899	-38.40189	41.12449	-21.63724	
41	-35.12122	-110.4175	0	53.72854	-36.37878	43.35186	-27.4183	
42	-35.35562	-110.6519	0	65.45014	-31.91153	43.95772	-39.77548	
43	-33.7146	-110.6519	0	55.13514	-25.88531	42.83051	-46.00244	
44	-32.54245	-110.6519	0	9.889756	-24.60721	44.88669	-45.92215	
45	-32.77689	-110.8863	0	-0.894104	-25.3349	46.28208	-45.84021	
46	-32.77689	-110.4175	0	1.450203	-25.57797	45.00641	-49.90582	
47	-30.66699	-110.6519	0	-1.12854	-29.91937	42.25067	-54.30261	
48	-8.864807	-110.6519	0	-1.597412	-31.38544	38.48265	-54.76208	
49	-6.051636	-110.6519	0	-0.659668	-31.13153	34.17126	-52.89139	
50	-6.989349	-110.8863	0	-1.597412	-32.49701	37.31004	-56.04364	
51	-5.8172	-110.4175	0	5.669983	-31.0379	40.82502	-52.42389	
52	-11.20914	-110.6519	0	1.684639	-28.53909	43.47976	-47.00873	
53	-7.458221	-110.8863	0	-2.066284	-25.67169	52.46088	-39.42538	
54	-10.03699	-106.1977	0	-1.12854	-23.18164	52.78875	-51.55771	
55	-9.802551	-98.46143	0	14.34396	-22.0759	45.43269	-72.42789	
56	-8.630402	-98.22699	0	19.50147	-24.646	45.85819	-88.38446	
57	-14.72562	-98.46143	0	28.87875	-27.35577	50.60978	-100.2887	
58	-30.19812	-98.46143	0	49.50877	-28.34335	53.78505	-104.4149	
59	-35.12122	-97.52371	0	69.66991	-27.79919	52.10609	-106.7902	
60	-37.93439	-90.25632	0	98.03619	-25.71857	49.81378	-113.6599	
61	-38.40326	-83.22336	0	115.3842	-24.12692	49.70274	-125.2339	
62	-37.93439	-77.36255	0	130.1534	-24.25684	49.4306	-143.3972	
63	-36.05893	-66.57867	0	133.6699	-26.29361	49.57565	-156.9707	
64	-33.48019	-55.7948	0	135.5453	-30.27847	50.53986	-164.6715	
65	-32.54245	-44.77649	0	136.2486	-30.96066	49.55297	-165.7258	
66	-35.12122	-22.27103	0	136.483	-30.84531	48.81641	-169.2278	
67	-51.06259	-14.7692	0	136.2486	-31.46661	48.02478	-174.1573	
68	-59.73657	-20.63	0	136.0142	-33.49005	47.27607	-178.3552	
69	-62.54974	-26.02194	0	136.2486	-36.37482	46.42089	-178.1835	
70	-61.61203	-43.3699	0	135.7798	-38.78375	46.20876	-176.2599	
71	-62.08087	-57.67026	0	136.483	-40.71283	47.28911	-174.5223	
72	-62.31531	-60.48346	0	136.483	-41.73932	48.48091	-174.341	
73	-62.0809	-62.82776	0	135.5453	-41.26599	50.81028	-177.4593	
74	-64.42523	-61.65561	0	136.483	-41.36496	53.13707	176.0143	
75	-62.0809	-60.7179	0	137.1863	-41.77719	52.80896	173.0303	
76	-62.0809	-59.78015	0	138.3585	-43.33301	50.2094	172.4412	
77	-61.37759	-60.01459	0	139.0618	-44.24667	48.18812	173.5356	
78	-62.54974	-57.90469	0	138.8273	-45.40817	46.59306	175.5155	
79	-62.78418	-58.13913	0	138.8273	-45.97421	43.99201	179.1309	
80	-64.42523	-56.02924	0	138.8273	-47.0419	40.35148	-175.8123	
81	-63.48749	-56.02924	0	139.0618	-47.61563	37.01699	-170.6977	


Angle MV instances
Rotate	6.714316	6.905142	5.626373	4.219788	7.501831	3.985352	2.34433	3.282042	4.454222	2.813202	6.095245	3.516479	4.688629	20.16116	9.84613	4.923065	2.34433	5.860779	11.48718	2.109894	3.750916	2.344299	2.578766	16.41025	2.109894	21.80219	2.813171	5.391937	3.750916	2.578766	6.095215	15.4725	4.923096	2.813171	2.578735	2.578766	15.94138	8.673981	2.813171	2.34433	2.34433	
ChildRotate	3.282075	3.282075	5.157501	2.578735	7.032959	4.219788	3.985352	3.516479	4.68866	7.970673	11.48718	3.516479	4.688629	12.89377	15.70694	12.19046	2.109863	7.032959	19.9267	4.92308	4.688629	7.736267	7.267395	7.032959	5.860809	10.78387	10.78387	11.01831	22.50546	7.501831	5.860809	5.391937	17.34796	14.30035	2.813202	2.344299	2.109894	2.109894	
RotateInverse	
ChildRotateInverse	2.494534	2.216496	3.047615	4.454223	8.439559	3.51648	3.985344	22.97435	4.688646	5.391935	2.813181	2.34432	2.578757	4.688636	16.17582	11.25274	8.439552	11.7216	10.31501	45.24538	10.78386	7.267395	3.985344	15.4725	5.157512	9.377279	20.63001	20.16115	28.36628	17.34797	14.76922	3.516479	
Docking x	3.599609	2.052277	2.502075	2.204587	2.448841	2.778199	2.926544	5.047852	4.177612	4.293701	2.987	3.154633	3.006714	3.929565	4.871918	3.145081	3.363861	3.700073	6.022339	2.023102	4.467255	6.026215	4.3414	2.49881	2.867401	2.490051	2.570099	2.709778	2.080627	2.036774	3.984863	2.023438	2.884766	2.408936	
Docking y	2.92463	7.748672	4.128142	2.418085	2.276644	2.918505	4.457798	10.88008	5.347687	3.114094	2.083496	3.477791	2.897041	2.227371	2.056183	2.755737	3.768021	4.31139	3.138783	3.514977	2.654736	8.981125	7.356068	4.751595	3.175262	2.292316	2.329369	2.326797	2.599552	2.021286	2.601051	3.640533	3.334488	
Docking z	3.580475	6.569031	3.50058	2.149109	2.640564	2.490082	2.822876	3.940832	5.226983	4.687043	2.69518	5.148792	7.191177	3.245195	3.150602	6.721103	11.40362	12.13468	15.60797	9.451538	3.411591	3.484711	4.254333	5.781067	12.35718	6.226959	4.065613	4.39679	3.152252	3.619751	5.415161	7.583344	12.13232	20.87018	15.95657	11.90421	4.126266	2.375259	6.869659	11.57404	18.16333	13.57352	7.70079	3.50206	4.929489	4.197891	3.118301	2.983978	3.615417	354.9432	5.114609	
Total MV Amount	1792.149


Angle TRE instances
Rotate	31	33	43	48	58	59	64	66	
ChildRotate	31	55	
RotateInverse	1	
ChildRotateInverse	
Docking x	1	4	9	13	18	22	
Docking y	1	4	
Docking z	
Total TRE Count	16


Correct Angles	Rotate	ChildRotate	RotateInverse	ChildRotateInverse	Docking x	Docking y	Docking z
	-30	-109.4397	0	150	-5.008957E-06	5.008956E-06	-150

Angle Error	Rotate	ChildRotate	RotateInverse	ChildRotateInverse	Docking x	Docking y	Docking z
	33.72192	53.17603	0	10.9382	47.94659	35.07496	18.23372

Time Taken	Hours	Minutes	Seconds	Milliseconds	Seconds float	Completion time
	0	0	4	844	4.844182	00h:00m:04s:844ms

Final Results	Tester Name	Time of Test	Dock Shape Style	Virtual Device Visible	Time Taken	Shape Precision %	Orientation Precision %	Overall Precision %	Efficiency %	Difficulty	Total MV	Total TRE	
	1	2018-11-20_10:24:52	Ltd Random	False	00h:00m:04s:844ms	86.41164	90.12802	84.19909	84.97816	0.4882663	1792.149	16	
