
Angles Over Time
Frames	Rotate	ChildRotate	RotateInverse	ChildRotateInverse	Docking x	Docking y	Docking z	
0	-0.608429	-2.109894	0	1.50142	-0.01147461	0.09224696	0.001837721	
1	0.2325798	-3.047607	0	6.562238	0.1442353	-0.05169678	-0.005496228	
2	-4.456055	0.4688645	0	2.811331	0.2259167	-0.1072998	0.008963265	
3	-0.4707336	0.4688645	0	0.935873	-0.6030579	-0.3657227	0.01220406	
4	-0.4707336	1.406593	0	0.2325801	-4.024261	-0.1240845	-0.9329834	
5	1.404737	1.641022	0	0.2325801	-13.38611	-0.2857666	-3.518127	
6	1.404737	1.875458	0	0.935873	-28.12131	-2.893036	-6.541748	
7	0.9358723	-0.9377136	0	2.576895	-48.08417	-5.254639	-10.34326	
8	-1.642883	0.4688645	0	0.7014443	-68.43451	-5.271637	-8.267456	
9	0.2325796	1.067208E-07	0	0.2325799	-66.01459	3.710179	-6.690277	
10	-6.097076	0.4688645	0	0.7014443	-59.78949	10.41595	-5.520874	
11	-13.59891	0.4688645	0	0.7014443	-59.29654	18.06413	-7.924683	
12	-18.75641	-2.813171	0	4.921217	-66.43411	11.99527	-6.130066	
13	-19.92859	-1.17215	0	2.342467	-71.00085	-6.944153	12.67716	
14	-18.28754	0.4688642	0	0.2325804	-69.28745	-5.724976	11.65869	
15	-17.34982	1.406593	0	9.844291	-68.08447	2.287768	-0.4501038	
16	-16.17767	1.406593	0	14.76736	-77.20282	7.488913	-3.462036	
17	-26.49268	-2.972647E-07	0	14.2985	-81.29425	21.90677	-12.90405	
18	-28.60257	-4.219788	0	18.51827	-80.96231	21.39066	-12.56052	
19	-30.47803	-1.875458	0	14.76736	-80.69379	20.23284	-12.87473	
20	-28.83701	-10.78387	0	22.50362	-83.50525	32.93675	-28.91156	
21	-19.22528	-29.77286	0	21.5659	-85.31134	86.8895	-87.04779	
22	-5.86264	-31.41388	0	23.91021	-80.10654	140.0984	-138.0786	
23	-4.221619	-25.78754	0	24.37908	-78.50613	134.9482	-138.2246	
24	0.2325777	-12.65933	0	23.44135	-75.36926	137.0982	-135.9754	
25	-2.580597	-9.377289	0	22.50363	-75.52026	133.7678	-134.3397	
26	-1.174011	-9.84613	0	22.03476	-74.57126	131.9972	-131.8293	
27	-1.174011	-9.84613	0	4.686793	-73.17719	128.3584	-128.8431	
28	-1.174011	-9.84613	0	0.7014486	-71.22177	118.7468	-123.9454	
29	-1.642883	-13.36261	0	10.78202	-70.07297	114.7405	-121.7322	
30	-5.159363	-11.48715	0	8.672136	-70.09341	108.8673	-117.3064	
31	-2.580597	-1.659451E-07	0	6.562243	-70.62985	98.50655	-109.3706	
32	-1.174011	1.641021	0	14.06407	-70.51517	92.24258	-109.349	
33	-0.001858264	0.4688642	0	14.2985	-70.62128	74.34541	-94.59872	
34	-0.4707336	-2.134416E-07	0	11.71975	-68.44797	59.7171	-81.63629	
35	-1.174011	-3.750916	0	7.499972	-66.06857	51.10856	-77.80002	
36	-6.331512	-0.7032776	0	2.342471	-60.12479	44.46986	-69.69873	
37	-1.408447	0.4688647	0	0.4670135	-52.55447	56.17154	-81.5202	
38	-1.174011	1.172158	0	0.7014496	-45.78113	59.09934	-87.69901	
39	0.2325794	1.641022	0	0.935878	-41.09348	62.96881	-91.1969	
40	-0.001856664	1.641022	0	0.4670135	-37.69031	67.20718	-92.11053	
41	-0.001856664	-1.17215	0	3.2802	-37.16299	72.76794	-90.94897	
42	-3.518341	1.067161E-07	0	0.7014498	-38.24109	79.49226	-88.72253	
43	-1.174011	0.703293	0	0.9358782	-39.56693	87.8476	-91.70871	
44	-1.408447	0.2344362	0	0.4670138	-40.01743	88.1175	-91.95184	
45	-0.9395752	0.2344362	0	0.4670138	-40.04626	89.78413	-91.6355	
46	-0.9395752	-3.516479	0	3.983494	-40.15219	92.1591	-92.82172	
47	-4.924927	-1.17215	0	3.045765	-41.55148	95.81978	-95.66977	
48	-2.815033	0.4688645	0	0.9358786	-42.15619	99.17856	-96.82391	
49	-1.408447	-1.641022	0	0.4670142	-43.83249	102.8032	-100.2773	
50	0.2325798	-1.406586	0	0.4670142	-44.40735	103.9974	-100.4058	
51	-0.001856264	-2.813171	0	0.4670142	-44.8208	103.2635	-102.013	
52	-1.174011	-6.329681	0	9.844296	-46.18811	102.9027	-102.7883	
53	-5.159363	-2.813202	0	7.265546	-49.00168	103.2601	-103.4592	
54	-1.174011	-2.813202	0	0.4670151	-50.54276	108.807	-101.3869	
55	-1.174011	-5.860809	0	1.170316	-50.35602	110.5112	-99.73474	
56	-0.2362976	-6.329651	0	0.4670151	-49.74014	110.3194	-98.60733	
57	0.2325802	-5.860809	0	0.7014511	-48.04913	109.4985	-97.07846	
58	0.2325802	-1.641022	0	2.576901	-45.79517	106.8709	-96.25229	
59	-2.580597	-0.4688721	0	0.4670153	-44.26459	105.056	-98.12762	
60	-0.9395752	0.2344363	0	1.170316	-45.48331	106.5235	-102.9484	
61	-1.174011	-0.4688721	0	0.4670153	-48.05963	108.602	-105.4629	
62	-1.174011	2.134416E-07	0	0.4670153	-50.7103	111.2233	-105.0125	
63	-1.174011	-4.923065	0	2.342473	-52.47986	113.4219	-101.7208	
64	-4.924927	-15.94138	0	2.811337	-52.68701	114.1301	-97.45184	
65	-2.815033	-13.36264	0	0.4670151	-53.05978	115.15	-97.39908	
66	-1.877319	-9.611725	0	0.4670151	-54.83398	113.6291	-96.01019	
67	-2.580597	-1.406586	0	0.4670151	-57.04419	113.5396	-95.02527	
68	-14.06778	-1.406586	0	0.4670151	-58.11823	113.0159	-100.6847	
69	-13.59891	-5.391937	0	6.562245	-59.6759	113.9891	-108.0412	
70	-13.13004	-2.34433	0	2.811337	-61.91098	117.4291	-116.012	
71	-3.049469	-1.406586	0	0.4670151	-61.87302	116.9898	-117.0829	
72	-1.642883	-0.234436	0	0.7014512	-62.63159	117.4466	-118.0791	
73	-0.001857175	-0.7033081	0	0.4670151	-62.7229	117.4239	-118.0635	
74	-1.174011	-0.4688721	0	0.4670151	-62.94012	116.834	-117.4545	
75	-1.408447	-3.985352	0	7.031109	-63.22089	115.9037	-116.6042	
76	-6.097076	-0.7033081	0	0.4670148	-63.12985	116.3121	-116.8648	
77	-1.408447	-0.234436	0	0.4670148	-63.2045	115.9703	-116.5468	
78	-1.174011	0.4688624	0	0.4670148	-63.22998	115.8503	-116.4098	
79	0.2325787	1.172155	0	0.4670148	-63.19333	115.7571	-116.3143	
80	-0.001857305	0.703291	0	0.2325865	-63.21332	115.3707	-116.0081	
81	0.467007	-2.109894	0	2.342473	-63.23657	115.4791	-116.1367	
82	-2.580597	-0.234436	0	0.2325865	-63.08118	115.0896	-115.8385	
83	-1.174011	-0.234436	0	0.2325865	-63.11496	114.9612	-115.7256	
84	-0.9395752	-1.773612E-06	0	0.2325865	-63.06268	114.8605	-115.6494	
85	-1.174011	-1.773612E-06	0	0.7014509	-62.92505	114.7829	-115.5801	
86	-0.9395752	-3.750916	0	3.280202	-62.91223	115.0257	-115.7695	


Angle MV instances
Rotate	4.688634	3.985321	6.329656	7.501831	5.157501	10.315	2.109894	9.611725	13.36264	4.454196	2.813175	3.516479	2.578766	5.157501	4.923065	3.516484	2.34433	3.985352	2.109894	3.985352	3.985352	2.813177	3.750916	2.109894	11.48718	10.08057	4.688629	4.688629	3.047604	
ChildRotate	2.109894	3.516472	3.282036	4.219787	2.34433	8.908417	18.98898	5.626343	13.1282	3.282043	3.516479	11.48715	3.750915	3.047638	3.750916	2.34433	3.51651	3.516479	3.047607	4.219788	4.923065	11.01831	2.578735	3.750916	8.205139	3.985352	3.047607	3.516479	3.282043	3.750914	
RotateInverse	
ChildRotateInverse	5.060818	3.750908	4.219773	2.578751	2.109886	9.611711	4.923072	4.219775	3.75091	7.736259	2.344316	17.34797	3.985344	10.08057	2.109886	2.109893	7.501832	2.57875	4.21978	5.157501	2.813187	2.578751	3.51648	2.109886	9.377282	2.57875	6.798531	2.109886	2.344322	6.09523	3.750908	2.344322	6.564094	6.564095	2.109886	2.109886	2.578751	
Docking x	3.421204	9.361847	14.7352	19.96286	20.35034	2.419922	6.225098	7.137573	4.566742	9.118347	4.091431	2.811462	5.204803	3.136871	2.173309	2.379395	5.943787	7.570313	6.773346	4.687653	3.403168	2.813568	2.253967	2.576324	2.650665	2.210205	2.235077	
Docking y	2.607269	2.361603	6.705767	7.648189	6.068863	18.93942	8.012744	5.201145	14.41786	12.70391	53.95275	53.20895	5.150269	2.150009	3.330429	3.638779	9.611626	4.006279	5.873192	10.36079	6.263969	17.89717	14.6283	8.608543	6.638702	11.70168	2.927803	3.869469	4.238377	5.56076	6.724319	8.355339	2.374969	3.660683	3.35878	3.624634	5.546844	2.627571	2.078476	2.6213	2.198669	3.440048	
Docking z	2.585144	3.023621	3.801514	2.075806	2.403809	18.80723	12.10879	3.011932	9.442017	16.03683	58.13623	51.03076	2.249146	2.510361	2.986191	4.897705	2.213196	4.425858	7.935745	14.75026	12.96243	3.836273	8.101288	11.82147	6.178802	3.497894	2.22644	2.986176	2.848053	3.45343	2.072327	4.82077	2.514496	3.291626	4.268982	5.659454	7.35643	7.970825	
Total MV Amount	1321.914


Angle TRE instances
Rotate	18	21	
ChildRotate	
RotateInverse	1	
ChildRotateInverse	
Docking x	1	5	
Docking y	
Docking z	33	34	38	47	
Total TRE Count	7


Correct Angles	Rotate	ChildRotate	RotateInverse	ChildRotateInverse	Docking x	Docking y	Docking z
	-30	-107.8419	0	90	-1.024528E-05	-90	-90

Angle Error	Rotate	ChildRotate	RotateInverse	ChildRotateInverse	Docking x	Docking y	Docking z
	25.54395	106.6698	0	87.4231	62.86126	-154.7035	26.00754

Time Taken	Hours	Minutes	Seconds	Milliseconds	Seconds float	Completion time
	0	0	5	112	5.112161	00h:00m:05s:112ms

Final Results	Tester Name	Time of Test	Dock Shape Style	Virtual Device Visible	Time Taken	Shape Precision %	Orientation Precision %	Overall Precision %	Efficiency %	Difficulty	Total MV	Total TRE	
	1	2018-11-20_10:28:58	Ltd Random	True	00h:00m:05s:112ms	69.49489	66.535	63.23737	90.33356	0.4531577	1321.914	7	
