
Angles Over Time
Frames	Rotate	ChildRotate	RotateInverse	ChildRotateInverse	Docking x	Docking y	Docking z	
0	-0.1291504	1.172148	0	-2.473419	-0.6560974	-0.2999268	0.4861354	
1	-6.1091	6.09523	0	-7.046814	-0.5009766	0.03113804	1.134481	
2	-0.7171631	6.09523	0	-6.812378	-2.05481	0.015121	3.821114	
3	-1.186005	6.798531	0	-7.750122	-6.50885	-0.1740723	7.221395	
4	1.392731	7.267394	0	-7.515686	-14.14252	-1.066528	11.04962	
5	1.158302	7.736251	0	-7.515686	-22.64682	-3.3013	15.67236	
6	1.158302	3.750907	0	-4.468079	-29.50964	-6.161377	19.90954	
7	-3.061462	5.626365	0	-7.984558	-29.48755	-5.870422	23.95177	
8	-0.248291	5.626365	0	-6.577972	-24.05429	-0.928833	32.29299	
9	-25.09808	5.626365	0	2.799317	-16.30066	6.690811	35.66031	
10	-41.50833	5.626365	0	19.20956	-9.940216	12.32097	33.87616	
11	-43.38379	-0.234436	0	43.12162	-4.680176	19.76019	29.22307	
12	-44.55594	2.344321	0	54.60879	-1.538483	30.77998	24.53033	
13	-23.92593	2.344321	0	65.39266	-0.9459534	40.53921	22.23578	
14	-20.64386	2.813186	0	71.48789	0.9109253	46.81094	25.26201	
15	-19.47171	-3.985352	0	88.367	2.755832	47.72172	24.43011	
16	-8.4534	-5.157501	0	113.9201	3.989145	48.28976	16.82392	
17	-1.186005	-12.89377	0	119.0776	6.218393	49.21822	17.99837	
18	-4.468079	-20.86444	0	119.312	8.425648	51.04775	24.74848	
19	-1.420441	-31.41388	0	122.8285	11.97324	53.15721	32.21492	
20	-1.654877	-44.07321	0	125.1728	14.92364	56.22701	44.21248	
21	-2.123749	-49.93402	0	125.1728	12.51199	58.53788	56.70621	
22	-2.358185	-59.31131	0	125.6417	10.66449	58.01152	72.47903	
23	-18.29956	-69.15744	0	126.1106	10.52348	58.42493	88.00332	
24	-24.62921	-83.69223	0	126.5794	5.710945	61.20671	99.79494	
25	-23.92593	-93.7728	0	126.5794	1.199923	66.05899	111.9784	
26	-22.51935	-97.28928	0	127.2827	-4.025604	70.32143	123.9724	
27	-23.45706	-98.22702	0	127.2827	-8.582855	74.39899	133.6733	
28	-23.22263	-98.46143	0	129.627	-12.0918	77.47543	141.9716	
29	-27.20798	-98.46143	0	130.7992	-14.49408	76.97143	147.1445	
30	-25.80139	-98.46143	0	130.5648	-16.23206	74.10155	149.6352	
31	-24.86365	-98.22702	0	130.5648	-18.55313	70.31115	151.6577	
32	-24.86365	-98.22702	0	131.2681	-20.08334	69.42899	152.4111	
33	-25.56696	-98.46143	0	131.5025	-20.92319	71.42969	152.9333	
34	-31.42776	-99.16473	0	133.8468	-21.25513	73.56081	153.1881	
35	-29.78671	-98.22699	0	134.3157	-21.49478	76.74884	153.0056	
36	-30.49002	-97.99258	0	134.3157	-21.0896	78.96062	153.0968	
37	-31.19333	-98.22699	0	134.5501	-19.57587	80.9899	152.1769	
38	-33.77206	-97.75815	0	134.3157	-18.19876	81.81955	152.3891	
39	-34.24094	-97.99255	0	133.8468	-16.81601	82.90733	154.0195	
40	-39.86731	-97.75812	0	134.0813	-14.69327	83.51675	154.7143	
41	-37.75742	-97.75812	0	134.3157	-13.27411	83.32688	154.911	
42	-37.99185	-97.75812	0	134.0813	-12.72433	83.29605	155.0074	
43	-38.69513	-97.75812	0	134.0813	-12.59879	82.91273	154.859	


Angle MV instances
Rotate	5.97995	5.391937	2.813171	24.84979	16.41025	20.63	3.282074	11.01831	7.267395	3.282074	3.047638	15.94138	6.329651	3.985352	5.860809	2.578735	5.626373	2.109894	
ChildRotate	4.923082	3.985344	5.860801	2.578758	7.736267	7.970673	10.54944	12.65933	5.860809	9.377289	9.84613	14.53479	10.08057	3.516479	
RotateInverse	
ChildRotateInverse	2.473419	4.573395	3.047607	3.516479	9.37729	16.41024	23.91207	11.48717	10.78387	6.09523	16.87911	25.55309	5.157509	3.516479	2.34433	2.344307	2.34433	
Docking x	4.454041	7.633667	8.504303	6.862823	5.433258	7.753632	6.360443	5.26004	3.141693	2.229248	2.207255	3.547592	2.950402	2.411654	4.812531	4.511022	5.225527	4.557251	3.508942	2.402283	2.321075	2.122742	
Docking y	2.234772	2.860077	4.941589	7.619644	5.630161	7.439213	11.01979	9.759233	6.271725	2.109455	3.069801	2.310867	2.781773	4.852283	4.262436	4.077568	3.076439	2.869873	3.790405	2.000694	2.131126	3.188026	2.211784	2.029274	
Docking z	2.686633	3.400281	3.828221	4.62274	4.237181	4.042236	8.341219	3.367317	4.653082	4.692739	2.294556	3.026236	7.60619	6.750107	7.466436	11.99756	12.49374	15.77282	15.52428	11.79162	12.18345	11.99406	9.700897	8.298233	5.172913	2.490692	2.022507	
Total MV Amount	796.9079


Angle TRE instances
Rotate	29	31	33	40	
ChildRotate	
RotateInverse	1	
ChildRotateInverse	
Docking x	
Docking y	
Docking z	
Total TRE Count	4


Correct Angles	Rotate	ChildRotate	RotateInverse	ChildRotateInverse	Docking x	Docking y	Docking z
	-30	-109.3443	0	150	30	90	180

Angle Error	Rotate	ChildRotate	RotateInverse	ChildRotateInverse	Docking x	Docking y	Docking z
	9.164001	11.82062	0	16.85646	42.267	7.167572	25.40646

Time Taken	Hours	Minutes	Seconds	Milliseconds	Seconds float	Completion time
	0	0	2	594	2.593671	00h:00m:02s:594ms

Final Results	Tester Name	Time of Test	Dock Shape Style	Virtual Device Visible	Time Taken	Shape Precision %	Orientation Precision %	Overall Precision %	Efficiency %	Difficulty	Total MV	Total TRE	
	1	2018-11-20_10:25:23	Ltd Random	False	00h:00m:02s:594ms	94.74429	93.96777	91.05698	91.77357	0.6548271	796.9079	4	
