
Angles Over Time
Frames	Rotate	ChildRotate	RotateInverse	ChildRotateInverse	Docking x	Docking y	Docking z	
0	-0.2200928	4.21977	0	122.1534	52.16779	-126.1291	120.3767	
1	1.655369	4.454206	0	121.919	52.29528	-128.6198	120.7783	
2	1.186505	4.21977	0	122.1534	52.39374	-131.2079	120.8561	
3	1.420933	4.454206	0	122.1534	52.44883	-133.8233	120.7174	
4	1.655369	1.406591	0	120.0435	52.37729	-136.1339	120.6783	
5	-2.095551	2.813184	0	121.6845	52.23563	-138.1774	120.6514	
6	0.0143399	4.454206	0	122.1534	52.11337	-142.3968	120.5976	
7	1.420933	3.985342	0	122.1534	51.98802	-144.2505	120.7076	
8	1.655369	4.454206	0	121.919	51.77045	-145.2408	120.9096	
9	1.420933	4.454206	0	121.919	51.03873	-145.3072	121.9165	
10	1.889798	0.234426	0	119.5747	49.46545	-145.3623	123.3242	
11	-2.329987	4.454206	0	120.5124	48.33038	-145.2853	124.9337	
12	1.655369	4.21977	0	118.1681	49.3295	-148.3604	127.508	
13	1.655369	5.157499	0	117.6992	51.11613	-150.5723	129.4242	
14	2.827526	4.454206	0	117.2303	51.75185	-151.4543	130.2506	
15	2.827526	5.626363	0	113.4794	51.81161	-151.5627	131.4431	
16	2.593098	3.047613	0	103.8677	53.08797	-153.1631	136.8783	
17	0.2487757	4.21977	0	84.87873	57.6615	-156.2757	149.3435	
18	1.655369	5.626363	0	45.25972	66.43753	-158.6044	168.9579	
19	2.593098	3.985342	0	36.11688	79.23932	-136.028	-146.8778	
20	1.655369	4.454206	0	19.70664	74.46821	-53.02527	-47.78607	
21	1.420933	0.9377265	0	10.5638	52.21505	-44.09787	-20.75015	
22	-2.329987	3.282049	0	-0.2200928	34.97062	-50.88464	-10.01215	
23	0.9520686	4.688635	0	-2.095551	21.78885	-54.83423	-3.53125	
24	1.420933	4.21977	0	-2.564392	11.93312	-56.2811	2.789125	
25	2.827527	5.157499	0	-2.329956	9.116744	-56.30261	5.219736	
26	2.827527	5.391934	0	-2.095551	11.13339	-55.56778	6.485831	
27	2.593098	2.34432	0	-0.4545288	14.17419	-52.69376	7.520918	
28	0.2487759	4.454206	0	-2.798828	15.18995	-47.05573	10.98776	
29	1.655369	4.219769	0	-2.564392	15.02134	-37.96579	14.1684	
30	1.655369	4.454206	0	-2.095551	16.80667	-29.21582	11.44925	
31	1.420933	4.454206	0	-2.095551	15.76162	-23.76459	9.597376	
32	1.655369	1.172155	0	0.7176503	15.44675	-18.31235	8.29458	
33	-2.095551	3.047612	0	0.01434982	17.84817	-12.14886	6.023561	
34	0.2487761	4.219769	0	-2.329956	19.42192	-6.181976	5.343518	
35	1.655369	5.391934	0	-2.095551	21.75554	-3.479187	2.717743	
36	2.593098	4.92307	0	-2.564392	23.95459	-2.043243	0.7445855	
37	2.827527	4.454206	0	-2.329956	25.55996	-1.582275	-0.6608887	
38	1.186505	0.9377258	0	3.061972	25.96634	-1.746307	-1.60022	
39	-2.329987	3.750912	0	-2.095551	25.05575	-2.647308	-2.166748	
40	1.655369	4.219769	0	-2.564392	22.92985	-3.208527	-2.787079	
41	1.655369	5.391934	0	-2.095551	20.27247	-5.215912	-2.983002	
42	2.593098	5.391934	0	-1.626678	17.60509	-7.484985	-3.876862	
43	2.358662	5.626363	0	-2.564392	15.17734	-9.494873	-5.263794	
44	2.827527	2.344319	0	-0.2200928	12.06945	-10.97812	-5.741364	
45	0.2487764	4.688634	0	-2.095551	9.27759	-10.40079	-6.059479	
46	1.420934	4.454206	0	-2.329956	7.732004	-8.767975	-7.131866	
47	1.65537	4.219769	0	-2.564392	6.82369	-6.935303	-8.085358	
48	1.889798	4.219769	0	-2.564392	6.314316	-4.412384	-8.919617	
49	1.889798	0.70329	0	1.889807	6.093741	-2.380096	-9.540253	
50	-1.861115	2.813184	0	0.01434948	5.481455	-1.186554	-9.739868	
51	0.0143406	4.688634	0	-2.095551	5.102467	-0.1683655	-9.052429	
52	1.186506	5.626363	0	-2.329956	4.372455	-0.8486328	-7.793671	
53	2.358663	4.454206	0	-2.329956	3.441172	-2.316895	-5.870422	
54	1.65537	4.454206	0	-1.861115	2.320366	-4.597626	-3.513092	
55	1.420934	-2.824811E-06	0	2.358672	1.788016	-6.364014	-1.63446	
56	-1.626678	2.813184	0	-0.2200928	1.918836	-7.313263	-0.0617981	
57	0.4832051	4.21977	0	-2.329956	2.105095	-6.682068	0.5828839	
58	1.65537	4.688634	0	-1.861115	1.984057	-5.767212	0.4559264	
59	1.889799	3.985342	0	-2.564392	1.893034	-5.136078	0.5906886	


Angle MV instances
Rotate	2.10989	2.344322	2.344322	2.57875	
ChildRotate	4.21977	3.047615	4.21978	4.21978	2.57875	3.516479	2.344322	3.047615	2.109886	3.282051	3.51648	2.813187	3.282043	2.344315	3.516479	2.109894	4.454209	2.813187	
RotateInverse	
ChildRotateInverse	122.1534	2.109886	2.34433	2.344322	3.7509	9.61171	18.989	39.61901	9.142838	16.41024	9.142846	10.78389	2.344299	2.344306	2.344299	2.1099	2.578765	2.109863	
Docking x	52.16779	4.573528	8.776035	12.80179	4.771111	22.25315	17.24443	13.18178	9.855721	2.81638	2.016649	3.040795	2.401418	2.333626	2.199047	2.1259	2.657379	2.667385	2.427746	3.107886	2.791863	
Docking y	126.1291	2.490768	2.588058	2.615417	2.310562	2.043564	4.21933	3.075089	2.211914	3.11264	2.328735	22.57643	83.00275	8.927399	6.786774	3.949585	2.874023	5.638031	9.089935	8.749969	5.451233	5.45224	6.163483	5.966888	2.702789	2.007385	2.269073	2.009888	2.522919	2.032288	2.280731	
Docking z	120.3767	2.574326	5.435196	12.46523	19.61433	315.8356	99.09171	27.03592	10.73801	6.480896	2.43061	3.46684	3.180644	2.719149	2.271019	2.625775	2.35733	
Total MV Amount	1485.537


Angle TRE instances
Rotate	1	
ChildRotate	1	13	14	15	16	18	19	25	27	35	36	41	44	52	53	
RotateInverse	1	
ChildRotateInverse	23	
Docking x	53	
Docking y	36	41	48	55	
Docking z	24	25	35	43	54	
Total TRE Count	25


Correct Angles	Rotate	ChildRotate	RotateInverse	ChildRotateInverse	Docking x	Docking y	Docking z
	0	0	0	1.200265E-15	0	0	0

Angle Error	Rotate	ChildRotate	RotateInverse	ChildRotateInverse	Docking x	Docking y	Docking z
	1.65537	4.454206	0	2.095551	2.078525	4.34079	0.769392

Time Taken	Hours	Minutes	Seconds	Milliseconds	Seconds float	Completion time
	0	0	3	530	3.530042	00h:00m:03s:530ms

Final Results	Tester Name	Time of Test	Dock Shape Style	Virtual Device Visible	Time Taken	Shape Precision %	Orientation Precision %	Overall Precision %	Efficiency %	Difficulty	Total MV	Total TRE	
	1	2018-11-20_10:30:11	ZEROING DATA	True	00h:00m:03s:530ms	98.8604	99.05367	98.77827	100	1.333628E-18	1485.537	25	
