
Angles Over Time
Frames	Rotate	ChildRotate	RotateInverse	ChildRotateInverse	Docking x	Docking y	Docking z	
0	3.633033	-3.282043	0	90.13843	-20.26971	-173.6385	164.0657	
1	0.3509817	-1.406586	0	90.13843	-20.34753	-173.7797	164.4882	
2	1.992003	-0.4688721	0	90.37286	-20.53156	-174.2177	165.7458	
3	3.633032	-0.234436	0	90.37286	-20.72687	-174.4572	166.3035	
4	3.633032	-0.234436	0	90.13843	-21.25095	-174.694	166.6831	
5	3.398596	5.069271E-07	0	86.15308	-22.65808	-175.0304	167.4584	
6	3.164168	-3.282043	0	75.13478	-28.05869	-174.905	167.6789	
7	0.1165528	-1.17215	0	66.69523	-40.28	-173.5279	166.6994	
8	2.226439	-0.234436	0	59.66227	-55.33615	-173.2133	166.0377	
9	2.929732	0.4688647	0	57.78681	-68.7005	-176.8464	171.7069	
10	4.570753	0.4688647	0	58.02124	-79.8793	163.9667	-171.847	
11	4.570754	0.4688647	0	58.25568	-85.62042	59.93134	-69.94482	
12	4.570754	-1.406586	0	62.70989	-72.90164	10.48995	-26.3688	
13	1.992004	2.134273E-07	0	62.00659	-68.90747	8.244384	-29.12363	
14	3.398597	2.134273E-07	0	62.00659	-67.27234	8.718912	-29.92801	
15	2.929733	2.134273E-07	0	51.69159	-65.43146	8.00234	-27.51611	
16	3.398597	2.134273E-07	0	43.25204	-61.8989	9.109039	-22.90973	
17	3.398597	-3.750916	0	19.33997	-54.44504	12.01174	-23.02991	
18	0.5854105	-1.406586	0	1.52314	-48.0607	14.20122	-22.07678	
19	2.460868	-0.234436	0	0.1165467	-43.17157	13.46153	-20.29218	
20	3.398597	0.9377291	0	-0.1178894	-38.13342	10.54438	-16.61194	
21	4.570755	0.9377291	0	-0.1178894	-32.49182	7.180175	-15.64417	
22	4.336326	0.4688647	0	-0.3523254	-24.64017	3.666297	-15.49493	
23	4.570755	-1.406586	0	4.805192	-12.27542	0.8452013	-15.14496	
24	1.992004	0.2344285	0	-0.3523254	-3.048523	0.9646636	-14.49472	
25	3.164169	-0.234436	0	0.1165471	1.686316	2.895893	-11.83008	
26	3.398597	1.740557E-07	0	0.1165471	1.105	4.876304	-8.666443	
27	3.398597	1.740557E-07	0	0.1165471	-0.614502	6.853508	-4.685638	
28	3.398597	-3.516479	0	1.054276	-1.477325	9.108277	0.4069778	
29	0.5854107	-1.875458	0	1.52314	-1.299225	10.90502	6.261024	
30	2.22644	0	0	-0.3523254	1.513458	12.84582	12.28788	
31	3.398597	0.7032928	0	-0.1178894	5.450785	15.13535	16.68378	
32	4.570755	0.7032928	0	0.1165471	7.284749	15.7241	19.86455	
33	4.336327	-0.234436	0	0.1165471	6.664861	14.81466	21.28686	
34	3.398598	-3.985352	0	5.03962	5.295264	12.89511	21.22474	
35	-0.1178894	-0.234436	0	0.3509831	3.95312	10.56905	20.84168	
36	3.164169	-0.234436	0	0.3509831	1.210963	5.671591	20.98391	
37	3.164169	0.2344285	0	-0.3523254	-1.647736	-0.2608337	21.85838	
38	4.336327	0.9377289	0	0.116547	-3.733093	-5.105804	22.99482	
39	4.101898	0.9377289	0	0.3509831	-4.047821	-8.02124	23.72459	
40	4.101898	-1.406586	0	2.226441	-3.034119	-9.752533	22.59764	
41	1.52314	0.2344284	0	-0.3523254	-3.100494	-10.59677	19.80103	
42	3.633034	-0.234436	0	-0.1178894	-3.933929	-10.38858	15.4957	
43	3.633034	-0.234436	0	0.1165472	-6.06546	-9.879272	10.19087	
44	3.16417	-0.234436	0	-0.3523254	-9.411804	-10.07233	5.192996	
45	3.398598	-3.282043	0	3.867463	-13.35455	-10.9028	-0.08435059	
46	0.5854113	-1.641022	0	1.523141	-14.78326	-11.53543	-4.185272	
47	2.460869	-0.4688721	0	-0.3523254	-13.0607	-11.15784	-5.262878	
48	3.398598	0.9377288	0	-0.1178894	-9.516998	-9.982788	-4.144714	
49	4.570756	0.4688644	0	0.1165473	-5.298126	-7.917236	-3.376923	
50	4.336327	0.9377288	0	-0.1178894	-1.532593	-5.807068	-3.549011	
51	4.336327	-2.109894	0	1.288712	0.3333465	-4.036926	-4.033295	
52	2.226441	-8.765532E-08	0	0.1165475	1.049316	-3.447174	-4.936462	
53	3.16417	-8.765532E-08	0	-0.1178894	1.683434	-3.369598	-6.039398	
54	3.398598	-0.234436	0	0.3509834	2.750362	-3.458252	-7.430756	
55	3.16417	-0.234436	0	-0.1178894	3.234367	-3.658356	-8.152466	
56	3.633034	-3.047607	0	1.757577	3.457441	-3.279724	-8.092529	
57	-0.1178894	-1.406586	0	2.226441	4.033251	-2.648499	-6.830566	
58	2.226441	-0.234436	0	-0.1178894	4.201204	-1.851349	-5.924591	
59	3.398598	0.9377286	0	0.1165474	4.710515	-1.095734	-4.699677	
60	4.570756	0.4688643	0	-0.1178894	5.284756	-0.8083801	-4.807251	
61	4.570756	-0.234436	0	0.1165475	5.176425	-0.6062622	-5.09903	


Angle MV instances
Rotate	3.633033	3.282051	3.047615	2.109886	2.57875	2.813187	2.57875	2.813187	3.516487	3.282059	2.578758	2.109894	2.813187	2.109886	3.750923	2.344331	
ChildRotate	3.282043	3.282044	2.109894	3.750916	2.34433	3.51648	3.750916	3.750916	3.047607	2.109894	2.813171	
RotateInverse	
ChildRotateInverse	90.13843	3.985344	11.0183	8.439552	7.032959	4.454212	10.31499	8.439552	23.91207	17.81683	5.157517	5.157517	4.923073	4.688637	4.219789	2.344322	2.344331	
Docking x	20.26971	5.400604	12.22131	15.05615	13.36435	11.1788	5.741119	12.71878	3.994171	3.532562	7.453857	6.384338	4.88913	5.038147	5.641602	7.851654	12.36475	9.226898	3.937327	2.742158	2.085358	2.131531	3.346344	3.942749	3.543701	4.218872	3.765533	
Docking y	173.6385	3.633102	340.8131	104.0354	49.44139	2.245568	2.9027	2.18948	2.917148	3.364209	3.513878	2.821095	2.25477	2.289538	2.32606	4.897458	5.932425	4.844971	2.915436	2.065552	2.110168	
Docking z	164.0657	5.669189	101.9022	43.57602	2.754822	2.411896	4.606384	3.680237	2.664642	3.163635	3.980804	5.092616	5.854046	6.026855	4.395905	3.180761	2.796612	4.305331	5.304829	4.997874	5.277346	4.100922	
Total MV Amount	1596.51


Angle TRE instances
Rotate	1	
ChildRotate	1	
RotateInverse	1	
ChildRotateInverse	19	34	35	
Docking x	25	31	35	43	50	60	
Docking y	23	27	37	38	51	
Docking z	28	29	45	47	48	53	59	61	
Total TRE Count	22


Correct Angles	Rotate	ChildRotate	RotateInverse	ChildRotateInverse	Docking x	Docking y	Docking z
	0	0	0	2.879926E-16	0	0	0

Angle Error	Rotate	ChildRotate	RotateInverse	ChildRotateInverse	Docking x	Docking y	Docking z
	3.398599	3.516479	0	4.805192	4.949444	0.4736328	5.310913

Time Taken	Hours	Minutes	Seconds	Milliseconds	Seconds float	Completion time
	0	0	3	651	3.651016	00h:00m:03s:651ms

Final Results	Tester Name	Time of Test	Dock Shape Style	Virtual Device Visible	Time Taken	Shape Precision %	Orientation Precision %	Overall Precision %	Efficiency %	Difficulty	Total MV	Total TRE	
	1	2018-11-20_10:28:43	ZEROING DATA	True	00h:00m:03s:651ms	98.37218	98.92879	98.21792	100	3.199917E-19	1596.51	22	
