
Angles Over Time
Frames	Rotate	ChildRotate	RotateInverse	ChildRotateInverse	Docking x	Docking y	Docking z	
0	0.6014772	3.101754E-05	0	0.367201	-0.2514038	0.2440381	-0.0007487164	
1	-0.2347717	-0.234436	0	-0.2347412	0.0717195	0.2861625	-0.05249023	
2	0.2341063	-3.282043	0	2.344	0.1538048	0.5072097	-0.04525757	
3	-3.985657	-2.109894	0	1.171843	-0.03771973	0.6775452	0.1188049	
4	-1.406921	-0.4688721	0	-0.2347412	-0.1546936	0.9999955	0.01658459	
5	-0.0003221349	1.172157	0	0.7029781	-1.128479	1.131968	-0.3392029	
6	0.7029707	-0.234436	0	0.2341138	-2.009399	1.378447	-0.7662659	
7	-0.0003221622	-0.234436	0	13.3623	-5.390045	2.513822	-1.180237	
8	-0.7036133	-3.282043	0	38.44653	-11.00241	4.024206	-3.541779	
9	-3.751251	-0.234436	0	39.14983	-14.66885	6.642789	-5.274017	
10	-0.7036133	-4.002056E-07	0	49.46484	-15.05341	7.537306	-5.622009	
11	-0.0003220316	0.9377284	0	50.40257	-15.97018	9.649049	-5.130493	
12	0.7029707	-4.923065	0	49.46484	-18.16443	9.834247	-2.854034	
13	0.4685424	-3.750916	0	49.93371	-19.65469	10.18094	-3.248749	
14	0.7029708	-6.564087	0	50.637	-19.05109	11.07843	-4.922699	
15	-1.406921	-4.923065	0	39.14983	-20.61993	12.24508	-9.513062	
16	0.2341062	-4.923065	0	42.66631	-22.09821	14.71363	-14.32724	
17	-0.2347717	-4.688629	0	44.0729	-23.04691	16.68661	-8.981903	
18	-7.267731	-5.391937	0	31.17914	-24.2536	17.75036	1.236661	
19	-35.634	-8.205109	0	30.47585	-27.4968	19.00557	20.10648	
20	-54.62299	-6.564087	0	28.60039	-28.55255	17.11168	28.48446	
21	-60.01492	-1.17215	0	44.0729	-27.98276	17.40273	24.37053	
22	-59.07721	0.4688642	0	55.56007	-26.13467	17.89018	17.6828	
23	-58.3739	0.2344282	0	60.48314	-25.80444	17.88369	15.02265	
24	-58.3739	-2.27416E-07	0	63.53076	-25.08066	18.13202	12.78008	
25	-58.13947	-2.813171	0	64.46848	-23.74765	19.67247	13.97711	
26	-59.54605	-0.7033081	0	64.93736	-23.37976	20.2066	12.3809	
27	-59.31161	-1.641022	0	64.93736	-23.69492	20.06508	11.52757	
28	-58.60834	-0.9377441	0	65.17179	-24.14307	19.54135	11.45297	
29	-59.07718	-1.406586	0	65.17179	-24.35013	19.02779	10.2958	
30	-57.90503	-11.01831	0	68.9227	-25.5611	19.80618	8.460522	
31	-42.90137	-54.85709	0	53.21575	-25.60098	18.38966	7.382061	
32	-3.516815	-62.12448	0	70.32929	-24.62286	15.81249	8.479708	
33	-0.2347717	-61.65561	0	72.20474	-24.68274	14.86487	9.253078	
34	1.406264	-61.89005	0	72.20474	-22.76193	14.68456	6.926991	
35	1.171836	-61.65561	0	70.56371	-22.96829	14.11719	5.806243	
36	1.406264	-62.82779	0	83.22305	-22.60614	13.55286	7.043869	
37	-1.641357	-66.34427	0	83.22305	-21.08667	12.82824	9.5896	
38	-0.000321821	-73.61166	0	83.45748	-19.70267	12.68299	11.38426	
39	0.2341066	-76.65927	0	80.6443	-19.73718	11.57469	12.78314	
40	-0.2347717	-76.65927	0	85.8018	-18.75504	10.57737	12.90988	
41	-0.7036133	-77.83142	0	92.36589	-19.17975	9.646287	11.57591	
42	-3.751251	-77.12814	0	98.22669	-19.64871	10.81946	10.41606	
43	-1.172485	-77.12814	0	99.16442	-19.05859	9.960028	9.079229	
44	-0.0003216946	-79.47247	0	99.63329	-19.07135	9.802648	10.35643	
45	0.7029712	-80.41019	0	99.39886	-18.11929	10.108	11.54529	
46	1.171836	-80.17575	0	99.39886	-18.12341	9.657591	12.31112	
47	1.171836	-80.87903	0	102.6809	-18.35449	9.468839	13.07012	
48	-2.110229	-80.64462	0	102.9153	-19.16537	7.904512	14.19335	
49	0.2341067	-80.41019	0	103.3842	-18.86459	7.523629	14.40369	
50	-0.2347717	-80.64462	0	103.1498	-18.79062	6.898331	14.73015	
51	-0.0003216755	-80.41019	0	103.3842	-18.61099	6.520239	13.99133	
52	-0.0003216755	-81.58234	0	104.3219	-18.22601	5.708026	12.49988	
53	-3.985657	-85.09882	0	103.3842	-17.90958	4.938625	12.97321	
54	-1.172485	-96.82043	0	100.1022	-18.00186	4.077232	16.35826	
55	-0.0003216947	-107.3699	0	94.24136	-18.7207	3.016909	20.72237	
56	0.4685427	-112.7618	0	93.77249	-18.24545	3.36489	23.08186	
57	0.9373994	-112.5274	0	94.00692	-17.67545	3.734611	21.76195	
58	0.7029712	-112.7618	0	94.94466	-17.64697	3.405845	19.61937	
59	-1.406921	-112.7618	0	107.3696	-17.23087	3.941365	15.42959	
60	0.2341066	-112.7618	0	117.919	-17.04034	5.838816	6.862937	
61	-0.0003218577	-112.7618	0	121.6699	-16.66577	7.485017	0.3402472	
62	-0.4691772	-112.7618	0	120.7322	-17.293	7.998988	-4.263153	
63	-0.2347717	-112.7618	0	128.9373	-18.46881	8.660922	-5.291321	
64	-3.282379	-112.7618	0	116.9813	-19.54572	9.464237	-9.452301	
65	-1.875793	-112.7618	0	127.5307	-21.12268	13.20238	-11.15656	
66	-8.205444	-112.7618	0	125.1864	-23.36331	17.07621	-10.88123	
67	-16.17615	-113.4651	0	128.4684	-25.55359	20.01717	-8.035492	
68	-25.55341	-114.4028	0	129.6406	-27.48553	21.28677	-5.547882	
69	-30.00763	-114.4028	0	129.6406	-26.5672	21.60511	-2.78833	
70	-33.05524	-114.4028	0	128.234	-25.48859	21.9636	-2.625275	
71	-31.41422	-114.8717	0	129.6406	-26.26025	22.46225	-3.462799	
72	-33.52411	-115.1061	0	127.9996	-26.94724	23.77172	-1.200989	
73	-45.71457	-115.1061	0	129.6406	-26.12125	25.22592	1.063526	
74	-50.63763	-115.1061	0	129.4062	-24.80713	26.90395	1.784155	
75	-54.38855	-115.1061	0	129.875	-26.16315	25.97903	1.796542	
76	-55.79514	-115.1061	0	129.6406	-27.30215	25.65605	2.964441	
77	-56.26401	-115.1061	0	127.9996	-28.34409	25.39023	3.371434	
78	-59.78049	-115.1061	0	129.875	-30.78189	25.12173	4.657369	
79	-61.65594	-115.1061	0	129.875	-32.39114	24.76416	3.972979	
80	-62.12482	-115.1061	0	130.3439	-33.42953	23.766	4.63598	
81	-63.06253	-115.3405	0	129.875	-32.30362	22.16866	7.104636	
82	-62.59366	-115.3405	0	130.1095	-30.82483	26.80133	5.173191	
83	-63.06253	-115.1061	0	130.1095	-29.7186	33.5491	2.901925	
84	-63.29697	-115.1061	0	129.875	-28.85373	34.9828	2.148678	
85	-63.06253	-115.1061	0	130.3439	-30.3573	34.2381	1.231991	
86	-64.70355	-115.1061	0	130.1095	-36.24664	34.44208	-1.422333	
87	-64.00027	-115.1061	0	130.1095	-37.83063	33.37894	-1.612366	
88	-64.70355	-115.1061	0	130.1095	-38.76202	32.83161	-0.3105774	
89	-64.23468	-115.1061	0	129.875	-39.80991	32.94186	0.5415378	
90	-64.46912	-115.1061	0	130.1095	-39.14511	33.60685	0.4590602	
91	-64.93799	-114.8717	0	130.3439	-43.47543	30.63912	1.845621	
92	-66.57904	-115.1061	0	130.1095	-46.0687	29.21498	2.556818	
93	-65.40686	-115.1061	0	130.1095	-47.78122	26.42707	4.497067	
94	-67.04788	-115.1061	0	130.1095	-48.03302	26.34718	5.492158	
95	-67.9856	-115.1061	0	130.1095	-48.86011	25.9248	5.623342	
96	-68.45447	-115.1061	0	129.875	-49.61008	25.85317	5.284822	
97	-69.62665	-115.1061	0	129.875	-50.49017	25.16523	4.59972	
98	-68.6889	-114.8717	0	129.6406	-51.73151	23.1883	3.460947	
99	-67.9856	-114.8717	0	129.6406	-52.57138	22.80421	0.1766177	
100	-67.75119	-114.8717	0	129.6406	-52.65707	23.11351	-4.062469	
101	-67.75119	-114.6372	0	129.6406	-51.79816	25.37814	-9.253052	
102	-67.75119	-114.4028	0	128.4685	-51.19641	29.7503	-14.38742	
103	-68.6889	-114.1684	0	124.4831	-50.57779	34.18192	-17.57874	
104	-67.9856	-113.6995	0	121.201	-48.93884	37.10515	-19.36389	
105	-68.22003	-113.4651	0	120.4978	-47.88864	39.01742	-19.63953	
106	-68.6889	-113.4651	0	120.0289	-47.64154	39.63011	-20.46307	
107	-68.45447	-113.2307	0	119.0912	-47.44995	40.17499	-22.81433	
108	-69.86108	-112.5273	0	117.919	-45.95572	40.6511	-25.65027	
109	-70.09549	-111.1208	0	116.278	-44.33139	42.20311	-30.28931	
110	-70.7988	-110.8863	0	116.0435	-44.3024	42.73243	-34.93597	
111	-70.56436	-110.8863	0	115.8091	-46.38278	44.06358	-37.66483	
112	-70.7988	-110.8863	0	115.5747	-46.97119	45.40218	-41.4108	
113	-71.0332	-110.8863	0	114.4025	-46.57874	46.47097	-42.87994	
114	-72.90869	-111.1208	0	112.0582	-42.83795	48.93075	-46.93845	
115	-71.26764	-111.1208	0	112.0582	-39.46997	52.14502	-54.20496	
116	-71.03323	-111.1208	0	112.2926	-36.46024	54.59896	-55.36166	
117	-70.7988	-111.1208	0	112.2926	-36.57242	55.48711	-56.47211	
118	-70.56436	-111.1208	0	112.5271	-37.47455	56.75295	-59.49692	
119	-70.56436	-111.1208	0	116.278	-40.44727	57.93039	-66.18201	
120	-71.73651	-111.3552	0	120.0289	-40.80725	60.85005	-71.93637	
121	-71.26767	-111.1208	0	121.6699	-37.64328	62.97287	-74.69366	
122	-71.73654	-111.1208	0	121.9043	-35.25412	64.29783	-75.78168	
123	-72.20541	-111.1208	0	121.6699	-35.76147	64.0639	-76.52637	
124	-72.43985	-111.3552	0	122.3732	-36.32623	62.39361	-77.37875	
125	-73.612	-111.1207	0	121.9043	-35.79306	60.34419	-77.71942	
126	-73.14313	-111.1207	0	121.6699	-35.15067	58.48664	-77.65234	
127	-72.43985	-110.183	0	121.9043	-34.79254	57.65234	-78.96454	
128	-74.31531	-104.0878	0	122.1388	-33.80176	58.30676	-81.33887	
129	-80.64496	-102.4467	0	122.3732	-32.18921	60.05279	-81.4541	
130	-82.75485	-101.9779	0	122.6076	-30.02917	61.26693	-82.21466	
131	-84.16144	-101.2746	0	122.6076	-26.91751	63.29866	-82.58929	
132	-83.92703	-98.93027	0	122.6076	-25.18912	64.75156	-82.42618	
133	-86.97464	-97.52368	0	123.0765	-22.90659	66.36919	-80.88013	
134	-89.08453	-97.52368	0	124.0142	-21.74167	67.8168	-79.75018	
135	-89.78784	-97.05481	0	124.4831	-20.43555	69.20799	-79.13049	
136	-91.66327	-96.3515	0	124.2487	-19.34744	70.02821	-77.48495	
137	-91.1944	-96.3515	0	124.0142	-17.99457	71.21302	-74.3649	
138	-90.72556	-96.1171	0	124.2487	-17.12592	73.0266	-71.34732	
139	-90.72556	-96.3515	0	124.2487	-17.29227	74.72421	-68.65546	
140	-90.49112	-96.3515	0	124.2487	-17.90936	76.04804	-66.98569	
141	-90.72556	-96.58594	0	124.4831	-18.99908	75.86408	-67.59631	
142	-91.19443	-96.3515	0	124.2487	-20.13049	75.55725	-67.4924	
143	-90.95999	-96.58594	0	124.2487	-20.2103	75.18769	-67.37924	
144	-90.95999	-96.3515	0	124.2487	-20.28262	75.83635	-66.63406	
145	-90.95999	-96.3515	0	124.2487	-21.43927	76.00616	-65.7345	
146	-90.95999	-97.05481	0	124.7176	-22.00769	75.57643	-64.41754	
147	-91.66327	-96.58594	0	124.4831	-22.5224	75.58326	-63.22458	
148	-91.19443	-96.3515	0	124.2487	-23.36292	75.19946	-61.39569	
149	-90.95999	-96.3515	0	124.2487	-23.58673	74.95361	-59.15796	
150	-90.95999	-96.3515	0	124.2487	-23.3056	75.13286	-56.99484	
151	-90.72556	-96.3515	0	124.2487	-23.17239	74.68066	-56.02243	
152	-90.72556	-97.05481	0	124.7176	-23.6955	74.11872	-55.41855	
153	-91.66327	-96.58594	0	124.2487	-24.25266	73.79791	-54.88571	
154	-90.95996	-96.3515	0	124.2487	-25.32202	73.01447	-53.92041	
155	-90.95996	-96.11707	0	123.311	-25.92303	72.6041	-53.21835	
156	-90.72552	-96.11707	0	124.2487	-26.93164	71.98402	-52.95865	
157	-90.49109	-96.3515	0	124.7176	-28.39093	71.69279	-53.10815	
158	-90.72552	-96.58594	0	125.1864	-29.45972	69.83028	-52.16962	
159	-91.1944	-96.3515	0	125.1864	-31.49814	68.74543	-50.41077	
160	-90.72552	-96.3515	0	125.1864	-34.45679	68.98054	-50.58176	
161	-90.72552	-96.3515	0	125.1864	-37.36743	69.46211	-51.98291	
162	-90.72552	-96.3515	0	125.1864	-38.02567	70.47279	-52.84341	
163	-90.95996	-97.05481	0	125.6553	-38.4729	71.62759	-54.04871	
164	-91.66327	-96.58594	0	125.1864	-37.70828	72.83099	-54.55972	
165	-90.95996	-96.3515	0	125.1864	-38.2532	73.8092	-55.84668	
166	-90.95996	-96.3515	0	125.1864	-38.81799	73.69572	-56.87518	
167	-90.95996	-96.11707	0	124.952	-39.06906	73.38715	-56.67682	
168	-90.72552	-96.3515	0	125.1864	-39.60461	72.5063	-55.81329	
169	-90.95996	-97.05481	0	125.6553	-40.08279	71.72926	-55.19595	
170	-91.66327	-96.3515	0	125.1864	-40.06003	71.21095	-53.98822	
171	-90.72552	-96.3515	0	125.1864	-39.73035	70.78709	-53.08026	
172	-90.72552	-96.11707	0	125.1864	-39.62335	70.53722	-52.62482	
173	-90.95996	-96.11707	0	125.1864	-39.70789	70.55619	-52.01825	
174	-90.72552	-96.11707	0	125.1864	-40.00259	70.58688	-51.7139	
175	-90.72552	-96.82037	0	125.4209	-39.82367	70.36857	-50.70862	
176	-91.1944	-96.3515	0	125.1864	-39.92813	69.88356	-50.05664	
177	-90.95996	-96.3515	0	125.1864	-40.09698	69.53642	-49.68082	
178	-90.95996	-96.3515	0	125.1864	-40.45563	69.29974	-49.56262	
179	-90.72552	-96.3515	0	125.1864	-40.61789	68.89047	-49.17584	
180	-90.72552	-97.05481	0	125.6553	-40.83118	69.04283	-49.32257	
181	-91.66327	-96.82037	0	125.1864	-41.61343	68.61912	-48.85571	
182	-91.1944	-96.3515	0	125.1864	-41.9632	68.15076	-47.93201	
183	-90.95996	-96.3515	0	125.1864	-42.02838	67.79025	-47.33154	
184	-90.49109	-96.11707	0	125.1864	-42.03479	67.73013	-47.01028	
185	-90.49109	-96.11707	0	125.1864	-42.15506	67.44835	-46.64548	
186	-90.95996	-97.05481	0	125.6553	-42.09052	67.0099	-45.8963	
187	-91.66327	-96.3515	0	125.1864	-42.59509	66.42079	-45.25674	
188	-90.95996	-96.3515	0	125.1864	-43.13412	65.77119	-44.42749	
189	-90.72552	-96.3515	0	125.1864	-43.47388	65.22617	-43.58835	
190	-90.49109	-96.11707	0	125.1864	-43.65768	65.24044	-43.40521	
191	-90.49109	-96.11707	0	125.1864	-44.43887	65.01247	-43.22095	
192	-90.72552	-96.58594	0	125.4209	-45.08527	63.7206	-42.87335	
193	-91.1944	-96.11707	0	125.1864	-44.61597	62.5608	-41.81641	
194	-90.72552	-96.3515	0	125.1864	-43.68314	62.07282	-40.79822	
195	-90.95996	-96.58594	0	125.1864	-44.24271	61.52651	-40.58929	
196	-90.72552	-96.3515	0	125.1864	-44.95218	61.29138	-40.3219	
197	-90.95996	-96.3515	0	125.4209	-44.46744	61.44199	-39.74478	
198	-92.36658	-95.64819	0	124.952	-32.89194	64.20807	-39.43069	
199	-91.89771	-95.41376	0	124.7176	-27.18185	59.97272	-40.24918	
200	-92.13214	-95.17935	0	124.4832	-30.30023	58.03308	-46.00485	
201	-91.89771	-95.17935	0	124.7176	-30.42154	57.19749	-46.61823	
202	-92.13214	-95.17935	0	124.952	-32.69839	56.96658	-48.70639	
203	-92.13214	-95.64819	0	124.4832	-38.44687	55.07434	-52.24139	
204	-92.60101	-95.17935	0	124.7176	-44.25116	54.92852	-59.44308	
205	-92.36658	-94.71048	0	124.7176	-45.86963	58.8512	-65.02917	
206	-92.36658	-93.77277	0	124.7176	-48.07797	62.78487	-66.87619	
207	-92.36658	-92.36615	0	124.7176	-46.70865	64.39201	-66.67471	
208	-94.0076	-93.06946	0	124.952	-47.61633	68.62107	-70.59216	
209	-95.88306	-92.60059	0	124.952	-46.95325	74.15968	-75.43085	
210	-95.41418	-92.36615	0	124.7176	-47.89557	80.86189	-82.02762	
211	-95.41418	-88.14639	0	124.7176	-48.06097	87.88824	-88.27344	
212	-97.99292	-83.2233	0	124.7176	-47.19092	91.61507	-88.73462	
213	-100.8061	-76.42477	0	124.7176	-46.13348	94.94536	-89.12665	
214	-103.8538	-73.37717	0	124.952	-45.63412	97.2746	-88.81012	
215	-106.1981	-72.43945	0	124.7176	-46.12289	98.66201	-88.14908	
216	-105.9636	-72.43945	0	124.7176	-45.96909	99.23463	-88.23083	
217	-105.9636	-72.43945	0	124.7176	-44.8775	99.72601	-87.69202	
218	-106.1981	-72.67386	0	124.4832	-42.99844	99.71812	-88.25903	
219	-106.1981	-73.6116	0	124.952	-40.37384	99.89816	-88.59705	
220	-106.4325	-73.14276	0	124.952	-37.37109	99.50883	-87.76935	
221	-106.1981	-72.43945	0	124.7176	-38.93741	97.38402	-86.94095	
222	-106.6669	-72.43945	0	124.7176	-40.88177	93.32918	-85.75732	
223	-106.4325	-71.97058	0	124.7176	-37.7196	88.96898	-83.65631	
224	-106.4325	-72.43945	0	124.4832	-38.75113	87.54534	-84.65063	
225	-106.4325	-74.08047	0	125.1865	-38.57837	89.27364	-86.76428	
226	-106.6669	-72.43945	0	124.7176	-37.60928	88.97965	-89.505	
227	-106.1981	-72.43945	0	124.4832	-39.4978	91.15824	-93.49176	
228	-106.6669	-71.97058	0	124.7176	-41.92584	94.49793	-95.78125	
229	-106.6669	-72.20502	0	124.0143	-42.87753	98.46587	-100.5307	
230	-106.6669	-72.20502	0	124.7176	-43.21124	99.39369	-115.9385	
231	-106.6669	-73.14276	0	124.952	-43.33554	100.2948	-117.2038	
232	-106.9014	-72.43945	0	124.7176	-43.21518	99.37925	-112.6746	
233	-106.6669	-72.67389	0	126.3586	-44.49152	99.06036	-111.3217	
234	-101.5094	-72.90833	0	130.8128	-47.711	96.66973	-113.2338	
235	-89.08453	-72.67389	0	135.5015	-48.81784	94.42281	-114.2366	
236	-75.95636	-74.08051	0	137.1425	-50.1452	93.4218	-118.3574	
237	-61.42157	-73.3772	0	138.3147	-51.3613	93.31399	-125.6778	
238	-48.52783	-72.90833	0	139.2524	-53.53821	93.05234	-131.2074	
239	-33.28973	-72.43945	0	139.2524	-53.97803	91.76353	-134.8532	
240	-10.3154	-72.67389	0	139.2524	-53.59152	88.62727	-141.1307	
241	0.4684745	-72.67389	0	139.2524	-53.50742	88.49582	-142.5691	
242	0.4684745	-74.54935	0	139.7212	-51.42944	90.28491	-145.1317	
243	-2.579163	-73.14276	0	139.9557	-50.13409	93.05797	-148.2736	
244	-0.7037048	-72.90833	0	140.659	-49.91968	98.02301	-151.8322	
245	-0.9381104	-72.67389	0	140.659	-48.5676	102.4714	-149.3619	
246	-0.9381104	-72.43948	0	140.659	-46.29639	105.2296	-145.8474	
247	-14.30075	-72.43948	0	140.659	-47.20352	107.0874	-147.4043	
248	-14.06631	-73.61163	0	140.659	-48.20972	109.8196	-150.0455	
249	-16.17621	-73.14279	0	140.659	-49.04773	111.3136	-157.3776	
250	-5.157898	-72.90836	0	140.659	-48.13306	113.3521	-165.9552	
251	-1.172546	-75.72153	0	140.659	-48.47888	113.9914	-167.8302	
252	-0.9381104	-98.9303	0	140.659	-48.47159	112.0532	-163.5465	
253	-0.4692688	-104.7911	0	140.659	-50.62033	107.4729	-157.5998	
254	-4.220184	-107.3698	0	140.4245	-49.53589	108.0359	-157.8166	
255	-1.641418	-117.216	0	140.8934	-47.77676	109.6502	-157.4931	
256	-0.4692688	-126.8277	0	140.659	-46.76501	110.4112	-157.0824	
257	0.9373315	-129.172	0	140.659	-45.87912	113.1187	-158.5864	
258	0.2340387	-129.6409	0	140.659	-44.78122	116.53	-160.3343	
259	-0.2348328	-129.172	0	140.8934	-43.17273	118.8531	-160.9266	
260	-4.220184	-129.6409	0	140.659	-40.47711	120.72	-159.6158	
261	-0.4692688	-129.6409	0	140.659	-34.54486	122.2189	-154.2662	
262	-0.4692688	-129.6409	0	140.659	-30.97736	123.3132	-152.1634	
263	0.9373311	-129.8753	0	140.4245	-27.3833	124.1645	-150.2847	
264	-0.0003901769	-129.8753	0	140.659	-24.34573	124.5508	-147.1796	
265	0.2340382	-129.4065	0	140.659	-22.75146	126.0645	-142.9838	
266	-2.579163	-129.6409	0	140.659	-21.75156	126.1169	-141.3288	
267	-0.2348328	-129.6409	0	140.8934	-22.49683	125.4635	-141.7668	
268	-0.4692688	-129.6409	0	140.659	-23.83234	125.1611	-141.4624	
269	-1.172546	-129.4065	0	140.8934	-24.8743	125.0722	-142.4272	
270	-0.4692688	-129.172	0	140.659	-26.45621	124.9902	-144.1956	
271	-3.751312	-129.172	0	140.8934	-26.83618	126.1592	-144.3461	
272	-1.641418	-129.4065	0	140.659	-25.63153	127.4388	-143.5718	
273	-0.4692688	-129.6409	0	140.659	-24.95541	127.4339	-144.7499	
274	0.2340385	-129.8753	0	140.8934	-24.13132	127.3392	-145.7167	
275	0.2340385	-129.6409	0	140.659	-23.81302	127.0884	-146.8938	
276	-0.4692688	-129.172	0	140.8934	-23.64075	127.2929	-147.1681	
277	-3.516876	-129.6409	0	140.8934	-23.82291	127.5069	-146.7611	
278	-1.172546	-129.6409	0	140.8934	-22.74774	127.8631	-145.4871	
279	-0.9381104	-129.8753	0	141.1278	-23.54019	128.3124	-144.8969	
280	0.7029029	-129.6409	0	140.8934	-26.59149	129.7452	-144.7799	
281	0.2340385	-129.6409	0	140.8934	-29.16519	129.3229	-145.9658	
282	0.9373313	-129.4065	0	140.8934	-31.76736	127.9861	-147.8969	
283	-2.110291	-129.4065	0	140.8934	-34.33557	127.5844	-151.7885	
284	-0.4692688	-129.6409	0	140.8934	-38.99127	128.0639	-155.3508	
285	-0.9381104	-129.6409	0	140.8934	-42.4848	127.9423	-156.7415	
286	-0.7037048	-129.6409	0	140.8934	-46.65942	126.803	-156.3891	
287	-0.4692688	-129.172	0	141.1278	-49.9079	124.8556	-155.0634	
288	-4.220184	-129.172	0	141.1278	-50.78592	124.0354	-154.2583	
289	-1.875854	-129.6409	0	141.1278	-51.00867	123.4519	-153.8625	
290	-0.4692688	-129.6409	0	140.8934	-50.93665	122.8653	-153.1632	
291	-0.9381104	-129.6409	0	141.1278	-50.53247	122.0396	-151.9861	
292	-0.9381104	-129.6409	0	140.8934	-48.88446	121.5138	-150.0812	
293	-1.172546	-129.172	0	141.1278	-47.73032	120.4956	-147.6324	
294	-4.923462	-129.4065	0	141.1278	-47.57779	119.0858	-145.1588	
295	-1.875854	-129.6409	0	141.1278	-47.14194	117.9563	-143.4727	
296	-0.7037048	-129.6409	0	140.8934	-46.42947	116.9263	-142.1664	
297	0.7029029	-129.6409	0	140.8934	-46.55798	115.6591	-141.3327	
298	0.7029029	-129.6409	0	140.8934	-46.91986	114.7104	-140.5883	
299	-0.7037048	-129.172	0	141.1278	-47.2016	113.5869	-139.6302	
300	-2.579163	-129.4065	0	140.8934	-47.24219	113.157	-139.4799	
301	-0.4692688	-129.6409	0	141.1278	-45.54993	113.7285	-139.6257	
302	-0.4692688	-129.6409	0	140.8934	-44.44821	113.9916	-140.1316	
303	0.7029028	-129.8753	0	141.1278	-43.72849	114.3504	-140.6712	
304	0.4684744	-129.6409	0	141.5967	-43.04312	114.7877	-141.5741	
305	-0.4692688	-128.9376	0	141.5967	-42.46838	115.4597	-141.9362	
306	-2.344727	-129.6409	0	141.5967	-41.79071	115.5126	-141.4747	
307	-0.4692688	-129.6409	0	141.5967	-40.26276	115.4431	-141.2471	
308	-0.4692688	-129.8753	0	141.5967	-39.36536	115.3435	-141.0461	
309	0.9373312	-129.8753	0	141.5967	-39.10022	115.2782	-140.3694	
310	0.9373312	-129.6409	0	141.5967	-38.69168	115.2515	-139.935	
311	0.9373312	-129.6409	0	141.5967	-38.22186	115.2911	-139.6342	
312	-2.344727	-129.6409	0	141.5967	-37.48172	115.7742	-139.5374	
313	-0.4692688	-129.6409	0	141.5967	-37.14084	115.8737	-139.2416	
314	-0.4692688	-129.6409	0	141.5967	-36.82767	116.1194	-139.0766	
315	-1.172546	-129.6409	0	141.5967	-36.46509	116.35	-139.024	
316	-0.2348328	-129.172	0	141.5967	-35.75333	116.6516	-139.1563	
317	-3.985748	-129.4065	0	141.5967	-35.11386	117.0253	-139.452	
318	-1.641418	-129.6409	0	141.5967	-34.21436	117.5025	-139.5622	
319	-0.2348328	-129.6409	0	141.5967	-34.02979	117.8097	-139.5845	
320	-0.7037048	-129.6409	0	141.5967	-33.63919	118.3711	-139.7871	
321	-0.9381104	-129.6409	0	141.3623	-33.34128	119.1044	-140.4316	
322	-0.9381104	-129.172	0	141.8311	-33.16318	119.9907	-141.299	
323	-4.45459	-129.4065	0	141.5967	-33.09912	121.2196	-142.3284	
324	-0.7037048	-129.6409	0	141.8311	-32.96518	122.2684	-143.1528	
325	-0.2348328	-129.6409	0	141.8311	-32.62344	123.1091	-143.6683	
326	-0.9381104	-129.6409	0	141.8311	-32.02716	123.4605	-143.8842	


Angle MV instances
Rotate	4.219763	2.578735	3.047638	3.047638	7.032959	28.36627	18.98898	5.391937	15.00366	39.38455	3.282043	3.047638	2.578766	3.985335	2.813171	3.047607	6.329651	7.970703	9.377258	4.454224	3.047607	2.109894	12.19046	4.923065	3.750916	3.516479	6.329651	2.109894	3.047607	2.109894	2.578735	2.813202	3.047638	2.344299	5.157501	12.4249	13.12817	14.53479	12.89374	15.2381	22.97433	10.78387	3.047637	13.36264	2.109894	11.01831	3.985352	3.750916	2.578766	3.985352	3.750916	2.813201	2.34433	3.282043	2.109894	3.047607	2.34433	3.750916	2.34433	3.750916	3.047607	2.109894	3.750916	2.34433	3.516479	3.750885	
ChildRotate	3.047607	3.047607	3.047607	5.860794	2.813171	2.813171	5.391937	2.813171	2.109863	9.611725	43.83878	7.267395	3.516479	7.267395	3.047607	2.34433	3.516479	11.72162	10.54944	5.391937	6.09523	2.34433	4.219757	4.923096	6.798523	3.047607	2.813171	23.20877	5.860809	2.578735	9.846161	9.611694	2.34433	
RotateInverse	
ChildRotateInverse	2.578741	13.12819	25.08423	10.31501	11.48717	3.516483	12.89376	15.47251	11.48717	4.923077	3.047615	3.750908	15.70695	17.11354	12.65933	2.813179	5.157501	6.564087	5.860802	3.282043	3.282043	5.860802	12.4249	10.54944	3.750916	8.205116	11.95602	10.54943	2.344307	3.282043	3.985352	3.282059	2.344322	3.750908	3.750923	4.454208	4.688644	
Docking x	3.380646	5.612366	3.666443	2.194244	3.243195	2.240631	2.190277	2.437805	5.889343	4.330322	2.593262	2.080383	3.740784	3.367981	3.009735	2.972717	3.163971	2.38916	2.160034	3.111664	2.282532	2.038422	2.958649	2.910645	11.5755	5.710083	3.118378	2.276855	5.748474	5.804291	2.208344	2.624603	3.002747	3.16217	2.42804	3.219482	2.17691	2.077972	2.27121	2.148743	2.695618	5.932251	3.567505	3.594055	3.037567	3.0513	2.5737	2.602173	2.568207	4.655701	3.49353	4.174622	3.248474	
Docking y	2.618583	2.111743	2.468555	2.577178	3.73814	3.873829	2.940964	4.632669	6.747774	2.967733	2.78791	2.264631	4.372158	4.431627	2.923225	2.459782	3.214275	2.453941	2.919662	2.122822	2.049419	2.031738	2.766075	4.235348	3.922688	3.933666	4.229065	5.538612	6.702209	7.026344	3.726837	3.330284	2.329247	2.124809	4.05484	4.360199	2.178589	3.339691	3.967934	2.390633	2.246918	3.136261	2.773056	4.965042	4.448418	2.758156	2.732216	2.03849	4.580368	2.707565	3.411301	2.323112	
Docking z	2.361542	2.276459	4.590363	4.814178	5.345337	10.21856	18.86982	8.377975	4.113924	6.687731	2.660151	2.242578	2.326088	2.54573	3.385047	4.364119	2.359488	2.142572	4.189781	8.566655	6.52269	4.6034	4.16098	2.845734	2.48761	2.759552	2.26181	2.468656	2.271265	3.284329	4.239087	5.190582	5.134369	3.191315	2.351257	2.835938	4.639038	4.646667	2.728851	3.745972	4.058502	7.26651	3.024811	6.685089	5.754364	2.757294	2.374329	3.120056	3.017578	2.691864	2.237732	2.163116	5.755676	2.088165	3.535004	7.201691	5.58609	3.91745	4.838684	6.596771	6.245819	2.101013	2.113647	2.740723	3.986755	2.28949	4.749451	15.40781	4.529266	4.12085	7.320374	5.529648	3.645782	6.277466	2.562561	3.141937	3.558563	2.470245	3.514557	2.641159	7.332123	8.577652	4.283737	5.946686	5.349609	2.102814	3.105148	4.19577	3.891571	3.562347	2.448761	2.473602	
Total MV Amount	1692.31


Angle TRE instances
Rotate	1	18	32	66	241	247	251	
ChildRotate	
RotateInverse	1	
ChildRotateInverse	
Docking x	
Docking y	259	264	288	299	304	
Docking z	
Total TRE Count	11


Correct Angles	Rotate	ChildRotate	RotateInverse	ChildRotateInverse	Docking x	Docking y	Docking z
	0	-150	0	150	-61.58023	119.5483	179.6205

Angle Error	Rotate	ChildRotate	RotateInverse	ChildRotateInverse	Docking x	Docking y	Docking z
	0.4692688	20.35912	0	8.403305	30.09009	3.875542	-36.36993

Time Taken	Hours	Minutes	Seconds	Milliseconds	Seconds float	Completion time
	0	0	19	271	19.27061	00h:00m:19s:271ms

Final Results	Tester Name	Time of Test	Dock Shape Style	Virtual Device Visible	Time Taken	Shape Precision %	Orientation Precision %	Overall Precision %	Efficiency %	Difficulty	Total MV	Total TRE	
	1	2018-11-14_10:28:38	Presets_dockPreset_1	True	00h:00m:19s:271ms	95.94004	92.54713	92.09784	69.757	0.7341657	1692.31	11	
