
Angles Over Time
Frames	Rotate	ChildRotate	RotateInverse	ChildRotateInverse	Docking x	Docking y	Docking z	
0	-100.5913	-109.9486	0	135.9505	-56.11523	87.75781	-82.13129	
1	-100.3569	-109.7141	0	135.9505	-55.77795	88.57203	-82.63461	
2	-100.3569	-109.9486	0	135.7161	-55.35086	88.81895	-82.39679	
3	-100.3569	-109.9486	0	135.9505	-54.95084	87.92155	-80.8269	
4	-100.1225	-109.9486	0	135.9505	-54.45029	86.07552	-77.21393	
5	-100.3569	-109.7141	0	135.7161	-54.19443	81.44818	-69.33026	
6	-100.5913	-110.183	0	135.9505	-55.10425	73.46952	-57.06412	
7	-100.3569	-109.9486	0	135.9505	-56.93576	56.24826	-28.57236	
8	-100.3569	-109.9486	0	135.9505	-58.17523	34.66593	12.71934	
9	-100.3569	-109.9486	0	135.9505	-53.0563	27.74007	39.4549	
10	-100.3569	-109.9486	0	135.9505	-43.65588	27.90499	58.00505	
11	-100.3569	-109.7141	0	135.9505	-29.9599	24.39652	68.00623	
12	-100.3569	-109.9486	0	135.9505	-25.77335	21.10779	65.12981	
13	-100.3569	-109.9486	0	135.9505	-23.40027	17.37559	66.25659	
14	-100.3569	-109.9486	0	135.9505	-23.61465	13.06519	72.68806	
15	-100.1225	-109.9486	0	135.9505	-25.7666	10.23616	77.77967	
16	-100.3569	-109.7141	0	135.7161	-27.11642	8.645304	83.59061	
17	-100.3569	-109.9486	0	135.7161	-28.17496	5.234729	88.94395	
18	-100.3569	-109.9486	0	135.9505	-28.80386	0.304103	95.9337	
19	-100.3569	-109.9486	0	135.9505	-26.46292	-0.5793457	96.56602	
20	-100.3569	-109.7141	0	135.9505	-23.31039	-1.958282	96.37888	
21	-100.3569	-109.9486	0	135.9505	-22.42554	-3.042786	100.0051	
22	-100.5913	-109.9486	0	135.9505	-22.5777	-4.451324	104.5489	
23	-100.3569	-109.7141	0	135.9505	-22.91724	-3.510651	103.4965	
24	-99.88803	-102.2123	0	135.9505	-22.16806	-2.047913	98.1368	
25	-91.21405	-97.28925	0	135.7161	-21.26312	-1.355865	86.17247	
26	-70.34961	-96.82037	0	135.9505	-18.21667	0.1402711	56.07534	
27	-15.49252	-87.91196	0	135.9505	-13.80682	-0.3817139	27.92881	
28	-7.052979	-87.67752	0	135.7161	-12.14926	1.589669	27.79461	
29	-3.067627	-78.53467	0	135.7161	-13.16809	2.218827	29.25112	
30	-2.364319	-63.76547	0	135.4817	-12.642	3.504719	26.50168	
31	-2.598755	-45.94864	0	117.8993	-12.41275	4.186074	23.30436	
32	-1.895477	-44.77646	0	86.7198	-10.8024	4.798642	23.24782	
33	-4.708649	-37.50909	0	18.50009	-10.36682	4.685835	24.23654	
34	-3.536499	-28.83508	0	16.85906	-9.928711	4.605126	22.21226	
35	-1.895477	-23.67758	0	29.04953	-9.430878	3.415002	22.20852	
36	-1.192169	-12.19043	0	10.76383	-8.581268	0.8647814	22.47721	
37	-0.9577332	-11.72156	0	-2.598785	-4.355652	0.3859731	23.25507	
38	-0.7232971	-15.94135	0	-3.067657	4.20418	2.764688	25.72054	
39	-3.067627	-14.53476	0	-4.708679	5.817202	3.408873	24.38128	
40	-1.895477	-10.08054	0	-4.474243	4.357443	2.295705	21.42792	
41	-1.895477	3.047648	0	-4.708679	3.261845	1.220376	18.33407	
42	-1.426605	3.047648	0	-4.708679	1.84769	0.4798761	15.57187	
43	-1.192169	0.4688973	0	-1.895508	0.3515737	-0.1264954	14.7119	
44	-3.770935	1.875491	0	-3.067657	-2.034058	-1.142944	14.60688	
45	-2.129883	3.282084	0	-4.708679	-3.13855	-1.620636	14.34429	
46	-1.192169	4.219813	0	-4.474243	-2.932831	-0.9865112	12.41253	
47	-0.7232971	4.219813	0	-4.708679	-2.221497	-0.2054138	9.409724	
48	-0.2544556	3.282084	0	-4.474243	-0.5432129	0.7790545	5.2473	
49	-0.02001953	3.285681E-05	0	0.4488193	2.172538	2.377071	1.987339	
50	-2.833191	3.282084	0	-4.474243	5.150829	3.914597	-0.1611023	
51	-1.426605	3.516512	0	-3.53653	5.368086	3.744565	-3.082764	
52	-1.895477	3.282084	0	-4.708679	4.032135	2.360747	-4.713867	
53	-1.192169	4.219813	0	-4.474243	3.481838	1.402862	-3.465149	
54	-1.426605	4.219813	0	-4.708679	3.413978	0.6058424	-1.988708	
55	-1.192169	2.344355	0	-2.129944	2.455331	-0.905304	-0.6184692	
56	-3.302063	3.282084	0	-4.239807	1.568736	-2.477325	0.8459146	
57	-1.426605	3.047648	0	-4.708679	1.272901	-3.312775	2.181871	
58	-0.2544556	3.282084	0	-4.474243	1.771388	-3.487274	3.080901	
59	-1.895477	3.282084	0	-4.239807	1.926097	-3.518097	3.418188	
60	-1.426605	-0.2344055	0	-0.7233276	2.030832	-3.531952	3.628999	
61	-4.239777	2.109927	0	-3.302094	2.030411	-3.546051	3.769506	
62	-1.192169	3.047648	0	-4.708679	2.199309	-3.542542	4.125436	
63	-1.426605	3.985378	0	-4.474243	2.165252	-3.497009	3.989017	
64	-0.02001953	2.81322	0	-4.474243	1.469112	-2.240906	3.03846	
65	-0.02001953	3.750949	0	-4.474243	0.6637924	-1.061218	1.972621	
66	-0.02001953	1.406626	0	-2.833221	-0.1523132	0.1355501	0.8923116	
67	-2.598755	3.282084	0	-4.005402	-1.550262	2.337684	-0.9664612	


Angle MV instances
Rotate	100.5913	8.673981	20.86444	54.85709	8.439545	3.985352	2.813171	2.34433	2.578766	2.813171	2.109894	2.813171	3.047607	2.578735	
ChildRotate	109.9486	7.501831	4.923065	8.908417	9.142853	14.7692	17.81683	7.267365	8.674011	5.157501	11.48715	4.219788	4.454224	13.12818	2.57875	3.282051	3.282051	3.51649	2.344322	
RotateInverse	
ChildRotateInverse	135.9505	17.58241	31.17946	68.21971	12.19047	18.2857	13.36261	2.813171	4.923062	4.923062	2.578735	2.109863	3.516479	2.578766	
Docking x	56.11523	5.118927	9.400421	13.69598	4.186554	2.373077	2.151947	2.340942	3.152527	3.046448	4.409851	4.225616	2.978291	
Docking y	87.75781	4.627342	7.978661	17.22126	21.58233	6.925859	3.508469	3.288736	3.732203	4.310394	2.829034	3.410575	4.930626	2.55022	2.378715	2.202134	
Docking z	82.13129	3.612976	7.883667	12.26614	28.49176	41.29169	26.73556	18.55016	10.00118	2.876419	6.431465	5.091614	5.810936	5.35334	6.989754	3.626213	4.54377	5.359695	11.96432	30.09713	28.14654	2.749445	3.197315	2.024284	2.465469	2.953356	3.093855	2.762199	3.002808	4.162425	3.25996	2.921661	
Total MV Amount	1453.406


Angle TRE instances
Rotate	30	
ChildRotate	42	
RotateInverse	1	
ChildRotateInverse	38	
Docking x	38	39	40	50	52	
Docking y	19	
Docking z	50	
Total TRE Count	10


Correct Angles	Rotate	ChildRotate	RotateInverse	ChildRotateInverse	Docking x	Docking y	Docking z
	-5.960144E-18	-3.410284E-37	0	7.170781E-18	0	0	0

Angle Error	Rotate	ChildRotate	RotateInverse	ChildRotateInverse	Docking x	Docking y	Docking z
	1.895477	3.047648	0	4.474243	2.067413	3.524726	1.872498

Time Taken	Hours	Minutes	Seconds	Milliseconds	Seconds float	Completion time
	0	0	4	13	4.013142	00h:00m:04s:013ms

Final Results	Tester Name	Time of Test	Dock Shape Style	Virtual Device Visible	Time Taken	Shape Precision %	Orientation Precision %	Overall Precision %	Efficiency %	Difficulty	Total MV	Total TRE	
	1	2018-11-14_10:33:00	ZEROING DATA	True	00h:00m:04s:013ms	98.69203	99.00051	98.66016	100	1.458992E-20	1453.406	10	
