
Angles Over Time
Frames	Rotate	ChildRotate	RotateInverse	ChildRotateInverse	Docking x	Docking y	Docking z	
0	-25.07025	-67.04758	0	140.9077	23.09353	36.35895	18.64086	
1	-25.30469	-67.04758	0	140.9077	22.98641	36.32816	18.97798	
2	-25.07025	-67.04758	0	140.9077	23.0353	36.40705	19.08756	
3	-25.53912	-68.45416	0	140.6733	22.9722	36.47118	19.09674	
4	-27.18015	-67.28201	0	140.6733	22.97589	36.52267	19.20848	
5	-25.77356	-67.04758	0	140.9077	22.98494	36.60641	19.21796	
6	-25.07025	-66.5787	0	140.9077	23.01545	37.14103	18.92321	
7	-24.13251	-66.81314	0	140.9077	23.07959	38.94868	18.11081	
8	-24.60138	-66.81314	0	140.9077	22.8945	41.67517	17.00784	
9	-24.13251	-67.51642	0	140.6733	22.33454	44.08667	16.10106	
10	-26.00797	-67.98529	0	140.9077	22.33375	45.03097	15.36596	
11	-25.30469	-69.15747	0	140.9077	22.73339	45.29816	15.09943	
12	-25.07025	-69.62634	0	140.9077	23.01848	45.92031	14.6487	
13	-25.07025	-70.56406	0	140.9077	23.45423	46.23077	14.18769	
14	-25.07025	-71.03293	0	140.6733	24.69288	46.33142	12.97622	
15	-27.41458	-70.79849	0	140.6733	27.04149	46.01313	12.25291	
16	-26.2424	-70.32965	0	140.9077	27.93197	45.29311	12.87375	
17	-25.30469	-70.09521	0	140.9077	29.14344	43.46083	12.79581	
18	-24.36694	-70.09521	0	140.9077	30.6682	41.63131	11.05712	
19	-24.60138	-70.32965	0	140.9077	31.64145	39.40149	10.35671	
20	-25.30469	-83.69226	0	140.6733	29.84496	38.05317	15.21324	
21	-26.2424	-87.44318	0	140.6733	27.51946	37.26904	14.3626	
22	-19.44388	-88.84976	0	140.9077	26.59271	39.40306	13.97807	
23	-18.97501	-88.84976	0	140.9077	24.15953	42.83575	13.7315	
24	-17.80286	-88.61533	0	140.6733	20.86317	45.09301	12.14085	
25	-18.03729	-86.73987	0	140.9077	17.04577	48.52796	8.88799	
26	-18.27173	-86.50543	0	140.6733	16.94366	49.69485	8.538168	
27	-19.91275	-86.271	0	140.9077	15.51771	48.68736	10.58674	
28	-19.44388	-86.50543	0	140.9077	13.27786	46.68668	15.26698	
29	-18.97501	-86.271	0	140.9077	12.92489	46.78605	21.41689	
30	-18.97501	-86.50543	0	140.9077	13.66723	47.00967	30.73952	
31	-18.97501	-87.67761	0	140.4388	14.91801	47.57753	37.23048	
32	-20.85046	-87.44318	0	140.6733	15.60922	48.82174	40.75522	
33	-20.14719	-87.20874	0	140.9077	14.97923	48.18272	41.5458	
34	-18.97501	-87.20874	0	140.4388	14.82353	45.9385	42.76511	
35	-18.03729	-87.20874	0	134.3436	16.27128	42.98269	39.75569	
36	-14.28638	-87.20874	0	100.351	18.53838	37.40412	42.16529	
37	-14.28638	-89.0842	0	78.31437	17.73622	29.52694	56.07808	
38	-19.67831	-89.0842	0	24.86387	18.96629	20.38928	68.11832	
39	-19.67831	-89.0842	0	37.99207	20.8823	8.797283	80.5768	
40	-19.91275	-88.84976	0	19.9408	21.38149	-0.6386414	88.08107	
41	-20.61603	-89.0842	0	7.515902	23.25865	-14.02731	91.83704	
42	-19.91275	-89.31863	0	2.358401	25.14819	-23.42331	93.77691	
43	-21.78821	-89.0842	0	0.9518077	27.95978	-29.07162	96.27895	
44	-20.85046	-89.0842	0	-1.392517	28.93538	-32.52737	91.06133	
45	-20.14716	-76.42487	0	-0.689209	29.69325	-34.74527	81.74631	
46	-11.23874	-3.282104	0	-0.689209	29.37418	-35.46335	68.89332	
47	-2.095917	1.172115	0	-0.923645	28.0728	-31.20752	60.89984	
48	0.248414	-1.641052	0	0.2485149	27.17257	-31.34488	56.61051	
49	-1.861481	-0.2344666	0	-1.392517	27.45882	-29.65546	54.0932	
50	-0.454895	-4.259457E-05	0	-1.158081	25.62748	-27.64948	50.05353	
51	-0.9237366	-0.4689026	0	-1.158081	18.2382	-26.5498	40.82274	
52	-0.6893005	0.2343859	0	-1.158081	11.64035	-22.79263	34.19834	
53	-0.6893005	-2.578796	0	0.7173793	6.98745	-23.24896	26.26943	
54	-3.268066	-1.406647	0	0.2485149	5.993508	-22.10675	22.26028	
55	-1.392609	-0.2344666	0	-1.158081	5.25177	-20.33902	20.03496	
56	-0.220459	0.9376863	0	-1.392517	4.912571	-16.08337	17.77974	
57	0.4828427	0.9376863	0	-0.923645	4.156507	-9.078369	15.13938	
58	0.4828427	1.172115	0	-0.4547729	3.243905	0.7010696	12.92856	
59	0.01397835	-1.641052	0	0.2485148	3.008096	8.364953	10.64576	
60	-1.627045	-4.258649E-05	0	-0.923645	3.917481	11.21082	9.183625	
61	-0.220459	0.2343858	0	-0.689209	5.380641	8.807645	9.539469	
62	-0.454895	-4.258187E-05	0	-1.158081	7.238047	5.557463	10.16994	
63	-0.220459	0.2343858	0	-1.392517	9.675568	-0.1672363	9.763404	
64	0.01397832	-2.578796	0	2.123965	14.03651	-5.806	9.854174	
65	-2.330322	-1.172211	0	0.4829435	15.618	-10.04095	8.951389	
66	-1.392609	0.2343859	0	-0.4547729	15.67058	-10.80814	7.691806	
67	-0.6893005	1.172115	0	-0.923645	14.43885	-9.635895	6.541814	
68	0.4828427	1.172115	0	-0.4547729	12.87061	-8.380432	5.864616	
69	0.4828427	0.9376864	0	-1.158081	10.22216	-6.587006	3.108316	
70	0.9517071	-1.172211	0	0.2485152	7.878359	-5.129639	0.1852368	
71	-1.158173	0.234386	0	-1.158081	4.920044	-4.031647	-4.6026	
72	-0.220459	-4.235571E-05	0	-1.158081	2.920974	-4.642303	-8.567261	
73	0.01397819	-4.235571E-05	0	-0.923645	1.606363	-4.879242	-11.53992	
74	-0.220459	0.234386	0	-0.4547729	0.6303024	-4.769135	-13.29904	
75	-0.454895	-2.34436	0	2.123965	-0.4486389	-4.309479	-13.88028	
76	-2.564758	-1.406647	0	0.4829433	-1.316833	-3.581757	-13.83621	
77	-1.158173	-0.4689026	0	-0.923645	-2.527679	-1.882599	-14.73062	
78	0.01397827	0.7032505	0	-1.158081	-3.115906	-0.1996765	-14.51959	
79	0.9517071	0.2343861	0	-0.689209	-3.542786	1.11049	-13.98956	
80	0.4828428	-0.4689026	0	-1.158081	-4.347992	1.846468	-14.09872	
81	0.0139784	-2.813232	0	3.764995	-4.630768	2.054118	-13.79852	
82	-3.736938	0.2343862	0	-1.158081	-4.462585	1.617308	-12.73572	
83	-0.220459	0.4688222	0	-0.4547729	-4.729706	0.8861412	-12.74432	
84	-0.454895	0.7032506	0	-1.158081	-3.956024	0.3242258	-12.36691	
85	0.9517074	0.9376866	0	-1.392517	-4.125122	0.5325807	-13.11777	
86	0.9517074	0.2343862	0	-0.923645	-4.021851	0.6891977	-13.16641	
87	0.717279	-1.406647	0	0.2485147	-3.99054	0.9596612	-13.19058	
88	-1.392609	-4.206806E-05	0	-0.923645	-4.133087	1.365845	-13.64722	
89	0.01397855	-4.206806E-05	0	-1.392517	-4.029388	1.300755	-13.55606	
90	0.2484146	0.4688224	0	-0.4547729	-3.668427	1.215398	-13.35672	
91	-0.9237366	0.2343863	0	-0.689209	-2.660767	0.9114298	-12.33588	
92	-0.454895	-2.34436	0	3.061693	-1.20343	0.3084384	-9.578949	
93	-3.03363	-0.9377747	0	0.7173789	0.4775188	-0.3848572	-5.92218	
94	-1.158173	-0.2344666	0	-1.392517	1.679751	0.4519851	-4.473785	
95	0.01397837	0.937687	0	-1.392517	2.513431	1.786726	-3.445404	
96	0.9517072	-4.178268E-05	0	-0.923645	2.813221	3.13362	-3.373535	
97	0.9517072	1.172116	0	-1.392517	1.704591	3.996325	-4.172363	
98	0.9517072	-1.172211	0	0.2485144	1.226875	4.60775	-4.490082	
99	-1.392609	0.2343867	0	-1.158081	0.7922878	5.145011	-4.909149	
100	-0.220459	0.2343867	0	-1.158081	0.9053711	5.22219	-4.525665	
101	0.0139783	-4.171539E-05	0	-0.4547729	1.325486	4.282507	-2.856201	
102	-0.6893005	-4.171539E-05	0	-1.392517	2.055361	3.379777	-1.159485	
103	0.01397831	-2.109924	0	2.123964	2.74949	2.766684	-0.7461243	
104	-2.799194	-1.406647	0	0.2485142	3.434581	2.513272	-0.6166687	
105	-1.158173	-4.16412E-05	0	-1.158081	3.526216	2.091457	-0.3099365	
106	-0.220459	0.2343867	0	-1.158081	3.588082	2.278732	-0.4868774	
107	-0.220459	-4.164806E-05	0	-1.626953	3.452149	2.619895	-0.9620361	
108	0.01397819	0.2343867	0	-1.158081	3.425268	2.765767	-1.282776	
109	0.01397819	-2.109924	0	3.29613	3.265703	2.707725	-1.477325	
110	-3.971375	-0.2344666	0	0.0140784	3.014987	2.830239	-2.133026	
111	0.01397832	-0.2344666	0	-1.158081	2.664877	3.077686	-3.154114	
112	0.01397832	0.9376873	0	-0.923645	2.683158	3.005869	-3.181122	
113	0.2484144	0.9376873	0	-0.689209	2.78178	3.038954	-3.14801	
114	0.4828428	1.172116	0	-0.4547729	2.914614	3.136132	-3.364166	
115	0.4828428	-1.641052	0	0.2485144	2.71523	3.386409	-3.710114	
116	-1.392609	-4.151938E-05	0	-0.689209	2.570167	3.605197	-4.130463	
117	-0.454895	-0.4689026	0	-1.158081	2.43896	3.781002	-4.55484	


Angle MV instances
Rotate	25.07025	2.34433	6.798523	3.750916	5.391937	8.908417	9.142822	2.578766	2.344301	2.109863	3.750917	3.516479	2.578735	2.813173	3.985353	3.985353	
ChildRotate	67.04758	13.36261	3.750916	12.65933	73.14276	4.454219	2.813182	2.813182	2.578746	2.34433	3.047619	2.578747	2.109883	
RotateInverse	
ChildRotateInverse	140.9077	6.09523	33.99265	22.0366	53.4505	13.1282	18.05127	12.4249	5.157501	4.923076	4.923076	3.750902	2.344315	4.454211	3.282051	
Docking x	23.09353	2.34861	2.3255	2.433184	3.296354	3.817406	2.239851	2.267097	2.81159	7.389277	6.597851	4.652902	2.437521	4.360947	2.648447	2.3438	2.958315	
Docking y	36.35895	2.72649	2.411495	2.229813	2.134018	3.432697	2.257252	3.434952	2.000675	2.244228	2.955807	5.578571	7.877178	9.137659	11.592	9.435925	13.38867	9.395996	5.648315	3.45575	2.217896	4.255829	2.005981	3.757172	4.255646	7.005005	9.779439	7.663883	2.845863	2.403172	3.250182	5.724699	5.638763	4.234955	
Docking z	18.64086	4.856528	3.252855	2.048568	4.68024	6.14992	9.322624	6.490965	3.524738	3.009415	2.409595	13.9128	12.04023	12.45848	7.504272	3.755966	2.502045	5.217621	9.315025	12.85299	7.993481	4.289326	2.517311	4.039669	9.230789	6.624401	7.928913	4.009146	2.225323	2.255222	2.640353	2.210827	2.2828	2.7563	2.923079	4.787837	3.964661	2.972656	2.756927	3.656769	
Total MV Amount	1117.464


Angle TRE instances
Rotate	48	
ChildRotate	47	
RotateInverse	1	
ChildRotateInverse	43	
Docking x	57	61	71	
Docking y	58	59	63	64	71	99	101	
Docking z	70	72	94	
Total TRE Count	16


Correct Angles	Rotate	ChildRotate	RotateInverse	ChildRotateInverse	Docking x	Docking y	Docking z
	-2.369525E-32	0	0	1.101669E-31	0	0	0

Angle Error	Rotate	ChildRotate	RotateInverse	ChildRotateInverse	Docking x	Docking y	Docking z
	0.01397812	0.2344666	0	1.158081	2.365268	3.960995	4.903656

Time Taken	Hours	Minutes	Seconds	Milliseconds	Seconds float	Completion time
	0	0	6	955	6.955437	00h:00m:06s:955ms

Final Results	Tester Name	Time of Test	Dock Shape Style	Virtual Device Visible	Time Taken	Shape Precision %	Orientation Precision %	Overall Precision %	Efficiency %	Difficulty	Total MV	Total TRE	
	1	2018-11-14_10:36:48	ZEROING DATA	True	00h:00m:06s:955ms	99.80465	98.3584	98.99711	100	1.487358E-34	1117.464	16	
