
Angles Over Time
Frames	Rotate	ChildRotate	RotateInverse	ChildRotateInverse	Docking x	Docking y	Docking z	
0	-102.7333	-115.1061	0	140.3729	10.03944	80.49906	45.76847	
1	-102.7333	-115.1061	0	140.3729	9.911066	80.55891	46.33665	
2	-102.9677	-115.1061	0	140.6074	9.877486	80.47971	47.06693	
3	-102.7333	-115.1061	0	140.1385	9.723599	80.06623	47.82394	
4	-102.7333	-114.8717	0	140.3729	10.23166	80.47845	48.92376	
5	-102.9677	-115.1061	0	140.6074	11.12681	81.15925	50.61949	
6	-102.7333	-114.8717	0	140.1385	12.16031	81.47967	51.16466	
7	-102.7333	-114.8717	0	140.3729	13.53429	81.92173	52.19359	
8	-102.9677	-114.8717	0	140.3729	13.50128	81.68987	53.23764	
9	-102.9677	-114.8717	0	140.3729	9.874279	80.14569	53.79138	
10	-102.9677	-114.8717	0	140.3729	8.883727	78.3875	58.64603	
11	-102.9677	-114.8717	0	140.3729	8.850541	79.85348	72.3315	
12	-102.7333	-109.9486	0	140.1385	5.926703	82.50891	94.62695	
13	-102.7333	-102.4468	0	140.1385	7.367631	76.74554	89.41809	
14	-102.4988	-88.38089	0	139.9041	6.69163	74.69438	90.01848	
15	-102.4988	-72.67395	0	139.9041	2.151679	73.12277	91.16798	
16	-102.7333	-62.82779	0	139.9041	-1.581207	71.46083	88.92828	
17	-102.2644	-48.76187	0	139.9041	-3.267334	70.16012	85.95152	
18	-102.4988	-37.74356	0	140.3729	-0.7054749	68.89544	86.39523	
19	-102.4988	-30.94504	0	140.1385	7.193133	69.06173	89.32617	
20	-102.7333	-32.58606	0	140.3729	10.23357	68.41172	92.33575	
21	-102.7333	-30.00732	0	140.1385	7.005988	68.83888	89.21947	
22	-102.7333	-25.08423	0	140.3729	3.30366	67.69012	79.91676	
23	-100.3889	-19.92673	0	140.3729	4.671337	67.38258	72.01583	
24	-94.2937	-19.22345	0	140.3729	6.810513	67.37065	61.42145	
25	-74.83588	-19.45789	0	140.3729	7.662735	63.65711	34.32142	
26	-27.71503	-21.56775	0	140.1385	9.713652	53.7681	-0.2910767	
27	-0.05206299	-17.81683	0	140.1385	14.41917	49.34375	-4.059937	
28	1.120101	-16.41025	0	140.1385	14.20127	46.92939	-2.256073	
29	1.588965	-15.47253	0	140.1385	14.54866	46.20872	-0.831604	
30	0.8856648	-15.47253	0	140.3729	15.55539	45.08829	0.03401547	
31	1.354529	-17.81683	0	140.1385	14.95255	42.79098	-0.7168579	
32	-1.458649	-15.94141	0	122.0872	13.02071	40.7071	-1.541046	
33	0.4168078	-14.76923	0	78.48289	10.61621	37.91336	2.966688	
34	1.354529	-9.846161	0	24.79796	5.524731	30.82511	12.3714	
35	2.05783	-6.329681	0	25.97012	-0.368866	24.75345	17.38731	
36	2.292258	-5.626373	0	2.761347	-1.253723	22.64257	18.14538	
37	2.292258	-3.282074	0	1.120325	-0.08773804	18.72195	15.15741	
38	0.416808	-1.406616	0	-0.755127	-0.9248657	11.54856	9.807957	
39	2.05783	-1.875458	0	-0.5206909	-2.563293	4.337166	5.788535	
40	1.823394	-1.406616	0	0.1825959	-3.351074	1.994162	4.295743	
41	1.588965	-1.406616	0	-0.2862549	1.883057	2.517399	5.455	
42	1.354529	-4.454224	0	2.526918	4.356256	3.135491	6.742141	
43	-1.458649	-2.813202	0	1.58919	3.13219	2.59093	4.045562	
44	0.6512364	-1.406616	0	-0.5206909	4.733611	3.435789	1.808673	
45	1.823394	-0.234436	0	-0.5206909	5.120143	4.882809	1.688623	
46	2.995558	-0.234436	0	-0.5206909	5.557351	6.36553	1.028043	
47	2.995558	-0.234436	0	-0.5206909	7.125151	7.180016	-0.4224243	
48	2.995558	-2.813202	0	4.636805	7.360044	7.011206	-2.21286	
49	-0.05206299	-1.875458	0	-0.755127	6.071132	6.29166	-3.198486	
50	2.05783	-1.641052	0	-0.5206909	4.891388	5.415072	-4.044952	
51	1.588965	-0.234436	0	-0.5206909	4.49811	4.425738	-3.943665	
52	2.05783	-0.4688721	0	-0.5206909	4.729471	2.293478	-3.771332	
53	2.995559	-1.931647E-05	0	-0.05181885	5.567597	-0.06570435	-3.711212	
54	2.526694	-2.813202	0	2.058054	6.179152	-0.7941284	-2.368622	
55	-0.05206299	-1.17218	0	-0.05181885	6.579168	-1.490906	-1.772705	
56	1.588965	-1.641052	0	-0.5206909	6.68401	-1.93454	-1.345154	
57	1.823394	-1.406616	0	-0.989563	6.389906	-1.972595	-1.320374	
58	2.05783	-1.17218	0	-0.2862549	6.57374	-1.894348	-1.338409	
59	1.823394	-5.157532	0	3.933513	6.585203	-1.865234	-1.280548	
60	-1.693085	-2.813202	0	1.354762	6.369907	-1.811188	-1.103729	
61	0.6512364	-1.875458	0	-0.5206909	6.240584	-1.689697	-0.8964539	


Angle MV instances
Rotate	102.7333	2.34433	6.095245	19.45782	47.12085	27.66296	3.047621	2.109893	2.578757	
ChildRotate	115.1061	4.92308	7.501816	14.06592	15.70694	9.846161	14.06592	11.01831	6.798523	2.578735	4.923096	5.157501	2.109863	3.750916	2.344299	4.923065	3.516479	2.344299	3.047607	2.578766	2.813183	3.985352	2.34433	
RotateInverse	
ChildRotateInverse	140.3729	18.05126	43.60435	53.68493	23.20877	2.813173	5.157495	5.391932	2.109873	2.109873	4.219768	2.578751	
Docking x	10.03944	3.627004	2.923838	4.539951	2.561859	7.898608	3.040432	3.227578	3.702328	2.139176	2.050917	4.705515	2.404503	5.091478	5.893597	2.4732	
Docking y	80.49906	2.655434	5.763374	2.051155	3.713539	9.889008	4.424358	2.414352	2.29731	2.083878	2.793743	7.088251	6.071657	2.11088	3.920616	7.173395	7.211391	2.343005	2.132261	2.359182	
Docking z	45.76847	4.854652	13.68547	22.29544	5.208855	2.239708	2.976761	2.930946	3.009583	3.116287	9.302704	7.900932	10.59438	27.10003	34.6125	3.76886	9.404709	5.015911	2.987971	5.349456	4.019422	2.696579	2.236889	
Total MV Amount	1218.296


Angle TRE instances
Rotate	28	
ChildRotate	38	59	60	
RotateInverse	1	
ChildRotateInverse	37	
Docking x	16	19	22	24	35	45	50	53	
Docking y	40	46	51	
Docking z	27	34	40	41	43	
Total TRE Count	21


Correct Angles	Rotate	ChildRotate	RotateInverse	ChildRotateInverse	Docking x	Docking y	Docking z
	-1.876733E-16	-3.551496E-34	0	2.196463E-16	0	0	0

Angle Error	Rotate	ChildRotate	RotateInverse	ChildRotateInverse	Docking x	Docking y	Docking z
	1.823394	1.920733E-05	0	0.05181885	6.211476	1.628967	0.8675842

Time Taken	Hours	Minutes	Seconds	Milliseconds	Seconds float	Completion time
	0	0	3	652	3.651739	00h:00m:03s:652ms

Final Results	Tester Name	Time of Test	Dock Shape Style	Virtual Device Visible	Time Taken	Shape Precision %	Orientation Precision %	Overall Precision %	Efficiency %	Difficulty	Total MV	Total TRE	
	1	2018-11-14_10:31:59	ZEROING DATA	True	00h:00m:03s:652ms	99.73955	99.53767	99.16006	100	4.525773E-19	1218.296	21	
