
Angles Over Time
Frames	Rotate	ChildRotate	RotateInverse	ChildRotateInverse	Docking x	Docking y	Docking z	
0	-60.09811	-68.92303	0	45.63083	-23.42963	131.8482	-52.37494	
1	-59.86368	-70.32962	0	48.20958	-23.26685	131.8749	-52.01187	
2	-61.73914	-69.62634	0	46.803	-23.14081	131.9324	-51.75485	
3	-60.80139	-69.15747	0	45.63083	-23.18588	131.9559	-51.75171	
4	-60.09808	-68.6886	0	45.63083	-23.32962	131.9057	-51.79785	
5	-59.39481	-68.92303	0	45.63083	-23.42706	131.8951	-51.70569	
6	-60.33252	-68.92303	0	45.86527	-23.73242	131.6066	-51.80539	
7	-60.09808	-70.32965	0	49.85061	-24.67715	130.5678	-52.03885	
8	-62.44241	-69.15747	0	43.05208	-27.4935	127.6015	-53.24084	
9	-60.56696	-68.92303	0	40.2389	-31.03687	123.3882	-54.12024	
10	-59.39481	-54.62268	0	39.77003	-37.70432	115.1124	-54.79306	
11	-54.70618	-22.97437	0	40.2389	-44.26828	93.0535	-47.1088	
12	-54.94061	1.640998	0	40.00446	-42.02524	66.38748	-34.23853	
13	-54.94061	-1.17218	0	40.70776	-35.42657	56.59219	-26.04382	
14	-56.81604	0.468841	0	31.09605	-29.22903	50.17658	-21.19727	
15	-55.87833	0.234405	0	13.04479	-25.46863	44.55043	-10.13742	
16	-55.87833	0.234405	0	0.3854586	-22.75723	40.61766	-0.391571	
17	-56.11276	-11.01834	0	-0.5522766	-19.74109	34.2806	2.685509	
18	-51.65854	-17.81686	0	1.792052	-17.92114	27.33118	4.302543	
19	-41.57797	-29.53845	0	1.792052	-16.10852	17.07717	0.817547	
20	-2.19339	-7.267426	0	-0.3178406	-13.61462	12.71182	7.933305	
21	-1.02124	1.640997	0	-0.08340454	-12.09207	12.05149	15.15908	
22	0.8542157	2.109861	0	0.1510305	-15.3605	9.71288	13.39396	
23	0.8542157	1.406568	0	-0.3178406	-15.70978	10.00022	13.12726	
24	1.088652	-2.578766	0	6.24626	-15.95657	10.55653	14.48446	
25	-2.662262	-2.523964E-05	0	-0.3178406	-15.92697	9.835793	11.05269	
26	-0.3179321	1.875433	0	29.45503	-13.49289	7.212654	8.291232	
27	-0.7868042	0.4688393	0	31.56492	-5.365906	4.8952	7.162207	
28	-0.3179321	0.7032678	0	30.15833	-1.143677	3.281876	7.358672	
29	-0.3179321	1.640997	0	15.38911	-2.593658	1.23058	6.622016	
30	-0.08352661	-0.9377441	0	1.792057	-4.192444	-0.8763428	5.287867	
31	-1.724548	0.4688396	0	0.6198997	-1.549377	-3.837158	4.788889	
32	-0.7868042	1.875433	0	0.6198997	3.048429	-5.012207	1.625236	
33	0.3853516	0.2344038	0	-0.08340454	3.794714	-4.628479	0.08561158	
34	-0.08352661	0.7032682	0	0.3854636	4.210489	-3.786346	-0.4006958	
35	-0.5523682	-2.578766	0	4.839672	5.076967	-2.414337	-1.776947	
36	-4.068848	-0.7033081	0	2.729786	6.28853	-0.4900208	-3.165436	
37	-2.19339	0.4688398	0	0.1510355	8.767684	1.494962	-4.012787	
38	-0.3179321	1.640997	0	-0.08340454	11.84551	2.446313	-5.036194	
39	1.32308	0.7032681	0	0.3854638	10.99966	2.379966	-5.395477	
40	0.6197875	1.875433	0	-0.08340454	9.975293	1.900958	-5.420288	
41	1.088652	-0.9377441	0	2.026486	9.617229	3.323461	-6.727844	
42	-1.958954	-2.465189E-05	0	-0.08340454	9.012156	7.076335	-9.258911	
43	-0.08352661	0.4688398	0	-0.3178406	9.148739	8.934438	-10.64825	
44	-0.08352661	-2.465251E-05	0	-0.3178406	9.187064	10.84556	-12.19727	
45	-0.08352661	-2.465251E-05	0	-0.08340454	9.18969	12.63362	-13.45563	
46	-0.3179321	-3.282074	0	2.729786	9.238153	14.15936	-14.49777	
47	-3.36557	-0.9377441	0	2.49535	9.213412	15.54636	-15.39221	
48	-2.427826	0.7032682	0	-0.08340454	9.353943	18.1273	-17.2251	
49	-0.08352661	-2.459889E-05	0	-0.08340454	9.133037	18.73994	-17.77744	
50	0.150923	0.7032682	0	0.3854637	9.117662	18.79738	-18.23358	
51	-0.5523682	-2.459889E-05	0	-0.3178406	9.070504	18.43604	-18.27832	
52	-0.08352661	-3.282074	0	4.839672	7.53747	16.12593	-17.62827	
53	-3.834412	-0.7033081	0	1.792057	5.634845	14.84829	-16.50739	
54	-1.490112	0.7032682	0	0.1510351	5.130923	14.70256	-16.0448	
55	-0.3179321	1.640997	0	0.854328	4.313862	13.68313	-14.00311	
56	0.3853512	1.406569	0	-0.3178406	1.734756	13.2965	-10.79041	
57	1.088652	1.406569	0	-0.3178406	-1.79303	13.35519	-7.157318	
58	1.088652	-1.17218	0	4.370808	-3.504974	12.80992	-4.060577	
59	-2.19339	-2.458156E-05	0	-0.08340454	-4.203735	11.77822	-2.210358	
60	-0.08352661	1.875433	0	0.8543282	-5.309265	10.4042	0.4838332	
61	-0.7868042	0.7032684	0	-0.08340454	-6.533539	8.775528	2.849557	
62	-0.3179321	1.875433	0	-0.08340454	-6.426453	6.840649	4.347525	
63	0.1509225	1.875433	0	0.3854636	-3.96817	3.943107	3.728314	
64	0.619787	-0.9377441	0	1.792057	-1.376862	1.626699	2.017379	
65	-1.958954	0.234404	0	-0.5522766	0.963251	0.4208621	-0.2985535	
66	-0.08352661	0.7032684	0	0.1510354	2.159309	-0.08413696	-1.735687	
67	-0.3179321	0.4688399	0	0.1510354	2.30126	0.145578	-2.65152	
68	-0.5523682	0.7032683	0	-0.08340454	2.404159	0.6974356	-3.231445	
69	-0.08352661	-4.219788	0	4.13638	2.432942	1.072482	-3.549744	
70	-4.53772	-1.875488	0	1.557629	2.314637	1.578815	-3.777924	
71	-1.490112	-2.475612E-05	0	-0.3178406	2.428588	2.3276	-4.476532	


Angle MV instances
Rotate	60.09811	2.34433	4.688629	4.454224	10.08057	39.38458	2.34433	3.516479	3.047638	2.344299	3.750885	2.344299	2.109863	4.454193	3.047607	
ChildRotate	68.92303	14.30035	31.64832	24.61536	11.25275	6.798523	11.72159	22.27103	8.908422	2.578741	3.282049	2.34433	3.282049	2.578766	4.923056	2.344299	
RotateInverse	
ChildRotateInverse	45.63083	2.578751	3.98534	6.798531	2.813183	9.611712	18.05126	12.65933	6.564101	6.564101	29.77287	2.10989	14.76922	13.59705	4.454208	2.109886	2.578751	2.813191	2.578754	5.157513	3.047616	4.688649	4.454213	4.219785	2.578751	
Docking x	23.42963	2.816345	3.543365	6.66745	6.563965	2.243042	6.598663	6.19754	3.760406	2.711395	3.016144	2.493896	3.268433	2.434082	8.126984	4.222229	2.643066	2.479154	3.077827	2.579106	2.458282	2.591309	
Docking y	131.8482	2.96624	4.213333	8.275787	22.05891	26.66602	9.795292	6.415607	5.626156	3.932766	6.337063	6.949419	10.25401	4.365355	2.338614	2.623139	2.317454	2.051297	2.960815	3.752874	2.580935	2.310112	2.897542	2.316409	
Docking z	52.37494	7.684265	12.87027	8.194702	4.846558	11.05984	9.74585	3.07708	3.484996	7.115758	7.22578	3.431773	2.761456	3.163653	2.531067	2.041687	3.212708	3.633087	3.096741	2.365724	
Total MV Amount	1117.663


Angle TRE instances
Rotate	21	
ChildRotate	13	17	21	
RotateInverse	1	
ChildRotateInverse	17	24	25	26	30	
Docking x	29	35	55	60	63	
Docking y	28	32	33	42	63	
Docking z	17	20	31	38	58	
Total TRE Count	24


Correct Angles	Rotate	ChildRotate	RotateInverse	ChildRotateInverse	Docking x	Docking y	Docking z
	-5.967558E-19	-1.21332E-39	0	0	0	0	0

Angle Error	Rotate	ChildRotate	RotateInverse	ChildRotateInverse	Docking x	Docking y	Docking z
	0.08352661	0.4688397	0	0.1510359	2.553992	2.700264	4.83194

Time Taken	Hours	Minutes	Seconds	Milliseconds	Seconds float	Completion time
	0	0	4	234	4.234118	00h:00m:04s:234ms

Final Results	Tester Name	Time of Test	Dock Shape Style	Virtual Device Visible	Time Taken	Shape Precision %	Orientation Precision %	Overall Precision %	Efficiency %	Difficulty	Total MV	Total TRE	
	1	2018-11-14_10:26:01	ZEROING DATA	True	00h:00m:04s:234ms	99.90231	98.60515	99.14368	100	6.63062E-22	1117.663	24	
