
Angles Over Time
Frames	Rotate	ChildRotate	RotateInverse	ChildRotateInverse	Docking x	Docking y	Docking z	
0	-81.75537	-47.82413	0	90.31776	87.07605	120.6082	29.19359	
1	-82.45868	-46.65198	0	89.61446	87.10984	122.562	31.23096	
2	-81.75537	-46.65198	0	89.38004	87.1089	125.2635	33.99635	
3	-81.52094	-45.94867	0	89.61446	87.12628	126.5545	35.1982	
4	-81.75537	-45.94867	0	89.61446	87.15475	125.9641	34.46079	
5	-81.52094	-45.94867	0	89.61446	87.70357	118.0336	26.35011	
6	-81.52094	-42.90106	0	90.08333	88.84546	-0.4645386	-92.07083	
7	-81.98981	-29.30402	0	89.61446	86.10962	-38.21213	-131.2345	
8	-81.75537	-23.67764	0	87.50457	81.71047	-32.07034	-128.0951	
9	-81.52094	-23.44321	0	81.1749	76.87933	-17.02829	-111.1767	
10	-81.7554	-23.44321	0	73.20422	75.48448	-7.232574	-96.90118	
11	-81.52097	-29.53845	0	58.66943	75.83216	7.954199	-72.45096	
12	-82.22424	-63.29666	0	14.59622	74.29374	25.84769	-45.54807	
13	-68.86163	-80.64462	0	24.20793	72.92711	34.74003	-33.50995	
14	-60.89093	-82.52008	0	31.00646	72.70046	49.47852	-16.93365	
15	-60.18765	-82.05121	0	32.88191	71.76852	66.88317	-0.4116516	
16	-60.42209	-72.90839	0	33.58521	68.32077	62.36402	-1.416168	
17	-60.42209	-71.03293	0	31.70976	61.70071	53.5344	-4.037781	
18	-61.3598	-69.62634	0	33.11635	56.71356	47.80736	-6.028503	
19	-60.89096	-69.86078	0	33.81964	51.79283	39.5253	-9.09082	
20	-56.2023	-69.86078	0	32.41304	51.49189	35.38374	-8.866089	
21	-54.79572	-69.86078	0	29.8343	53.79849	34.11614	-7.506592	
22	-54.09241	-70.79849	0	33.58521	53.70741	31.12421	-5.551758	
23	-55.26459	-70.32962	0	30.77202	49.31903	28.79391	-0.6355286	
24	-54.56128	-69.86078	0	27.72441	43.17345	27.06324	3.400002	
25	-54.32684	-69.15747	0	20.22259	41.75666	22.34048	3.678154	
26	-43.54297	-69.86078	0	16.70611	43.22096	19.10269	2.652666	
27	-26.89832	-69.39191	0	41.32146	46.00962	22.49264	9.375794	
28	-5.565002	-70.32965	0	27.02111	35.23533	17.01016	9.342129	
29	-7.206024	-69.86078	0	21.86361	31.42469	15.35351	8.337422	
30	-6.26828	-69.86078	0	14.59621	28.87215	14.67079	5.453261	
31	-6.502716	-71.73621	0	6.391096	28.59207	13.94835	3.787941	
32	-5.799438	-71.73621	0	-1.345154	26.59047	11.9212	7.686491	
33	-0.8763428	-61.18677	0	1.936888	24.46631	8.570408	11.01664	
34	-3.220673	-12.19049	0	0.2958666	24.06227	7.718078	8.651498	
35	-1.579651	0.7032697	0	-1.110718	21.93243	4.333163	-2.357483	
36	1.23353	2.109863	0	-0.4074402	21.35424	1.679726	-5.465393	
37	1.702394	1.875427	0	-1.345154	20.22097	0.06991295	-7.884308	
38	1.936823	1.172134	0	-1.345154	16.87124	-0.5489197	-6.110046	
39	2.405687	-2.34436	0	2.640181	8.745996	-3.217957	-1.327698	
40	-0.4075012	0.70327	0	-1.345154	8.108469	-4.555695	0.6265747	
41	1.23353	0.4688338	0	-1.345154	6.457619	-5.401184	2.630295	
42	1.936823	1.875427	0	-0.6418762	2.57506	-5.026245	5.746054	
43	0.7646655	1.875427	0	-1.345154	-1.430878	-4.695007	8.585428	
44	2.171259	1.406563	0	-1.110718	-2.61142	-3.381134	5.933111	
45	2.171259	-0.9377441	0	0.06143035	-4.128082	-2.213593	1.606489	
46	-0.1730652	0.9376983	0	-0.6418762	-3.777649	-0.9158936	0.5842578	
47	0.9990937	0.7032701	0	-1.345154	-2.034515	0.2615654	-1.085449	
48	1.23353	0.9376983	0	-0.6418762	-0.2481079	1.01403	-3.003784	
49	0.7646654	0.9376983	0	-1.345154	0.9681355	1.412117	-4.049377	
50	0.9990936	-2.34433	0	2.874617	1.657559	1.864615	-4.418945	
51	-1.814087	-3.03763E-05	0	0.9991595	0.7055449	1.799726	-3.79361	
52	-0.1730652	0.9376984	0	-0.8763123	0.5799135	1.262997	-3.24469	
53	0.9990934	1.875427	0	-1.345154	0.6061983	0.931286	-3.095734	
54	2.171258	1.640999	0	-0.8763123	0.7244649	0.6212718	-2.65976	
55	1.702394	2.109863	0	-1.110718	0.9753131	0.4758329	-2.268219	
56	2.171258	-0.4689026	0	0.530295	1.205093	0.4736102	-2.006989	
57	-0.1730652	0.7032701	0	-1.110718	1.540682	0.3591816	-1.380737	


Angle MV instances
Rotate	81.75537	13.36261	7.970703	4.68866	10.78387	16.64465	21.33331	4.923096	2.34433	
ChildRotate	47.82413	3.047607	13.59705	5.626373	6.095245	33.75821	17.34796	9.142822	10.54944	48.99628	12.89376	2.3443	
RotateInverse	
ChildRotateInverse	90.31776	2.109886	6.329666	7.970688	14.53478	44.07322	9.611718	6.798523	2.578747	3.750912	2.813189	3.047613	7.501818	3.516481	24.61536	14.30035	5.157503	7.267396	8.205116	7.736249	
Docking x	87.07605	2.73584	4.399147	4.831146	3.447746	6.620064	4.987144	4.920731	2.306599	4.388386	6.14558	2.788658	10.77429	3.810642	2.55254	2.001604	2.124155	2.129841	3.349735	8.12524	3.882559	
Docking y	120.6082	2.701546	7.930466	118.4981	37.74759	6.141785	15.04205	9.795715	17.89349	8.892336	14.73849	17.40466	4.51915	8.829624	5.727036	8.282059	4.14156	2.991926	2.330299	4.722755	3.237795	3.38995	5.482477	2.027153	3.350788	3.384915	2.653436	2.669037	
Docking z	29.19359	2.037369	2.765388	8.110682	118.4209	39.16364	3.139328	16.9184	14.27556	24.45023	26.90289	12.03812	16.57629	16.522	2.621613	3.062317	4.916229	4.035531	6.723128	2.884161	3.898551	3.330148	2.365141	11.00898	3.10791	2.418915	4.782349	2.00372	3.115759	2.839375	2.652317	4.326622	
Total MV Amount	1666.406


Angle TRE instances
Rotate	34	
ChildRotate	36	
RotateInverse	1	
ChildRotateInverse	33	
Docking x	43	
Docking y	35	41	43	
Docking z	16	18	23	27	31	32	35	36	39	42	45	
Total TRE Count	18


Correct Angles	Rotate	ChildRotate	RotateInverse	ChildRotateInverse	Docking x	Docking y	Docking z
	-3.861185E-15	-9.300969E-32	0	3.861185E-15	0	0	0

Angle Error	Rotate	ChildRotate	RotateInverse	ChildRotateInverse	Docking x	Docking y	Docking z
	1.233529	0.9376984	0	0.4074402	1.68662	0.3678539	1.316467

Time Taken	Hours	Minutes	Seconds	Milliseconds	Seconds float	Completion time
	0	0	3	417	3.417258	00h:00m:03s:417ms

Final Results	Tester Name	Time of Test	Dock Shape Style	Virtual Device Visible	Time Taken	Shape Precision %	Orientation Precision %	Overall Precision %	Efficiency %	Difficulty	Total MV	Total TRE	
	1	2018-11-14_10:38:49	ZEROING DATA	True	00h:00m:03s:417ms	99.64185	99.68809	99.52781	100	8.580411E-18	1666.406	18	
