
Angles Over Time
Frames	Rotate	ChildRotate	RotateInverse	ChildRotateInverse	Docking x	Docking y	Docking z	
0	-4.694733	-126.1244	0	134.0891	86.31677	2.571393	126.3331	
1	-2.115997	-125.89	0	132.6825	86.31847	2.767106	126.4553	
2	-2.350433	-126.5933	0	134.0891	86.3035	3.362571	127.0592	
3	-2.350433	-126.3588	0	133.6202	86.25039	5.063801	128.759	
4	-2.584839	-122.1391	0	133.1513	86.20713	5.585664	129.1019	
5	-4.225891	-124.9522	0	133.1513	86.19404	5.656081	129.0344	
6	-3.288147	-127.0621	0	135.2612	86.09089	7.593537	130.8004	
7	-2.584839	-128.7032	0	135.4957	85.89983	10.7669	133.258	
8	-1.881561	-129.4064	0	134.7923	86.03706	10.90141	131.1904	
9	-2.115997	-127.0621	0	135.2612	86.07983	13.52281	128.2303	
10	-2.350433	-121.4358	0	129.8693	85.65833	22.65726	122.2887	
11	-4.460297	-126.8277	0	134.7924	85.34714	38.27954	122.1569	
12	-2.350433	-128.7032	0	134.7924	84.60612	14.27364	82.42146	
13	-2.350433	-127.9999	0	135.2612	79.72467	-22.36115	35.49285	
14	-2.584839	-129.4064	0	135.4957	69.76427	-38.12305	14.37955	
15	-2.819275	-129.4064	0	135.9645	61.06398	-38.61246	14.4779	
16	-2.115997	-126.3588	0	133.8546	53.77727	-48.77939	5.120467	
17	-3.757019	-122.8424	0	135.7301	45.63238	-42.64822	6.830426	
18	-2.584839	-103.3845	0	135.9645	41.27657	-37.47278	3.894509	
19	-1.881561	-81.81677	0	135.9645	36.1888	-34.67886	-2.729675	
20	-3.053711	-50.40286	0	136.199	32.20671	-29.16177	-5.880188	
21	-3.053711	-7.032959	0	133.1513	31.68159	-26.73544	-12.37842	
22	-5.163605	3.516491	0	134.5579	32.13881	-26.2128	-19.20343	
23	-0.006103516	3.985356	0	115.5689	29.45789	-24.56888	-15.07898	
24	-0.4749756	4.45422	0	89.07813	26.01075	-23.69391	-10.92163	
25	0.6971949	4.688648	0	63.29062	22.77013	-23.63702	-9.492157	
26	0.6971949	4.688648	0	13.12217	21.70396	-22.49277	-6.356659	
27	0.931631	2.578762	0	33.75217	21.92399	-20.31732	0.6818772	
28	-2.819275	4.219784	0	31.87673	20.8786	-17.10831	-0.5188904	
29	-1.647125	3.985356	0	30.47013	21.1562	-14.66492	0.211889	
30	-1.647125	1.875462	0	30.47013	18.13464	-13.81924	0.1346419	
31	-1.881561	2.109898	0	23.20274	14.85623	-12.8985	0.3316563	
32	-1.647125	0.2344402	0	1.869423	8.957065	-11.47791	-0.001633067	
33	-4.694733	2.344326	0	-0.474884	4.792019	-8.836395	1.740341	
34	-2.584839	3.75092	0	-2.350342	4.519304	-8.710602	1.673871	
35	-1.412689	4.688648	0	-2.115906	1.440362	-8.781067	2.330383	
36	-0.2405396	4.45422	0	-2.350342	1.421906	-8.793152	2.229525	
37	-0.2405396	4.923084	0	-1.8815	1.718548	-8.74881	2.205886	
38	-0.4749756	2.344326	0	-0.474884	1.583216	-8.755646	2.121423	
39	-2.350433	3.516491	0	-2.350342	1.570007	-8.783112	2.045706	
40	-1.178253	3.75092	0	-2.115906	1.468031	-8.829712	1.965672	
41	-1.178253	3.75092	0	-2.115906	1.479432	-8.765076	1.869518	
42	-1.412689	3.75092	0	-2.115906	1.510854	-7.631287	1.964376	
43	-1.178253	0.7033048	0	-0.7093201	1.062567	-5.606842	1.888086	
44	-3.991455	2.344326	0	-0.474884	0.7895068	-1.599396	1.863058	
45	-2.115997	3.516491	0	-2.350342	0.6761277	3.147442	1.773078	
46	-0.9438171	4.219784	0	-2.350342	0.5164897	7.414605	1.69226	
47	-0.2405396	4.688649	0	-1.647064	0.5942381	9.595369	1.610214	
48	-0.4749756	3.75092	0	-2.350342	0.7092823	10.0216	1.501161	
49	-1.412689	-0.234436	0	2.572724	1.285088	8.068033	1.165032	
50	-4.694733	3.75092	0	-1.8815	1.233606	5.429854	1.183971	
51	-1.412689	3.75092	0	-1.647064	1.054445	2.133322	1.296923	
52	-1.178253	3.282056	0	-2.350342	0.9605916	-0.3291016	1.37906	
53	-0.2405396	4.45422	0	-2.350342	0.7303595	-1.23761	1.412545	
54	-0.2405396	4.688649	0	-1.8815	0.5975056	-1.366241	1.352068	
55	-0.7094116	2.344327	0	-0.474884	0.6206717	-1.401154	1.323863	
56	-2.350433	3.750919	0	-2.584778	0.6941075	-1.63916	1.239868	
57	-0.9438171	3.750919	0	-1.647064	0.6851521	-1.664734	1.24636	
58	-1.412689	3.282055	0	-2.350342	0.6867301	-1.598206	1.230056	
59	-1.178253	3.516491	0	-2.350342	0.6472683	-1.41861	1.196973	
60	-1.178253	0.9377407	0	0.2284009	0.6892418	-2.575043	1.181938	
61	-3.991455	2.344326	0	-0.2404785	0.7184584	-3.507111	1.11402	
62	-2.115997	4.688648	0	-2.350342	0.5816556	-3.306122	0.9808261	
63	-0.2405396	4.45422	0	-2.350342	0.5386398	-3.26001	0.9396922	
64	-0.2405396	4.688648	0	-1.8815	0.4168051	-3.2052	0.9659522	
65	-0.4749756	4.688648	0	-1.647064	0.2942567	-2.721436	0.9816968	
66	-0.4749756	2.578763	0	-0.474884	0.2975272	-2.184143	0.9797771	
67	-2.584839	3.516491	0	-2.584778	0.2889595	-1.53952	0.9418396	
68	-0.9438171	3.516491	0	-2.115906	0.2850968	-0.9515991	0.9298006	
69	-1.178253	3.282055	0	-2.584778	0.2761326	-0.6884155	0.901769	
70	-1.178253	3.75092	0	-2.115906	0.2673764	-0.5710144	0.8909208	
71	-1.412689	0.2344405	0	2.103859	0.2708803	-0.58078	0.8752126	
72	-4.225891	3.282056	0	-2.350342	0.2646492	-0.5810852	0.8655989	
73	-0.9438171	3.75092	0	-1.8815	0.274261	-0.5809631	0.8593649	
74	-1.178253	3.75092	0	-2.115936	0.26803	-0.5812378	0.8497511	
75	-1.178253	3.75092	0	-1.647064	0.2714105	-0.5813904	0.8339035	
76	-1.412689	0.937741	0	0.4628288	0.2651794	-0.581665	0.8242899	
77	-4.225891	3.75092	0	-1.8815	0.2651794	-0.581665	0.8242899	
78	-1.178253	3.75092	0	-2.115936	0.1859642	-0.5836487	0.8073922	
79	-1.178253	3.75092	0	-1.8815	0.1797328	-0.5838928	0.7977788	
80	-1.412689	3.75092	0	-1.647064	0.1797328	-0.5838928	0.7977788	
81	-1.412689	0.9377412	0	-0.2404785	0.1797328	-0.5838928	0.7977788	
82	-3.757019	3.282056	0	-2.350342	0.1797328	-0.5838928	0.7977788	
83	-0.9438171	3.75092	0	-1.647064	0.1797328	-0.5838928	0.7977788	
84	-1.412689	3.75092	0	-2.115936	0.1797328	-0.5838928	0.7977788	
85	-0.9438171	3.75092	0	-2.350342	0.1797328	-0.5838928	0.7977788	
86	-0.9438171	0.9377415	0	0.4628286	0.1797328	-0.5838928	0.7977788	
87	-3.757019	3.985357	0	-1.647064	0.1797328	-0.5838928	0.7977788	
88	-1.647125	3.985357	0	-1.8815	0.1797328	-0.5838928	0.7977788	
89	-1.178253	3.516492	0	-2.350342	0.1797328	-0.5838928	0.7977788	
90	-0.9438171	3.750921	0	-2.350342	0.1797328	-0.5838928	0.7977788	
91	-0.7094116	1.17217	0	0.6972647	0.1797328	-0.5838928	0.7977788	
92	-4.225891	3.750921	0	-1.8815	0.1797328	-0.5838928	0.7977788	
93	-1.178253	3.750921	0	-2.350342	0.1797328	-0.5838928	0.7977788	
94	-0.9438171	3.516492	0	-2.350342	0.1797328	-0.5838928	0.7977788	
95	-0.9438171	3.282056	0	-2.350342	0.1670078	-0.2758484	0.7847145	
96	-0.7094116	0.9377416	0	0.6972649	0.1670078	-0.2758484	0.7847145	


Angle MV instances
Rotate	4.694733	2.578735	2.109863	2.109863	2.109894	5.157501	3.047607	2.109894	2.813202	3.282043	3.282043	2.813202	2.109863	2.813202	3.282074	2.813202	3.047638	2.34433	2.813202	2.813202	2.109894	3.516479	3.047638	
ChildRotate	126.1244	4.219772	2.813187	2.109894	2.344315	5.626373	5.391937	3.047607	3.516479	19.45784	21.56775	31.41391	43.3699	10.54945	2.109886	2.109894	2.109886	2.578758	3.047615	3.985356	3.985356	2.344322	2.578751	2.344322	2.109885	3.516479	3.047615	2.813179	2.813179	2.813179	2.344315	2.813179	3.047616	2.57875	2.57875	2.344315	
RotateInverse	
ChildRotateInverse	134.0891	2.109879	5.391922	4.923065	2.109894	3.047623	18.98899	26.49081	25.78751	50.16846	20.63001	7.267389	21.33331	2.109894	2.578743	2.109863	2.109894	2.109863	
Docking x	86.31677	4.881454	9.960403	8.700287	7.286709	8.144894	4.355808	5.087769	3.982094	2.680916	3.447138	3.240622	3.021564	3.278409	5.899162	4.165046	3.078942	
Docking y	2.571393	3.173363	2.621397	9.134446	15.62229	24.0059	36.63478	15.7619	10.16693	6.131165	5.175446	2.793915	5.51709	2.426331	2.175446	3.209015	2.44339	2.64151	2.024445	4.007446	4.267163	2.180764	2.638179	3.296532	
Docking z	126.3331	2.457611	2.067566	2.960144	5.941597	39.73545	46.92862	21.1133	9.357435	2.935917	3.150513	6.49823	6.825012	4.124451	4.157349	3.135498	7.038536	
Total MV Amount	1374.651


Angle TRE instances
Rotate	1	22	23	
ChildRotate	23	
RotateInverse	1	
ChildRotateInverse	33	
Docking x	34	
Docking y	1	3	44	46	51	
Docking z	19	20	27	
Total TRE Count	12


Correct Angles	Rotate	ChildRotate	RotateInverse	ChildRotateInverse	Docking x	Docking y	Docking z
	0	0	0	4.335996E-26	0	0	0

Angle Error	Rotate	ChildRotate	RotateInverse	ChildRotateInverse	Docking x	Docking y	Docking z
	4.225891	3.750921	0	2.584778	0.1670078	0.2758484	0.7847145

Time Taken	Hours	Minutes	Seconds	Milliseconds	Seconds float	Completion time
	0	0	5	742	5.741746	00h:00m:05s:742ms

Final Results	Tester Name	Time of Test	Dock Shape Style	Virtual Device Visible	Time Taken	Shape Precision %	Orientation Precision %	Overall Precision %	Efficiency %	Difficulty	Total MV	Total TRE	
	0	2018-11-21_12:58:52	ZEROING DATA	True	00h:00m:05s:742ms	98.53311	99.8036	99.06435	100	4.817774E-29	1374.651	12	
