
Angles Over Time
Frames	Rotate	ChildRotate	RotateInverse	ChildRotateInverse	Docking x	Docking y	Docking z	
0	0.9456558	1.406704	0	-3.273865	0	0	0	
1	0	0.234436	0	0	0	0	0	
2	0	0.234436	0	0	0	0	0	
3	0	0.234436	0	0	0	0	0	
4	0	0.234436	0	0	0	0	0	
5	0.2344284	0	0	0	0	0	0	
6	0	0.234436	0	0	0	0	0	
7	0.2344284	0.234436	0	0	0	0	0	
8	0	0	0	0	0.02399061	0.0002135457	-0.009002686	
9	0	0	0	0	0.1133572	0.0009584008	-0.00420222	
10	0.2344284	0.234436	0	0	0.2036019	-0.03067017	0.01669384	
11	0	0	0	0	0.3037882	-0.02972412	0.09403629	
12	0	0.234436	0	0	0.3199817	-0.02957153	0.09343208	
13	0	0.234436	0	0	0.3199817	-0.02957153	0.09343208	
14	0	0.234436	0	0	0.3199817	-0.02957153	0.09343208	
15	0	0	0	0	0.3199817	-0.02957153	0.09343208	
16	0	0	0	0	0.3199817	-0.02957153	0.09343208	
17	0	0	0	0	0.3115825	-0.02966309	0.08563721	
18	0	0.234436	0	0	0.2959939	-0.02978516	0.1024353	
19	0	0	0	0	0.2791954	-0.02993774	0.08684579	
20	0	-0.234436	0	0	0.2791954	-0.02993774	0.08684579	
21	0.2344284	0.234436	0	0	0.2791954	-0.02993774	0.08684579	
22	0	-2.668037E-08	0	0	0.2791954	-0.02993774	0.08684579	
23	0.2344284	-2.668037E-08	0	0	0.3037882	-0.02972412	0.09403629	
24	0.2344284	-2.668037E-08	0	0	0.3037882	-0.02972412	0.09403629	
25	0	-2.668037E-08	0	0	0.3199817	-0.02957153	0.09343208	
26	0	0.234436	0	0	0.3199817	-0.02957153	0.09343208	
27	0	0.234436	0	0	0.3199817	-0.02957153	0.09343208	
28	0	-2.668037E-08	0	0	0.3199817	-0.02957153	0.09343208	
29	0	-2.668037E-08	0	0	0.3115825	-0.02966309	0.08563721	
30	0	0.234436	0	0	0.3115825	-0.02966309	0.08563721	
31	0	-2.668037E-08	0	0	0.3199817	-0.02957153	0.09343208	
32	0	-2.668037E-08	0	0	0.3199817	-0.02957153	0.09343208	
33	0	-2.668037E-08	0	0	0.3199817	-0.02957153	0.09343208	
34	0	-2.668037E-08	0	0	0.3199817	-0.02957153	0.09343208	
35	-0.234436	-2.668037E-08	0	0	0.3199817	-0.02957153	0.09343208	
36	0	-2.668037E-08	0	0	0.3199817	-0.02957153	0.09343208	
37	0	-2.668037E-08	0	0	0.3199817	-0.02957153	0.09343208	
38	0	-2.668037E-08	0	0	0.3199817	-0.02957153	0.09343208	
39	0	-2.668037E-08	0	0	0.3199817	-0.02957153	0.09343208	
40	0.2344284	-2.668037E-08	0	0	0.3199817	-0.02957153	0.09343208	
41	0	-2.668037E-08	0	0	0.3199817	-0.02957153	0.09343208	
42	0	-0.234436	0	0	0.3199817	-0.02957153	0.09343208	
43	0	-2.668037E-08	0	0	0.3199817	-0.02957153	0.09343208	
44	0	-2.668037E-08	0	0	0.3199817	-0.02957153	0.09343208	
45	0	-2.668037E-08	0	0	0.3199817	-0.02957153	0.09343208	
46	0	-0.234436	0	0	0.3199817	-0.02957153	0.09343208	
47	0	-2.668037E-08	0	0	0.3199817	-0.02957153	0.09343208	
48	0	-2.668037E-08	0	0	0.3277761	-0.0295105	0.08503304	
49	0	-2.668037E-08	0	0	0.3277761	-0.0295105	0.08503304	
50	-0.234436	-2.668037E-08	0	0	0.3277761	-0.0295105	0.08503304	
51	0	-2.668037E-08	0	0	0.3277761	-0.0295105	0.08503304	
52	-0.234436	0.234436	0	0	0.3277761	-0.0295105	0.08503304	
53	0	-2.668037E-08	0	0	0.3277761	-0.0295105	0.08503304	
54	0	-2.668037E-08	0	0	0.3277761	-0.0295105	0.08503304	
55	-0.234436	-0.234436	0	0.234436	0.3277761	-0.0295105	0.08503304	
56	-0.234436	-0.234436	0	0.234436	0.3277761	-0.0295105	0.08503304	
57	-0.234436	-2.668037E-08	0	0.234436	0.3277761	-0.0295105	0.08503304	
58	-0.234436	-2.668037E-08	0	0	0.3277761	-0.0295105	0.08503304	
59	0	-2.668037E-08	0	0	0.3277761	-0.0295105	0.08503304	
60	0	-2.668037E-08	0	0	0.3277761	-0.0295105	0.08503304	
61	-0.234436	-2.668037E-08	0	0	0.3277761	-0.0295105	0.08503304	
62	-0.234436	-2.668037E-08	0	0	0.3523687	-0.02926636	0.09222376	
63	-0.234436	0.234436	0	0	0.3685623	-0.02911377	0.09161966	
64	0.2344284	-1.641022	0	1.406593	0.3523687	-0.02926636	0.09222376	
65	-1.641022	-1.406586	0	2.813187	0.3769615	-0.02902222	0.09941459	
66	-1.641022	-1.17215	0	1.875458	0.3685623	-0.02911377	0.09161966	
67	-1.875458	-1.641022	0	2.344322	0.3847558	-0.02896118	0.09101562	
68	-2.109894	-2.578735	0	2.813187	0.3847558	-0.02896118	0.09101562	
69	-2.578766	-2.578735	0	3.047623	0.3847558	-0.02896118	0.09101562	
70	-2.578766	-3.047607	0	4.219779	0.3847558	-0.02896118	0.09101562	
71	-4.219788	-2.34433	0	4.219779	0.3847558	-0.02896118	0.09101562	
72	-2.34433	-5.626373	0	7.501824	0.4009493	-0.02880859	0.09041159	
73	-6.564087	-5.626373	0	6.564103	0.4009493	-0.02880859	0.09041159	
74	-5.391937	-6.798523	0	8.908418	0.4333362	-0.02853394	0.0892037	
75	-7.970703	-5.391937	0	6.329666	0.4495297	-0.02838135	0.08859978	
76	-5.626373	-3.750916	0	6.095238	0.4495297	-0.02838135	0.08859978	
77	-3.985352	-2.813171	0	4.219779	0.4495297	-0.02838135	0.08859978	
78	-2.813171	-2.578766	0	4.219779	0.4579288	-0.02828979	0.09639487	
79	-2.813171	-1.875458	0	3.282051	0.4741222	-0.02813721	0.09579108	
80	-2.109894	-2.34433	0	2.813187	0.4741222	-0.02813721	0.09579108	
81	-1.875458	-2.813171	0	4.219779	0.4741222	-0.02813721	0.09579108	
82	-2.813202	-2.34433	0	2.813187	0.5065092	-0.02783203	0.09458355	
83	-2.578766	-2.578766	0	3.282051	0.5634884	-0.02728271	0.1005679	
84	-2.813171	-2.578766	0	3.047622	0.9119434	-0.02407837	0.0956981	
85	-2.813171	-2.34433	0	3.047622	1.347534	0.03585729	0.04771072	
86	-3.047607	-3.985352	0	5.860801	1.348001	0.2393211	0.1151843	
87	-4.688629	-3.282043	0	4.454207	1.786309	0.6311579	0.001001736	
88	-3.516479	-2.578735	0	3.28205	2.726249	2.915787	-0.3856812	
89	-3.047607	-2.109894	0	3.047622	4.07293	9.256423	-1.081146	
90	-1.875458	-1.875458	0	3.047622	3.58224	20.23294	-1.168091	
91	-0.9377441	-2.34433	0	2.813186	5.968547	36.21151	-2.469269	
92	-0.9377441	-2.813171	0	4.219779	6.446136	55.23143	-2.809631	
93	-2.34433	-2.34433	0	3.047622	5.639048	73.65259	-3.20459	
94	-1.17215	-2.578735	0	2.578758	7.665123	86.52637	-3.261536	
95	-0.7033081	-2.34433	0	2.578758	13.04975	97.71078	-3.143616	
96	-0.7033081	-2.578735	0	2.813186	20.36707	103.1354	-2.907135	
97	-0.7033081	-3.047607	0	3.985343	27.21053	103.3936	-2.432068	
98	-1.875458	-3.750916	0	5.157508	37.1913	100.6801	-1.626251	
99	-2.34433	-2.813171	0	3.985344	51.80675	93.59241	0.2536105	
100	-1.641022	-3.047607	0	5.860801	69.53495	84.35394	7.386078	
101	-3.516479	-29.53842	0	8.673987	78.05539	96.44376	41.1861	
102	-15.70694	-54.38821	0	8.673987	68.88789	97.02359	64.58001	
103	-19.92673	-52.74719	0	6.79853	60.32039	92.02222	71.18677	
104	-18.75458	-53.4505	0	4.219779	58.30329	91.80234	73.46297	
105	-17.5824	-52.98163	0	3.047622	66.56676	104.5862	82.21454	
106	-17.34796	-53.4505	0	2.578758	77.68302	167.0542	140.7586	
107	-22.7399	-54.85709	0	2.813186	76.17638	-135.8895	-157.2119	
108	-43.36993	-70.09515	0	3.516479	83.64548	-122.818	-137.5011	
109	-52.74719	-69.39188	0	2.813186	81.95394	-144.8254	-160.1832	
110	-56.73254	-69.39188	0	1.641029	75.66731	-135.2576	-154.6907	
111	-56.96698	-69.39188	0	1.641029	72.24702	-126.0278	-147.5446	
112	-56.96698	-68.68857	0	-5.335538E-07	73.36761	-119.1404	-143.7257	
113	-56.02924	-68.45416	0	-5.335538E-07	77.33675	-116.4775	-145.0561	
114	-55.7948	-67.75085	0	-5.335538E-07	78.45438	-127.0086	-156.9111	
115	-55.32596	-68.68857	0	-5.335538E-07	76.81219	-138.7964	-166.9891	
116	-56.02924	-69.15744	0	-5.335538E-07	76.30683	-149.6457	-173.3414	
117	-56.49811	-69.39188	0	-5.335538E-07	77.48129	-166.1932	177.1095	
118	-56.49811	-69.39188	0	-5.335538E-07	77.32662	173.1939	166.0009	
119	-56.73254	-69.39188	0	-5.335538E-07	74.9473	160.1779	165.1287	
120	-56.73254	-69.15744	0	0.2344355	72.95628	152.3031	169.2104	
121	-56.26367	-69.39188	0	-5.336074E-07	72.30196	138.0953	171.162	
122	-56.49811	-69.62631	0	-5.336074E-07	71.91136	121.1945	172.2336	
123	-56.73254	-69.62631	0	-5.336074E-07	70.90704	108.6132	179.4893	
124	-56.73254	-69.62631	0	-5.336074E-07	71.20036	96.59716	-171.3227	
125	-56.73254	-69.62631	0	-5.336074E-07	72.94813	78.55197	-167.4683	
126	-56.73254	-69.39188	0	-5.336074E-07	73.62106	53.45042	-170.228	
127	-56.73254	-69.62631	0	-5.336074E-07	73.02235	28.82861	-171.7958	
128	-56.73254	-69.62631	0	-5.336074E-07	73.85243	5.340754	-171.6437	
129	-56.73254	-69.62631	0	-5.336074E-07	75.33171	-17.70135	-174.8306	
130	-56.73254	-69.39188	0	-5.336074E-07	74.86591	-45.44684	-178.4713	
131	-56.49811	-69.15747	0	-5.336074E-07	72.47664	-64.15793	-172.5427	
132	-56.26367	-69.15747	0	-5.336074E-07	72.47021	-78.90884	-162.4891	
133	-56.49811	-69.62631	0	-5.336074E-07	75.44702	-97.27417	-156.5473	
134	-56.49811	-69.62631	0	-5.336074E-07	77.82774	-121.4955	-156.884	
135	-56.73254	-69.39188	0	-5.336074E-07	78.72583	-145.3131	-156.8408	
136	-56.73254	-69.15747	0	-5.336074E-07	80.44274	-169.7038	-157.8344	
137	-56.49811	-68.6886	0	0.2344355	81.93568	159.3622	-169.9268	
138	-56.02924	-69.15747	0	-5.336074E-07	80.64813	118.058	170.8348	
139	-56.26367	-69.15747	0	-5.336074E-07	77.79585	94.32237	168.9136	
140	-56.73254	-69.39191	0	-5.336074E-07	76.55497	75.85458	171.8579	
141	-56.73254	-69.39191	0	-5.336074E-07	77.38654	56.893	173.9323	
142	-56.49811	-69.62631	0	-5.336074E-07	78.14482	41.81396	179.5633	
143	-56.73254	-69.15747	0	-5.336074E-07	78.5548	31.36078	-170.6426	
144	-56.73254	-69.62634	0	-5.336074E-07	80.04643	17.74075	-164.9609	
145	-56.49811	-69.39191	0	-5.336074E-07	81.68101	-2.815704	-170.346	
146	-56.49811	-69.39191	0	-5.336074E-07	81.98227	-33.58005	176.3343	
147	-56.49811	-69.39191	0	-5.336074E-07	81.3852	-54.04684	172.8737	
148	-56.49811	-69.15747	0	-5.336074E-07	81.70966	-70.65332	172.6527	
149	-56.26367	-69.15747	0	-5.336074E-07	81.59365	-89.45322	169.2761	
150	-56.49811	-69.39191	0	-5.336074E-07	79.45673	-103.4091	169.7566	
151	-56.73254	-69.62634	0	-5.336074E-07	76.96592	-111.4186	175.3899	
152	-56.73254	-69.39191	0	-5.336074E-07	77.07047	-118.7397	-178.9477	
153	-56.73254	-69.39191	0	-5.336074E-07	79.34087	-126.3169	-174.3171	
154	-56.73254	-68.92303	0	-5.336074E-07	80.39893	-131.5679	-169.9511	
155	-56.26367	-69.15747	0	-5.336074E-07	79.02345	-138.3161	-165.8999	
156	-56.73254	-69.39191	0	-5.336074E-07	77.47765	-148.6471	-166.5533	
157	-56.49811	-69.62634	0	-5.336074E-07	79.18473	-163.9025	-173.424	
158	-56.73254	-69.39191	0	-5.336074E-07	81.60803	175.5883	173.6902	
159	-56.73254	-69.39191	0	-5.336074E-07	81.52747	164.3327	169.785	
160	-56.73254	-69.15747	0	-5.336074E-07	80.37187	158.6399	170.7433	
161	-56.49811	-69.39191	0	-5.336074E-07	79.5732	145.9125	163.5125	
162	-56.49811	-69.1575	0	-5.336074E-07	78.69421	134.2794	155.8113	
163	-56.49811	-69.1575	0	-5.336074E-07	77.06091	131.1126	157.1441	
164	-56.49811	-68.45419	0	-5.336074E-07	75.51723	135.2171	165.5267	
165	-56.02924	-68.68863	0	-5.336074E-07	75.12076	134.3693	167.719	
166	-55.7948	-68.45419	0	-5.336074E-07	75.3052	126.4712	162.2533	
167	-55.56039	-68.92307	0	-5.336074E-07	74.61896	122.0614	159.49	
168	-56.02924	-69.39191	0	2.578758	73.40272	123.2968	161.8426	
169	-57.43585	-68.68863	0	12.4249	75.21802	122.3157	155.5469	
170	-58.13913	-68.68863	0	22.97434	74.66099	138.5736	179.0587	
171	-52.04388	-48.99634	0	34.93038	78.33344	152.9161	-175.0035	
172	-49.93402	-45.71429	0	43.13549	84.53012	129.8267	158.8932	
173	-37.04025	-39.85352	0	47.35527	82.5283	92.89642	114.7529	
174	-36.80582	-39.85352	0	47.35527	79.65662	53.2148	77.22043	
175	-35.39923	-40.08795	0	48.52743	72.69237	25.5339	50.85336	
176	-17.34796	-18.75464	0	52.27834	71.36911	26.73137	43.4846	
177	0.7032891	1.875397	0	39.38459	68.69247	14.99722	31.40914	
178	0.9377251	2.109825	0	4.688648	59.86782	1.207126	26.14899	
179	0.9377251	-0.2344971	0	3.985908E-06	54.50498	-3.161407	30.31599	
180	0.9377251	1.640961	0	3.985908E-06	50.91358	-3.902039	23.77037	
181	0.9377251	2.109825	0	3.985908E-06	47.85938	-1.876984	19.90322	
182	1.172154	2.344261	0	3.985908E-06	45.73903	-0.5575867	18.06243	
183	1.172154	2.344261	0	3.985908E-06	42.05912	-0.5066833	16.5555	
184	1.172154	2.109825	0	3.985908E-06	37.61089	-0.3296509	15.39293	
185	1.40659	2.109825	0	3.985908E-06	31.46939	-1.933746	12.78671	
186	1.172154	-0.2344971	0	3.985908E-06	23.52875	-2.762085	14.0977	
187	0.9377251	-11.95609	0	3.985908E-06	17.10492	-4.877716	16.24589	
188	1.40659	-20.63007	0	0.23444	13.67549	-7.78952	21.06636	
189	1.40659	-20.8645	0	3.975375E-06	9.284129	-10.46042	19.91447	
190	1.172154	-7.267456	0	3.975375E-06	1.053985	-11.93915	24.11853	
191	-16.87912	-5.157562	0	3.975375E-06	-2.90741	-12.48349	22.54966	
192	-17.11353	-5.391998	0	3.975375E-06	-3.417725	-10.888	25.47527	
193	-17.11353	-5.157562	0	3.975375E-06	-3.499359	-10.45267	22.95053	
194	-17.11353	0.4688034	0	29.53844	-0.1031799	-9.894196	11.55724	
195	-3.377081E-06	1.640961	0	3.302262E-06	0.6173249	-10.43103	0.1087372	
196	1.875454	1.406532	0	3.302262E-06	1.072267	-10.51654	0.08188023	
197	1.641018	1.640961	0	3.302262E-06	1.328772	-10.53018	0.1056679	
198	1.875454	1.640961	0	3.302262E-06	0.9256793	-10.53391	0.0843751	
199	1.641018	1.640961	0	3.302262E-06	0.8844614	-10.53427	0.08154792	
200	1.875454	1.640961	0	3.302262E-06	0.9166015	-10.53403	0.07738091	
201	1.875454	1.406532	0	3.302262E-06	0.9235939	-10.534	0.06830327	
202	1.875454	1.640961	0	3.302262E-06	0.9145162	-10.53412	0.06130912	
203	1.875454	1.406532	0	3.302262E-06	0.8390723	-10.53482	0.04657783	
204	1.641018	1.406532	0	3.302262E-06	0.9015113	-10.56656	0.02185612	
205	3.047612	1.406532	0	0.2344393	0.9657795	-10.55908	0.01351191	
206	3.750912	-0.4689331	0	1.875461	1.063587	-11.62854	0.05425504	
207	1.641018	-9.611755	0	8.908421	1.120562	-17.35287	0.1261783	
208	-4.923065	-4.454254	0	5.157513	1.24879	-27.40475	0.2169788	
209	-4.688629	-1.406647	0	3.985348	1.859763	-39.04501	0.2448408	
210	0.9377252	-2.813232	0	4.923076	2.115901	-46.90829	0.3770613	
211	-1.17215	-2.344391	0	8.439557	2.403292	-48.96759	0.1969543	
212	-0.7033081	-1.406647	0	3.985348	1.581173	-48.51523	0.3086154	
213	0.9377251	-3.516541	0	5.626377	1.408121	-48.10339	0.2835072	
214	-0.9377441	-3.282104	0	8.205127	1.419457	-48.10367	0.2147247	
215	-2.109894	-3.516541	0	9.611721	1.470808	-48.11462	0.1351139	
216	-1.17215	-0.9377747	0	4.219783	1.654788	-47.84955	0.05877002	
217	0.937725	-2.813232	0	6.329669	1.773243	-47.37857	-0.03451538	
218	-1.641022	-1.172211	0	3.516482	1.617109	-45.76212	-0.527771	
219	0.7032892	-2.109955	0	3.985347	1.243649	-41.7605	-0.5067444	
220	-3.68183E-06	-1.875519	0	3.750918	0.8349262	-37.97583	-0.1811218	
221	0.2344247	-1.641083	0	3.750918	0.4788851	-30.36487	0.1785377	
222	0.2344247	-3.516541	0	7.501826	0.4193845	-22.28958	0.1229035	
223	-2.109894	-2.578796	0	5.157512	0.5465745	-17.23413	-0.1098938	
224	-0.4688721	-2.109955	0	3.985348	0.6316746	-14.4772	-0.1532288	
225	-4.080805E-06	-2.109955	0	3.985348	0.8435002	-15.30582	-0.1552429	
226	1.172153	-1.875519	0	3.516483	0.798041	-14.85434	-0.1102905	
227	-4.018361E-06	-0.9378052	0	2.578762	0.6905279	-14.15558	-0.07806396	
228	1.406589	-2.344391	0	4.454212	0.5724885	-13.67282	-0.07189941	
229	-0.4688721	-0.7033691	0	2.81319	0.3233194	-12.16653	0.1058767	
230	1.406589	-0.2344971	0	1.875461	0.4864923	-7.249878	0.09558065	
231	1.875454	0.2343747	0	1.641033	0.7871218	0.1202562	0.04470702	
232	2.344318	0.2343747	0	2.109897	0.8534857	2.650095	0.05564237	
233	2.109882	0.2343747	0	2.109897	0.8277787	2.795675	0.04906803	
234	2.109882	-0.7033691	0	3.047626	0.8335173	3.046969	0.04299024	
235	1.172153	-0.2344971	0	1.406597	0.8138753	3.435762	0.04627515	
236	1.875454	-0.2344971	0	1.875461	0.8029478	3.735389	0.0244548	
237	1.875454	-0.4689331	0	1.406597	0.7948827	3.735368	0.03259314	
238	2.109882	-6.144324E-05	0	1.641033	0.7770649	3.913389	0.01782059	
239	1.641018	-0.9378052	0	2.578762	0.758878	4.140036	0.003354876	
240	1.172153	-0.4689331	0	2.109898	0.7403153	4.415393	0.005376039	
241	1.641018	0.468803	0	1.406597	0.7130933	4.76359	-0.000384438	
242	2.344318	-6.147119E-05	0	1.641033	0.7033759	4.957943	-0.007171631	
243	2.344318	0.468803	0	1.875461	0.6951867	4.974041	-0.01522827	
244	2.109882	0.468803	0	1.875461	0.6868896	4.998191	-0.02313232	
245	2.109882	-0.7033691	0	2.344326	0.6788152	5.006232	-0.03131104	
246	1.172153	-6.147054E-05	0	1.406597	0.6684714	5.289793	-0.03765869	
247	1.641018	-0.2344971	0	1.641033	0.6441309	5.297582	-0.04586792	
248	2.109882	-0.2344971	0	1.641033	0.6344974	5.500125	-0.05285645	
249	1.875454	-0.2344971	0	1.641033	0.6253338	5.637672	-0.06011963	
250	1.875454	-1.172211	0	2.81319	0.6158756	5.824019	-0.06726074	
251	0.9377248	-6.146848E-05	0	2.344326	0.6144445	6.002266	-0.06616211	
252	2.109882	0.2343746	0	1.641033	0.6121716	6.29421	-0.0645752	
253	2.344318	0.2343746	0	1.641033	0.6103386	6.521065	-0.0632019	
254	2.578747	0.2343746	0	1.641033	0.6002235	6.747874	-0.05392456	
255	2.109882	0.468803	0	1.641033	0.5915107	6.844979	-0.06164551	
256	2.344318	-0.4689331	0	2.344326	0.5893446	7.120796	-0.06018066	
257	1.406589	-0.2344971	0	1.406597	0.587656	7.323092	-0.05895996	
258	2.344318	-0.2344971	0	1.406597	0.5881852	7.258294	-0.05932617	
259	2.109882	-0.2344971	0	1.875461	0.5873622	7.363811	-0.05880737	
260	1.641018	-6.149826E-05	0	1.641033	0.5878913	7.29901	-0.05917358	
261	1.875454	-1.172211	0	3.047626	0.5878913	7.29901	-0.05917358	
262	0.4688607	-0.7033691	0	2.344326	0.5878913	7.29901	-0.05917358	
263	1.875454	0.468803	0	1.875461	0.5867002	7.444809	-0.05831909	
264	2.109883	0.2343745	0	1.406597	0.5861701	7.509607	-0.05795288	
265	2.344319	-6.149826E-05	0	1.406597	0.5774832	7.615035	-0.06576538	
266	2.344319	-6.149826E-05	0	1.406597	0.5764302	7.744622	-0.06503296	
267	2.344319	-0.7033691	0	2.344326	0.5764302	7.744622	-0.06503296	
268	1.40659	0.468803	0	1.641033	0.575214	7.898756	-0.06427002	
269	2.344319	-6.141783E-05	0	1.406597	0.5753461	7.882556	-0.06433105	
270	2.109883	-0.2344971	0	1.406597	0.5760348	7.793219	-0.0647583	
271	1.875455	-6.141821E-05	0	1.406597	0.5761667	7.777018	-0.06484985	
272	1.875455	-0.9378052	0	3.047626	0.5748181	7.947349	-0.06399536	
273	1.172154	-0.2344971	0	2.578762	0.5749502	7.931149	-0.06408691	
274	1.641018	0.4688031	0	1.641033	0.573232	8.141709	-0.06289673	
275	1.875455	0.2343747	0	1.641033	0.5724078	8.247259	-0.06237793	
276	2.109883	-6.133817E-05	0	1.641033	0.5726429	8.223248	-0.06259155	
277	2.344319	-6.133817E-05	0	1.641033	0.5726429	8.223248	-0.06259155	
278	2.344319	-0.4689331	0	2.344326	0.5728052	8.198672	-0.06265259	
279	1.172154	0.2343748	0	2.109897	0.5711846	8.401405	-0.06161499	
280	1.875455	-6.125813E-05	0	1.641033	0.5710519	8.4176	-0.06152344	
281	2.109883	-0.2344971	0	1.406597	0.5701222	8.53096	-0.06091309	
282	2.109883	-0.2344971	0	1.406597	0.5701222	8.53096	-0.06091309	
283	1.875455	-1.641083	0	3.516483	0.5688649	8.693522	-0.06015015	
284	0.4688611	-0.7033691	0	2.109897	0.5591112	8.855424	-0.05151367	
285	1.641018	0.2343748	0	1.641033	0.5592455	8.839227	-0.05160522	
286	2.344319	0.2343748	0	1.641033	0.5589454	8.880038	-0.05145264	
287	2.109883	0.2343748	0	1.641033	0.5587079	8.903999	-0.05123901	
288	2.344319	0.2343748	0	1.875462	0.5583044	8.952574	-0.05099487	
289	2.109883	-0.7033691	0	2.344326	0.5583044	8.952574	-0.05099487	
290	1.40659	-6.125711E-05	0	1.406597	0.5504079	8.968665	-0.05932617	
291	2.344319	-0.2344971	0	1.641033	0.549576	9.074244	-0.05883789	
292	2.109883	-0.2344971	0	1.641033	0.5497094	9.058054	-0.05892944	
293	1.875455	-6.125813E-05	0	2.109897	0.5491754	9.122821	-0.05859375	
294	1.875455	-0.9378052	0	3.282054	0.5483422	9.228405	-0.05810547	
295	0.7032899	-0.2344971	0	2.344326	0.5467045	9.431143	-0.05712891	
296	1.641019	-6.125813E-05	0	1.641033	0.5468067	9.42341	-0.05722046	
297	1.875455	-6.125813E-05	0	1.641033	0.5468067	9.42341	-0.05722046	
298	1.875455	0.2343748	0	1.641033	0.5468702	9.406488	-0.05715942	
299	2.578748	0.2343748	0	1.875461	0.5474057	9.341734	-0.05752563	
300	2.344319	-0.9378052	0	2.344326	0.5484759	9.212212	-0.05819702	
301	1.40659	0.2343748	0	1.875462	0.5488767	9.163641	-0.05844116	
302	2.109883	-6.120477E-05	0	1.406597	0.5472403	9.366383	-0.0574646	
303	2.344319	-0.4689331	0	1.406597	0.5472403	9.366383	-0.0574646	
304	2.109884	-6.120439E-05	0	1.406597	0.5472403	9.366383	-0.0574646	
305	1.875455	-1.406647	0	3.516483	0.5472403	9.366383	-0.0574646	
306	0.2344258	-6.114693E-05	0	1.406597	0.5472403	9.366383	-0.0574646	
307	1.875455	-6.114693E-05	0	1.406597	0.5471064	9.382565	-0.05737305	
308	1.875455	-0.2344971	0	1.641033	0.5471064	9.382565	-0.05737305	
309	1.875455	-0.2344971	0	1.641033	0.5471064	9.382565	-0.05737305	
310	1.641019	-0.2344971	0	1.641033	0.5474057	9.341734	-0.05752563	
311	1.641019	-0.2344971	0	2.344326	0.6376281	9.334612	-0.07794189	
312	1.875455	0.2343749	0	1.641033	0.6291742	9.334586	-0.07022095	
313	2.344319	0.2343749	0	1.406597	0.6291742	9.334586	-0.07022095	
314	2.344319	0.2343749	0	1.875462	0.7509538	9.335536	-0.07290649	
315	2.109884	0.2343749	0	1.406597	1.002243	9.337555	-0.06982422	
316	2.344319	-0.7033691	0	2.344326	1.026886	9.337689	-0.07684326	
317	1.406591	-6.115039E-05	0	1.641033	0.9720809	9.231427	-0.1045227	
318	1.875455	-6.115039E-05	0	1.641033	0.9725995	9.166658	-0.1051025	
319	1.641019	-6.115039E-05	0	1.875462	1.202381	9.224702	-0.1757813	
320	1.875455	-0.2344971	0	1.875462	1.300922	9.225076	-0.2039185	
321	1.641019	-6.11514E-05	0	1.641033	1.620947	9.13677	-0.2804565	
322	1.406591	-0.4689331	0	2.578762	1.531568	9.136281	-0.2761841	
323	1.172155	-6.115103E-05	0	1.875462	1.853895	8.901991	-0.3881531	
324	1.641019	0.2343749	0	1.641033	1.386009	8.900526	-0.2528992	
325	2.34432	-6.11514E-05	0	1.641033	1.279703	8.924696	-0.2326965	
326	1.875455	-6.11514E-05	0	1.875462	0.7088983	8.929183	-0.1585693	
327	1.641019	-1.406647	0	3.047626	0.5934695	8.936346	-0.114502	
328	0.468862	-0.7033691	0	2.344326	0.7732333	8.808099	-0.1243286	
329	1.406591	-6.120375E-05	0	1.875462	0.8300999	8.735402	-0.1144714	
330	2.109884	0.2343748	0	1.875462	0.8708905	8.744078	-0.1210022	
331	2.109884	0.2343748	0	1.641033	0.8293374	8.751707	-0.09814453	
332	2.34432	0.2343748	0	1.641033	0.7963055	8.759971	-0.08325195	
333	2.34432	-0.7033691	0	2.344326	0.8532979	8.760373	-0.08911133	
334	1.641019	0.4688033	0	1.406597	0.8209236	8.751698	-0.09036255	
335	2.34432	-0.2344971	0	1.641033	0.9342633	8.752613	-0.08590698	
336	1.875456	-0.2344971	0	1.641033	0.7803888	8.719032	-0.08410645	
337	1.64102	-0.4689331	0	1.406597	0.8697597	8.719696	-0.0887146	
338	1.875456	-0.9378052	0	3.047626	1.113263	8.721529	-0.09542847	
339	0.9377266	-0.7033691	0	2.344326	1.064689	8.721136	-0.09732056	
340	1.406591	-6.121518E-05	0	1.641033	0.8697597	8.719696	-0.0887146	
341	2.34432	0.2343748	0	1.641033	0.853568	8.719566	-0.08935547	
342	2.109884	-6.120477E-05	0	1.406597	0.8457876	8.719445	-0.09777832	
343	2.34432	0.2343748	0	1.875461	0.8457876	8.719445	-0.09777832	
344	2.109884	-0.7033691	0	2.578762	0.8619794	8.719575	-0.09713745	
345	1.406592	0.4688033	0	1.641033	0.8781711	8.719706	-0.09649658	
346	2.109884	-0.2344971	0	1.641033	0.8697597	8.719696	-0.0887146	
347	1.64102	-6.120477E-05	0	2.109897	0.8697597	8.719696	-0.0887146	
348	1.64102	-0.4689331	0	1.641033	0.8697597	8.719696	-0.0887146	
349	1.875456	-1.172211	0	3.047626	0.8619794	8.719575	-0.09713745	
350	0.937727	-0.2344971	0	2.344326	0.8619794	8.719575	-0.09713745	
351	1.875456	-6.11514E-05	0	1.641033	0.8619794	8.719575	-0.09713745	
352	1.875456	-6.11514E-05	0	1.406597	0.7317958	8.727055	-0.08602905	
353	1.875456	0.2343749	0	1.875461	0.5439923	8.725739	-0.05282593	
354	2.344321	0.2343749	0	1.641033	0.6252558	8.685616	-0.04983521	
355	2.344321	-0.7033691	0	2.344326	0.5649501	6.958438	-0.004853512	
356	1.172155	-0.2344971	0	1.875461	0.5679365	6.650539	-0.02276611	
357	1.64102	-6.120477E-05	0	2.109898	0.5304964	6.261056	-0.01742554	
358	1.64102	-0.2344971	0	1.641033	0.4970694	5.426085	-0.03036499	
359	1.875456	-0.2344971	0	1.641033	0.4659618	4.283283	-0.02807617	
360	1.875456	-1.406647	0	2.344326	0.425847	3.253821	-0.03283691	
361	0.937727	-0.7033691	0	2.344326	0.4231129	2.6136	-0.02764893	
362	1.406592	-0.2344971	0	1.641033	0.4200709	1.981293	-0.03869629	
363	1.64102	0.2343747	0	2.109898	0.3641124	1.867396	-0.04614258	
364	2.109884	-6.128481E-05	0	1.406597	0.2503291	1.826108	-0.07626343	
365	1.875456	-0.2344971	0	1.641033	0.2258017	1.833837	-0.08389282	
366	1.875456	-1.406647	0	3.750919	0.2661874	1.826213	-0.09280396	
367	0.4688626	-0.2344971	0	1.641033	0.2740663	1.83419	-0.1011047	
368	1.875456	-0.2344971	0	2.109897	0.3223308	1.834528	-0.1183472	
369	1.64102	-6.131149E-05	0	1.641033	0.387822	1.835085	-0.08731079	
370	2.109884	-0.4689331	0	1.641033	0.6143318	1.828818	-0.1082458	
371	2.34432	-0.4689331	0	1.641033	0.6708624	1.829201	-0.1175232	
372	1.875456	-1.641083	0	3.750918	0.6708624	1.829201	-0.1175232	
373	0.2344269	-0.2344971	0	1.641033	0.5337573	1.73059	-0.1234436	
374	1.875456	-0.2344971	0	1.875461	0.5829011	1.552586	-0.1579895	
375	1.875456	-6.109805E-05	0	1.875461	0.7290244	1.391416	-0.1950073	
376	2.109885	0.2343749	0	1.641032	1.281205	1.200153	-0.2112427	
377	2.344321	0.2343749	0	1.641032	1.563784	1.11188	-0.2768555	
378	2.344321	-0.2344971	0	2.578761	0.7236629	0.9358469	-0.4901123	
379	0.9377272	0.2343749	0	1.875461	1.153771	1.005183	-0.1775513	
380	1.64102	0.2343749	0	1.406597	0.78131	0.9864724	-0.1671448	
381	1.875456	0.2343749	0	1.641033	0.6915219	0.9857406	-0.1889038	
382	1.875456	0.2343749	0	1.641033	0.76166	1.091349	-0.2630005	
383	1.64102	-6.109805E-05	0	1.641033	0.7301949	1.221097	-0.1963501	
384	1.64102	-0.2344971	0	2.344325	-0.4267883	1.024164	0.4103552	
385	1.406592	0.2343749	0	1.875461	0.2964733	1.015555	-0.1046143	
386	1.64102	0.2343749	0	1.875461	0.4575902	1.008799	-0.1415405	
387	1.875456	0.2343749	0	1.641033	0.4328335	1.041002	-0.1487732	
388	1.64102	-6.112473E-05	0	1.406596	0.4814296	1.041346	-0.1501465	
389	1.64102	-0.9378052	0	2.81319	0.5127973	1.187374	-0.150238	
390	0.4688629	0.2343749	0	2.344326	0.5044808	1.18729	-0.1581421	
391	1.64102	-6.109805E-05	0	1.641033	0.5056973	1.016964	-0.1591492	
392	1.875456	-6.109805E-05	0	1.641033	0.6104747	1.050517	-0.1698303	
393	1.64102	0.7032394	0	1.875461	0.6755635	1.018106	-0.1720276	
394	2.109885	0.7032394	0	1.875461	0.6834498	1.01025	-0.1803284	
395	2.109885	-0.7033691	0	2.344326	0.6844183	0.8723225	-0.181366	
396	1.406592	0.7032394	0	1.406597	0.6761881	0.8560321	-0.1893311	
397	2.344321	0.4688034	0	1.641033	-0.6693115	0.778303	0.3372678	
398	2.344321	0.234375	0	1.875461	1.519022	0.9916797	-0.1637573	
399	1.64102	0.234375	0	1.406597	0.8835504	1.20575	-0.2248535	
400	1.875456	-0.4689331	0	3.516483	0.6892682	1.253191	-0.2031555	
401	0.7032914	-0.2344971	0	2.578762	0.6591235	0.9855239	-0.1879883	
402	1.172156	0.234375	0	1.641033	0.7074096	1.026575	-0.1889954	
403	1.875456	0.7032394	0	1.875461	0.7058932	1.188493	-0.2040405	
404	1.875456	0.234375	0	1.875461	0.7137871	1.180624	-0.2123108	
405	1.64102	0.234375	0	1.641033	0.0001249158	-0.008331299	-4.012059E-05	
406	1.875456	-1.172211	0	3.516483	-0.1611328	0.1188016	-0.2316589	
407	-1.175293	1.641022	0	-0.9408569	0.1660522	0.1003019	0.2061948	
408	-0.003122041	1.406593	0	-1.878571	0.1518948	-0.04571533	0.2069666	
409	-0.003122041	1.875458	0	-1.644135	0.1869451	-0.231781	0.2064462	
410	0.7001784	1.875458	0	-1.644135	0.1782379	-0.2073975	0.1986019	
411	0.7001784	1.641022	0	-1.644135	0.1651035	-0.4590149	0.1833618	
412	0.7001784	0.2344282	0	0.2313143	-0.02249146	-0.3157043	0.212622	
413	-0.7064209	1.406593	0	-1.409698	0.0664465	-0.289917	0.2181874	
414	0.2313139	1.641022	0	-1.644135	0.05918041	-0.3631592	0.2104729	
415	-0.003122149	1.641022	0	-1.644135	0.1397854	-0.3374939	0.2081535	
416	0.2313139	1.406593	0	-1.409698	0.139558	-0.3213196	0.2081117	
417	-0.003122149	0.4688643	0	-0.9408569	0.1298716	-0.2242737	0.1999843	
418	-0.9408569	0.7032926	0	-1.175262	0.1217012	-0.2327576	0.192046	
419	-0.2375488	1.875458	0	-1.878571	0.1239523	-0.3947449	0.1924894	
420	0.7001783	1.406593	0	-1.409698	0.1239523	-0.3947449	0.1924894	
421	0.7001783	1.875458	0	-1.409698	0.1158413	-0.4111023	0.1846721	
422	0.7001783	1.875458	0	-1.644135	0.1098866	-0.581543	0.1772073	
423	0.4657422	0.9377285	0	-0.7064209	0.1081742	-0.4598389	0.1769496	
424	-0.2375488	1.406593	0	-1.409698	0.1110023	-0.6625366	0.177435	
425	-0.00312218	1.406593	0	-1.644135	0.1110023	-0.6625366	0.177435	
426	0.2313138	1.406593	0	-1.644135	0.1022047	-0.6302795	0.1694986	
427	0.2313138	1.406593	0	-1.644135	0.1026488	-0.6626892	0.1695919	
428	-0.003122176	0.4688641	0	-0.2375488	0.1030932	-0.6950684	0.1696851	
429	-0.7064209	1.406593	0	-0.9408569	-0.0002991089	0.0245549	-2.642285E-05	
430	0.2313138	1.875458	0	-1.644135	0.001219734	-0.1133728	0.0005281875	
431	-0.2349548	2.412133E-11	0	-0.0005305999	0	0	0	
432	-0.0005306029	-0.234436	0	-0.0005305999	-0.0005223982	0.04858511	-0.000227094	
433	0.4683338	-0.234436	0	-0.0005305999	0.0008217296	-0.07315063	0.0002527457	
434	0.4683338	-0.9377136	0	0.9371981	-0.000696526	0.06478366	-0.000302907	
435	-0.4693909	-5.082576E-08	0	-0.0005306702	-0.000696526	0.06478366	-0.000302907	
436	0.4683339	-0.234436	0	-0.2349548	0.007312493	0.09729696	0.007384537	
437	0.4683339	-0.4688721	0	-0.2349548	0.01532546	0.08115636	-0.0008989463	
438	-0.000530531	-0.4688721	0	-0.0005306563	0.007263353	0.105138	0.007260601	
439	-0.2349548	-1.641022	0	2.109356	0.0410572	-0.02407837	0.006786704	
440	-1.875977	-0.7033081	0	0.468334	0.03423619	-0.1134949	0.01545497	
441	-0.0005305153	-0.234436	0	-0.0005303989	0.03375531	-0.07272339	0.01536462	
442	-0.0005305153	-1.067215E-07	0	-0.0005303989	0.03393157	-0.08892822	0.01543528	
443	-0.0005305153	-1.067215E-07	0	-0.0005303989	0.0347651	-0.1620789	0.01566639	
444	0.4683339	-1.067215E-07	0	-0.0005303989	0.04258577	-0.1620178	0.007291048	
445	0.4683339	-0.9377441	0	0.7027624	0.04280778	-0.1860352	0.00748175	
446	-0.7038269	0.2344282	0	0.2338981	0.04263262	-0.1698303	0.007412454	
447	0.2338978	-0.4688721	0	-0.0005302866	0.04127897	-0.0480957	0.006977954	
448	0.4683339	-0.234436	0	-0.0005302866	0.04092906	-0.01571655	0.006838503	
449	-0.000530531	-0.4688721	0	0.2338981	0.06513696	0.01697835	0.01400277	
450	-0.2349548	-1.17218	0	1.640492	0.06491568	0.04100797	0.01381694	
451	-0.9382629	-0.4688721	0	0.9371986	0.06496113	0.03317186	0.01393642	
452	-0.2349548	-2.134416E-07	0	-0.0005301925	0.06667469	-0.1209412	0.01447893	
453	-0.0005305229	-0.4688721	0	-0.2349548	0.06473992	0.05720254	0.01375041	
454	-0.0005305229	-2.134416E-07	0	-0.0005301621	0.06597088	-0.05618286	0.01421471	
455	0.4683339	-2.134416E-07	0	-0.0005301621	0.06473992	0.05720254	0.01375041	
456	0.4683339	-1.17218	0	0.7027627	0.06337949	0.1789378	0.01333645	
457	-0.4693909	-0.234436	0	-0.0005301355	0.06289795	0.219678	0.01325533	
458	0.4683339	-0.234436	0	-0.0005301355	0.06184448	0.3168635	0.01285233	
459	0.4683339	-0.234436	0	-0.0005301355	0.08567938	0.3411306	0.003840753	
460	-0.0005304777	-0.4688721	0	-0.0005301355	0.07922538	0.2115082	0.01270085	
461	-0.0005304777	-1.641022	0	1.87492	0.08694176	0.2198971	0.00440644	
462	-1.407135	-0.4688721	0	0.4683346	0.07891859	0.2360523	0.01269	
463	-0.0005304295	-0.4688721	0	-0.000529784	0.0806298	0.08193801	0.01321677	
464	-0.0005304295	-0.234436	0	-0.2349548	0.08711595	0.2037081	0.004470039	
465	-0.0005304295	-0.234436	0	0.2338986	0.08899095	0.03339126	0.005048245	
466	0.233898	-2.934841E-07	0	-0.0005298191	0.08794453	0.1305687	0.004668832	
467	0.233898	-1.17218	0	0.4683346	0.08829334	0.09817072	0.004795504	
468	-0.4693909	-0.4688721	0	-0.2349548	0.103772	0.2118165	0.02004703	
469	-0.000530498	-0.4688721	0	-0.0005298292	0.417836	0.3122126	-0.01412964	
470	-0.000530498	-0.7033081	0	-0.0005298292	0.1114444	0.2280537	0.0116374	
471	-0.000530498	-0.4688721	0	-0.0005298292	0.1111357	0.252602	0.0116335	
472	-0.000530498	-1.406586	0	1.87492	0.08655022	0.2601469	0.004160224	
473	-1.172699	-0.234436	0	0.2338988	0.08846766	0.08198163	0.004858727	
474	-0.4693909	-0.7033081	0	-0.0005295395	0.7018253	0.1034789	-0.07980347	
475	-0.0005306047	-0.4688721	0	-0.0005295395	1.521256	0.0992969	-0.316864	
476	0.4683338	-4.268833E-07	0	-0.0005295395	1.23861	0.1957148	-0.2503357	
477	0.4683338	-4.268833E-07	0	-0.2349548	-0.01773071	0.1864103	0.0159153	
478	0.4683338	-0.9377441	0	0.7027633	0.08707296	0.2115517	0.004351387	
479	-0.4693909	-0.4688721	0	-0.00052956	-0.001760575	0.2106289	0.01520997	
480	0.2338977	-0.234436	0	-0.2349548	0.03250515	0.1788279	0.06294036	
481	-0.2349548	-0.9377441	0	-0.2349548	0.04173418	0.187477	0.1032253	
482	-0.000530589	-0.4688721	0	-0.0005295624	0.1828124	0.4742385	0.3329965	
483	-0.000530589	-11.01831	0	1.171628	0.8789723	3.44577	0.005171502	
484	-0.9382629	-25.08423	0	0.4683348	3.233174	5.357507	0.6749503	
485	-0.4693909	-38.68127	0	-0.2349548	3.086567	4.986297	5.570573	
486	-2.579285	-38.21243	0	-0.0005296157	5.069109	4.374587	3.955804	
487	-2.813721	-24.61536	0	-0.0005296157	8.894328	6.183166	0.7396815	
488	-3.282593	0.468856	0	0.2338988	12.06979	7.748276	0.1312905	
489	-3.282593	-0.7033081	0	1.87492	14.1075	8.542926	0.2862215	
490	-4.689178	-0.234436	0	0.9371989	16.67134	8.983678	0.2315265	
491	-3.516998	-8.537719E-07	0	-0.2349548	19.2989	9.19868	0.6472425	
492	-3.282593	-8.537719E-07	0	-0.0005299359	17.36018	8.929609	0.06527879	
493	-2.813721	0.2344275	0	-0.2349548	9.269031	8.676549	-1.448578	
494	-8.908936	-0.9377441	0	-0.0005299359	4.271952	8.323788	-1.512665	
495	-9.143372	-1.875458	0	0.4683344	4.065319	7.497956	-1.268921	
496	-9.84668	-3.047638	0	-0.0005299441	3.90518	7.68475	-0.8467712	
497	-9.143372	-18.05127	0	-0.0005299441	2.145307	7.969179	-0.2049561	
498	-4.923615	-18.05127	0	-0.2349548	1.360605	8.368752	-0.1337891	
499	-3.751434	-7.501831	0	-0.2349548	0.5011552	8.004281	-0.05426025	
500	-3.751434	-8.205109	0	0.2338984	0.2017635	7.952765	-0.05709839	
501	-4.454742	-7.970673	0	0.9371989	0.01471615	8.064232	-0.07260132	
502	-3.98587	-7.267395	0	-0.0005299232	0.03931035	8.064424	-0.07980347	
503	-3.282593	-7.032959	0	-0.2349548	0.03739214	8.267148	-0.0809021	
504	-3.048157	-7.501831	0	0.2338984	0.03688953	8.324138	-0.08129883	
505	-3.048157	-7.032959	0	-0.0005299664	0.03641878	8.372719	-0.08154297	
506	-3.048157	-7.736267	0	1.171627	0.03645036	8.364295	-0.0814209	
507	-4.220306	-7.032959	0	0.2338984	0.03641878	8.372719	-0.08154297	
508	-3.282593	-7.267395	0	0.2338984	0.03613666	8.396673	-0.08157349	
509	-3.516998	-7.501831	0	-0.0005300198	0.03516454	8.502248	-0.08218384	
510	-3.516998	-7.267395	0	-0.2349548	0.03485125	8.534629	-0.08236694	
511	-3.516998	-8.205139	0	1.406063	0.03485125	8.534629	-0.08236694	
512	-4.220306	-7.736267	0	0.9371986	0.02477845	8.713375	-0.07571411	
513	-3.98587	-7.032959	0	-0.0005301366	0.02304872	8.891459	-0.07666016	
514	-3.516998	-7.267395	0	-0.2349548	0.02336294	8.859086	-0.07647705	
515	-3.282593	-7.032959	0	0.2338982	0.02481083	8.704933	-0.07559204	
516	-3.282593	-7.032959	0	-0.0005301799	0.02352014	8.842895	-0.0763855	
517	-3.282593	-7.970703	0	0.7027627	0.02254529	8.948488	-0.07702637	
518	-3.98587	-7.032959	0	0.2338983	0.02273452	8.923841	-0.07681274	
519	-3.048157	-7.501831	0	-0.0005300732	0.02242051	8.956212	-0.07699585	
520	-3.048157	-7.501831	0	-0.0005300732	0.01354043	9.086335	-0.08633423	
521	-3.282593	-7.501831	0	-0.0005300732	0.01372789	9.061679	-0.08609009	
522	-3.516998	-8.908417	0	2.109356	0.0127949	9.1588	-0.08660889	
523	-4.923615	-7.267395	0	0.4683346	0.01117862	9.337616	-0.08776855	
524	-3.751434	-7.032959	0	-0.0005297585	0.01136549	9.312947	-0.08755493	
525	-3.516998	-7.267395	0	-0.0005297585	0.01006183	9.459408	-0.08850098	
526	-3.282593	-7.032959	0	-0.0005297585	0.00978355	9.483284	-0.08856201	
527	-3.048157	-7.032959	0	0.2338986	0.009906901	9.475596	-0.08859253	
528	-3.282593	-7.736267	0	0.937199	0.009287531	9.540335	-0.08895874	
529	-3.98587	-7.032959	0	0.2338986	0.008359334	9.637433	-0.08947754	
530	-3.282593	-7.267395	0	-0.0005298191	0.00959721	9.507961	-0.08877563	
531	-3.751434	-7.267395	0	-0.2349548	0.000498588	9.662001	-0.09820557	
532	-3.516998	-7.267395	0	-0.0005298292	-0.0004208462	9.759101	-0.09875488	
533	-3.751434	-8.439545	0	0.937199	-0.0005739977	9.775279	-0.09884644	
534	-4.220306	-7.267395	0	0.937199	-0.0007582661	9.799982	-0.09906006	
535	-3.751434	-7.501831	0	-0.0005298165	-0.001523321	9.880892	-0.09951782	
536	-3.516998	-7.501831	0	-0.2349548	-0.001523321	9.880892	-0.09951782	
537	-3.516998	-7.032959	0	0.2338985	-0.001370406	9.864713	-0.09942627	
538	-3.516998	-7.032959	0	0.2338985	-0.001370406	9.864713	-0.09942627	
539	-3.516998	-7.736267	0	0.7027628	-0.001339342	9.85619	-0.09927368	
540	-3.98587	-7.032959	0	-0.0005299335	-0.001676264	9.897071	-0.09960938	
541	-3.048157	-7.032959	0	-0.0005299335	-0.001982029	9.929435	-0.09976196	
542	-3.048157	-7.501831	0	-0.2349548	-0.001401452	9.873236	-0.09954834	
543	-3.516998	-7.267395	0	-0.0005299359	-0.002440561	9.977977	-0.1000366	
544	-3.98587	-8.439545	0	2.109356	-0.004059241	10.16539	-0.1013489	
545	-5.158051	-7.501831	0	-0.0005297014	-0.004638172	10.22156	-0.101593	
546	-3.516998	-7.501831	0	-0.0005297014	-0.004485792	10.20538	-0.1015015	
547	-3.516998	-7.501831	0	-0.2349548	-0.004668852	10.23011	-0.1017151	
548	-3.516998	-7.501831	0	0.2338986	-0.004516469	10.21392	-0.1016235	
549	-3.751434	-7.501831	0	0.2338986	-0.006225586	10.40044	-0.1027527	
550	-3.751434	-7.736267	0	0.702763	-0.006378174	10.41663	-0.1028442	
551	-3.98587	-7.032959	0	0.2338986	-0.007019043	10.48989	-0.103363	
552	-3.048157	-7.032959	0	-0.2349548	-0.00793457	10.58696	-0.1039124	
553	-3.282593	-7.267395	0	-0.2349548	-0.009613037	10.77345	-0.1050415	
554	-3.048157	-7.032959	0	-0.2349548	-0.00994873	10.81439	-0.1053772	
555	-3.048157	-7.736267	0	0.4683347	-0.008666992	10.66783	-0.1043701	
556	-3.98587	-7.501831	0	-0.0005296773	-0.009002686	10.70876	-0.1046753	
557	-3.751434	-7.267395	0	0.2338987	-0.01773071	10.83903	-0.1141968	
558	-3.751434	-7.501831	0	-0.000529673	-0.009155273	10.72493	-0.1047668	
559	-3.516998	-7.267395	0	0.2338987	-0.01815796	10.88755	-0.1144714	
560	-3.516998	-8.439545	0	0.702763	-0.009643555	10.78204	-0.1051941	
561	-4.454742	-7.267395	0	0.702763	-0.01843262	10.91131	-0.1145325	
562	-3.516998	-7.032959	0	-0.2349548	-0.01828003	10.89513	-0.1144104	
563	-3.516998	-7.267395	0	-0.0005297758	-0.01925659	11.00936	-0.1152649	
564	-3.048157	-7.267395	0	-0.0005297758	-0.01998901	11.09023	-0.1157227	
565	-3.048157	-7.032959	0	0.2338986	-0.02029419	11.12257	-0.1159058	
566	-3.048157	-7.970703	0	0.702763	-0.02182007	11.29288	-0.1170044	
567	-3.751434	-7.267395	0	-0.0005298153	-0.02200317	11.31767	-0.117218	
568	-3.048157	-7.501831	0	-0.2349548	-0.02227783	11.34139	-0.1172791	
569	-3.516998	-7.267395	0	-0.0005298025	-0.02108765	11.21203	-0.1165161	
570	-3.516998	-7.501831	0	-0.0005298025	-0.02093506	11.19586	-0.1164246	
571	-3.516998	-8.673981	0	1.640492	-0.019104	10.99319	-0.1151733	
572	-4.923615	-7.501831	0	0.4683346	-0.01907349	10.98459	-0.1150208	
573	-3.516998	-7.267395	0	-0.2349548	-0.01828003	10.89513	-0.1144104	
574	-3.516998	-7.032959	0	-0.0005298826	-0.01861572	10.93607	-0.1147461	
575	-3.282593	-7.032959	0	0.4683345	-0.01861572	10.93607	-0.1147461	
576	-3.282593	-7.032959	0	0.2338985	-0.01861572	10.93607	-0.1147461	
577	-3.282593	-7.736267	0	0.7027628	-0.01861572	10.93607	-0.1147461	
578	-3.98587	-7.032959	0	-0.0005299754	-0.01861572	10.93607	-0.1147461	
579	-3.282593	-7.501831	0	-0.0005299754	-0.01861572	10.93607	-0.1147461	
580	-3.282593	-7.501831	0	-0.0005299754	-0.01861572	10.93607	-0.1147461	
581	-3.516998	-7.501831	0	-0.0005299754	-0.01861572	10.93607	-0.1147461	
582	-3.516998	-8.673981	0	1.640492	-0.01861572	10.93607	-0.1147461	
583	-4.689178	-7.267395	0	-0.0005299134	-0.01861572	10.93607	-0.1147461	
584	-3.516998	-7.501831	0	-0.0005299134	-0.02032471	11.13118	-0.1160583	
585	-3.516998	-7.501831	0	-0.2349548	-0.02032471	11.13118	-0.1160583	
586	-3.751434	-7.267395	0	0.2338984	-0.02032471	11.13118	-0.1160583	
587	-3.751434	-7.501831	0	-0.2349548	-0.02032471	11.13118	-0.1160583	
588	-3.751434	-7.501831	0	0.7027628	-0.02032471	11.13118	-0.1160583	
589	-3.516998	-7.501831	0	-0.2349548	-0.02032471	11.13118	-0.1160583	
590	-3.048157	-7.032959	0	0.2338984	-0.02032471	11.13118	-0.1160583	
591	-3.048157	-7.032959	0	-0.0005299932	-0.02032471	11.13118	-0.1160583	
592	-3.048157	-7.032959	0	-0.2349548	-0.02032471	11.13118	-0.1160583	
593	-3.048157	-7.970703	0	0.4683344	-0.02032471	11.13118	-0.1160583	
594	-3.98587	-7.501831	0	-0.0005299186	-0.02032471	11.13118	-0.1160583	
595	-3.282593	-7.501831	0	0.2338985	-0.02032471	11.13118	-0.1160583	
596	-3.516998	-7.267395	0	0.2338985	-0.02032471	11.13118	-0.1160583	
597	-3.751434	-7.267395	0	-0.0005299258	-0.02032471	11.13118	-0.1160583	
598	-3.516998	-8.673981	0	1.406064	-0.02032471	11.13118	-0.1160583	
599	-4.454742	-7.736267	0	0.702763	-0.02032471	11.13118	-0.1160583	
600	-3.516998	-7.267395	0	-0.2349548	-0.02032471	11.13118	-0.1160583	
601	-3.048157	-7.032959	0	-0.0005298292	-0.02032471	11.13118	-0.1160583	
602	-3.048157	-6.798523	0	0.2338986	-0.02032471	11.13118	-0.1160583	
603	-3.282593	-7.032959	0	-0.0005298191	-0.02032471	11.13118	-0.1160583	
604	-3.282593	-7.970703	0	0.937199	-0.02032471	11.13118	-0.1160583	
605	-4.220306	-7.03299	0	-0.0005298165	-0.02032471	11.13118	-0.1160583	
606	-3.048157	-7.267395	0	-0.2349548	-0.02032471	11.13118	-0.1160583	
607	-3.516998	-7.267395	0	0.4683346	-0.02032471	11.13118	-0.1160583	
608	-3.751434	-7.736267	0	-0.2349548	-0.02032471	11.13118	-0.1160583	
609	-3.516998	-8.439575	0	1.406064	-0.02032471	11.13118	-0.1160583	
610	-4.220306	-7.501831	0	-0.000529896	-0.02032471	11.13118	-0.1160583	
611	-3.516998	-7.501831	0	-0.2349548	-0.02032471	11.13118	-0.1160583	
612	-3.516998	-7.501831	0	-0.2349548	-0.02032471	11.13118	-0.1160583	
613	-3.751434	-7.501831	0	0.2338985	-0.02032471	11.13118	-0.1160583	
614	-3.516998	-7.267395	0	0.2338985	-0.02032471	11.13118	-0.1160583	
615	-3.751434	-7.501831	0	0.7027628	-0.02032471	11.13118	-0.1160583	
616	-3.516998	-7.267395	0	-0.0005299754	-0.02032471	11.13118	-0.1160583	
617	-3.048157	-7.03299	0	-0.0005299754	-0.02032471	11.13118	-0.1160583	
618	-3.048157	-7.501831	0	0.2338984	-0.02032471	11.13118	-0.1160583	
619	-3.282593	-7.03299	0	-0.0005299792	-0.02032471	11.13118	-0.1160583	
620	-3.048157	-7.736267	0	0.7027628	-0.02032471	11.13118	-0.1160583	
621	-3.98587	-7.267395	0	-0.0005299221	-0.02032471	11.13118	-0.1160583	
622	-3.517029	-7.267395	0	-0.2349548	-0.02032471	11.13118	-0.1160583	
623	-3.517029	-7.267395	0	-0.0005299092	-0.02032471	11.13118	-0.1160583	
624	-3.751434	-7.267395	0	-0.0005299092	-0.02032471	11.13118	-0.1160583	
625	-3.751434	-8.439575	0	1.406064	-0.02032471	11.13118	-0.1160583	
626	-4.454742	-7.267395	0	0.702763	-0.02032471	11.13118	-0.1160583	
627	-3.516998	-7.267395	0	-0.0005298153	-0.02032471	11.13118	-0.1160583	
628	-3.516998	-7.267395	0	-0.0005298153	-0.02032471	11.13118	-0.1160583	
629	-3.048157	-7.267395	0	-0.0005298153	-0.02032471	11.13118	-0.1160583	
630	-3.282593	-7.03299	0	0.2338986	-0.02032471	11.13118	-0.1160583	
631	-3.282593	-7.970703	0	0.4683346	-0.02032471	11.13118	-0.1160583	
632	-3.98587	-7.03299	0	-0.000529784	-0.02032471	11.13118	-0.1160583	
633	-3.048157	-7.267395	0	-0.000529784	-0.02032471	11.13118	-0.1160583	
634	-3.751434	-7.501831	0	-0.2349548	-0.02032471	11.13118	-0.1160583	
635	-3.282593	-7.501831	0	0.2338986	-0.02032471	11.13118	-0.1160583	
636	-3.751434	-7.970703	0	1.640492	-0.02032471	11.13118	-0.1160583	
637	-4.454742	-7.267395	0	-0.0005297	-0.02032471	11.13118	-0.1160583	
638	-3.516998	-7.736267	0	-0.2349548	-0.02032471	11.13118	-0.1160583	
639	-3.516998	-7.501831	0	-0.2349548	-0.02032471	11.13118	-0.1160583	
640	-3.516998	-7.267395	0	-0.0005296551	-0.02032471	11.13118	-0.1160583	
641	-3.751434	-7.267395	0	-0.0005296551	-0.02032471	11.13118	-0.1160583	
642	-3.751434	-7.501831	0	0.7027631	-0.02032471	11.13118	-0.1160583	
643	-3.516998	-7.03299	0	-0.0005296553	-0.02032471	11.13118	-0.1160583	
644	-3.048157	-7.267395	0	-0.0005296553	-0.02032471	11.13118	-0.1160583	
645	-3.048157	-7.03299	0	-0.0005296553	-0.02032471	11.13118	-0.1160583	
646	-3.048157	-6.798553	0	-0.0005296553	-0.02032471	11.13118	-0.1160583	
647	-3.282593	-7.736267	0	0.9371991	-0.02032471	11.13118	-0.1160583	
648	-4.220306	-7.267395	0	-0.2349548	-0.02032471	11.13118	-0.1160583	
649	-3.751434	-7.267395	0	0.2338986	-0.02032471	11.13118	-0.1160583	
650	-3.751434	-7.501831	0	-0.0005297797	-0.02032471	11.13118	-0.1160583	
651	-3.516998	-7.267395	0	0.2338986	-0.02032471	11.13118	-0.1160583	
652	-3.751434	-8.439575	0	0.7027629	-0.02032471	11.13118	-0.1160583	
653	-4.220306	-7.267395	0	0.7027629	-0.02032471	11.13118	-0.1160583	
654	-3.516998	-7.267395	0	-0.0005298687	-0.02032471	11.13118	-0.1160583	
655	-3.048157	-7.267395	0	-0.2349548	-0.02032471	11.13118	-0.1160583	
656	-3.048157	-7.03299	0	0.2338985	-0.02032471	11.13118	-0.1160583	
657	-3.282593	-7.03299	0	-0.0005299131	-0.02032471	11.13118	-0.1160583	
658	-2.813721	-7.736267	0	0.7027629	-0.02032471	11.13118	-0.1160583	
659	-3.98587	-7.267395	0	-0.0005298687	-0.02032471	11.13118	-0.1160583	
660	-3.048157	-7.267395	0	-0.0005298687	-0.02032471	11.13118	-0.1160583	
661	-3.517029	-7.501831	0	-0.0005298687	-0.02032471	11.13118	-0.1160583	
662	-3.282593	-7.736267	0	-0.0005298687	-0.02032471	11.13118	-0.1160583	
663	-3.282593	-8.674011	0	1.406064	-0.02032471	11.13118	-0.1160583	
664	-4.689178	-7.501831	0	-0.2349548	-0.02032471	11.13118	-0.1160583	
665	-3.517029	-7.736267	0	-0.2349548	-0.02032471	11.13118	-0.1160583	
666	-3.282593	-7.267395	0	0.2338985	-0.02032471	11.13118	-0.1160583	
667	-3.751465	-7.501831	0	-0.0005298597	-0.02032471	11.13118	-0.1160583	
668	-3.517029	-7.501831	0	-0.0005298597	-0.02032471	11.13118	-0.1160583	
669	-3.751465	-7.267395	0	0.4683345	-0.02032471	11.13118	-0.1160583	
670	-3.517029	-7.03299	0	-0.2349548	-0.02032471	11.13118	-0.1160583	
671	-3.048157	-7.03299	0	-0.0005298952	-0.02032471	11.13118	-0.1160583	
672	-3.048157	-7.03299	0	0.2338985	-0.02032471	11.13118	-0.1160583	
673	-3.282593	-7.03299	0	-0.2349548	-0.02032471	11.13118	-0.1160583	
674	-3.048157	-7.970703	0	0.702763	-0.02032471	11.13118	-0.1160583	
675	-3.98587	-7.501831	0	-0.2349548	-0.02032471	11.13118	-0.1160583	
676	-3.517029	-7.267395	0	0.2338985	-0.02032471	11.13118	-0.1160583	
677	-3.751465	-7.267395	0	-0.0005299131	-0.02032471	11.13118	-0.1160583	
678	-3.751465	-7.267395	0	-0.0005299131	-0.02032471	11.13118	-0.1160583	
679	-3.517029	-8.439575	0	1.640492	-0.02032471	11.13118	-0.1160583	
680	-4.454742	-7.501831	0	0.4683344	-0.02032471	11.13118	-0.1160583	
681	-3.282593	-7.03299	0	-0.0005299186	-0.02032471	11.13118	-0.1160583	
682	-3.282593	-7.267395	0	-0.0005299186	-0.02032471	11.13118	-0.1160583	
683	-3.048157	-7.03299	0	-0.0005299186	-0.02032471	11.13118	-0.1160583	
684	-3.048157	-7.501831	0	-0.2349548	-0.02032471	11.13118	-0.1160583	
685	-3.048157	-7.970703	0	0.4683346	-0.02032471	11.13118	-0.1160583	
686	-3.98587	-7.03299	0	-0.2349548	-0.02032471	11.13118	-0.1160583	
687	-3.048157	-7.267395	0	-0.0005298826	-0.02032471	11.13118	-0.1160583	
688	-3.517029	-7.501831	0	-0.0005298826	-0.02032471	11.13118	-0.1160583	
689	-3.282593	-7.501831	0	0.2338985	-0.02032471	11.13118	-0.1160583	
690	-3.751465	-8.205139	0	1.640492	-0.02032471	11.13118	-0.1160583	
691	-4.454742	-7.267395	0	0.2338985	-0.02032471	11.13118	-0.1160583	
692	-3.751465	-7.267395	0	-0.0005298724	-0.02032471	11.13118	-0.1160583	
693	-3.517029	-7.501831	0	-0.0005298724	-0.02032471	11.13118	-0.1160583	
694	-3.751465	-7.03299	0	-0.2349548	-0.02032471	11.13118	-0.1160583	
695	-3.282593	-7.03299	0	-0.2349548	-0.02032471	11.13118	-0.1160583	
696	-3.282593	-7.970703	0	0.4683346	-0.02032471	11.13118	-0.1160583	
697	-3.751465	-7.03299	0	-0.0005298374	-0.02032471	11.13118	-0.1160583	
698	-3.282593	-7.501831	0	0.2338986	-0.02032471	11.13118	-0.1160583	
699	-3.282593	-7.267395	0	-0.2349548	-0.02032471	11.13118	-0.1160583	
700	-3.282593	-7.267395	0	0.2338986	-0.02032471	11.13118	-0.1160583	
701	-3.517029	-8.439575	0	1.171627	-0.02032471	11.13118	-0.1160583	
702	-4.454742	-7.501831	0	0.2338986	-0.02032471	11.13118	-0.1160583	
703	-3.517029	-7.267395	0	-0.0005298458	-0.02032471	11.13118	-0.1160583	
704	-3.517029	-7.267395	0	-0.2349548	-0.02032471	11.13118	-0.1160583	
705	-3.751465	-7.501831	0	-0.0005298559	-0.02032471	11.13118	-0.1160583	
706	-3.517029	-7.736267	0	-0.2349548	-0.1842346	11.1374	-0.09408569	
707	-3.517029	-7.736267	0	0.7027629	-0.3132629	11.3392	-0.01477051	
708	-3.751465	-7.267395	0	0.2338986	-0.3031311	12.48505	-0.08883667	
709	-3.048157	-6.798553	0	-0.0005298064	-0.2579956	12.43674	-0.1419067	
710	-2.110443	-7.501831	0	-0.0005298064	-0.1846619	12.43735	-0.1444702	
711	-2.813721	-7.501831	0	-0.0005298064	-0.1846619	12.43735	-0.1444702	
712	-2.813721	-8.674011	0	1.87492	-0.1038513	12.43807	-0.1383667	
713	-3.98587	-7.267395	0	-0.000529804	-0.1038513	12.43807	-0.1383667	
714	-2.813721	-7.267395	0	-0.2349548	-0.1038513	12.43807	-0.1383667	
715	-2.813721	-7.501831	0	0.2338986	-0.1038513	12.43807	-0.1383667	
716	-2.813721	-7.501831	0	0.2338986	-0.1038513	12.43807	-0.1383667	
717	-2.579285	-7.501831	0	-0.2349548	-0.1213989	12.45415	-0.1235352	
718	-2.579285	-7.970703	0	0.702763	-0.1624146	12.45383	-0.1185303	
719	-3.282593	-7.03299	0	0.2338986	-0.0642395	12.45463	-0.1273193	
720	-2.344849	-7.267395	0	-0.000529753	-0.08786011	12.45437	-0.1372375	
721	-2.110443	-6.798553	0	-0.000529753	-0.0803833	12.45448	-0.12854	
722	-2.110443	-7.03299	0	0.2338986	-0.0803833	12.45448	-0.12854	
723	-2.344849	-7.970703	0	0.702763	-0.0803833	12.45448	-0.12854	
724	-3.282593	-7.501831	0	-0.2349548	-0.0803833	12.45448	-0.12854	
725	-2.579285	-7.267395	0	-0.2349548	-0.0803833	12.45448	-0.12854	
726	-2.579285	-7.501831	0	-0.0005298559	-0.0803833	12.45448	-0.12854	
727	-2.579285	-7.267395	0	-0.2349548	-0.03192139	12.45492	-0.1248474	
728	-2.344849	-7.267395	0	0.2338985	0.1193832	12.09892	-0.03845215	
729	-2.813721	-7.736267	0	0.4683345	0.305877	11.77879	0.2441455	
730	-3.282593	-6.798553	0	6.797993	1.128909	11.72244	0.6834366	
731	-2.813721	-22.03662	0	25.55256	1.387013	9.899388	0.6402759	
732	-2.579285	-50.40289	0	26.49028	1.504242	9.659635	2.389421	
733	-2.579285	-67.51642	0	30.71006	1.896036	9.387039	2.349605	
734	-2.579285	-67.28198	0	32.11665	1.846532	8.952921	5.401682	
735	-6.799072	-37.27472	0	31.41336	4.376318	9.323317	5.979374	
736	-31.64886	-7.501831	0	29.5379	6.234164	10.07988	11.21184	
737	-53.91989	0.4688486	0	30.00677	12.67683	9.391317	9.65867	
738	-60.95288	0.7032846	0	30.00677	24.19253	7.482038	7.599341	
739	-60.95288	0.2344202	0	30.2412	44.3261	3.759466	1.557407	
740	-51.81	-0.4688721	0	31.17893	68.11819	-9.532013	-17.05301	
741	-41.72943	0.2344203	0	72.20454	73.99891	-58.7146	-86.80286	
742	-10.31555	-8.124804E-06	0	79.9408	69.89458	-75.93033	-126.2919	
743	-2.813721	-8.124804E-06	0	79.9408	68.66066	-85.54562	-135.2898	
744	-2.813721	-4.923096	0	79.9408	64.31105	-100.9333	-145.4133	
745	-2.579285	-9.142853	0	80.17522	54.95731	-108.7765	-151.7053	
746	-3.517029	-8.439575	0	83.69171	48.83756	-110.4632	-156.6693	
747	-3.048157	-7.970703	0	90.25581	48.59201	-112.4671	-161.7682	
748	-2.813721	-0.9377441	0	91.42797	45.6274	-117.3735	-174.0221	
749	-1.641571	-0.9377441	0	91.42797	39.47993	-118.2764	177.4168	
750	-1.641571	-0.7033081	0	94.24117	35.67599	-116.7306	176.1036	
751	-1.407135	-1.406616	0	100.102	32.19369	-117.9046	174.3775	
752	-2.813721	-1.17218	0	109.0104	30.96553	-119.5116	173.615	
753	-1.876007	-2.34433	0	111.3547	30.69238	-122.9746	174.0562	
754	-2.110443	-6.095245	0	111.1203	30.7486	-123.0058	176.791	
755	-1.876007	-11.25275	0	111.1203	30.42974	-122.5757	177.8953	
756	-1.876007	-18.75458	0	110.6514	30.49763	-123.9159	178.1076	
757	-2.813721	-29.77289	0	108.0726	30.07495	-125.4682	-179.291	
758	-2.579285	-39.85345	0	97.99207	29.73814	-127.063	-174.5787	
759	-1.876007	-49.93402	0	83.45728	30.21259	-127.646	-167.3343	
760	-1.641571	-51.1062	0	80.6441	30.71805	-128.109	-162.1015	
761	-1.641571	-49.23074	0	83.22285	30.17091	-129.1727	-164.3424	
762	-1.407135	-41.96335	0	91.42798	29.84975	-129.002	-169.1922	
763	-2.344849	-41.0256	0	94.00673	29.73717	-128.4376	-172.615	
764	-1.876007	-42.66663	0	93.53787	29.69173	-127.6988	-169.741	
765	-1.876007	-56.02927	0	87.9115	29.16449	-127.0894	-163.7769	
766	-1.876007	-68.6886	0	81.11297	29.73478	-126.3611	-157.0127	
767	-1.876007	-75.72156	0	80.17524	29.69968	-124.8907	-153.5529	
768	-2.813721	-80.64462	0	80.40968	28.61605	-124.02	-152.9126	
769	-2.579285	-86.03656	0	80.40968	28.27762	-124.0158	-154.3908	
770	-2.110443	-88.84973	0	85.33274	28.54181	-124.3306	-156.9854	
771	-1.407135	-89.08417	0	91.19354	28.58735	-124.234	-160.2177	
772	-1.641571	-88.84973	0	94.94445	27.84728	-124.2508	-163.6495	
773	-1.407135	-88.6153	0	98.46095	26.48549	-124.1802	-167.4057	
774	-2.579285	-85.56769	0	104.3217	25.13584	-124.2706	-172.1134	
775	-1.876007	-72.90839	0	109.9481	23.69817	-124.4774	-179.1102	
776	-2.110443	-48.52744	0	116.2778	23.06171	-123.6261	173.0349	
777	-1.876007	-25.31866	0	118.6221	21.49048	-121.9152	166.213	
778	-1.876007	-1.641052	0	118.6221	22.03572	-121.5243	165.4256	
779	-5.861328	-0.9377441	0	119.3254	22.53352	-121.5267	164.6325	
780	-5.158051	-19.22345	0	120.0287	23.75501	-120.8937	167.7828	
781	-2.813721	-45.9487	0	104.7906	24.64315	-120.4058	-176.5491	
782	-2.344849	-58.60803	0	93.7723	26.5857	-120.1901	-166.3405	
783	-2.110443	-66.81314	0	86.03604	28.28648	-121.5597	-162.1897	
784	-2.344849	-73.37723	0	75.4866	29.45219	-122.6366	-157.1628	
785	-3.282593	-80.64462	0	71.50126	30.43295	-122.9589	-152.3621	
786	-2.579285	-94.00726	0	71.97012	30.08757	-123.7469	-155.6487	
787	-2.813721	-98.22705	0	71.73569	29.6183	-124.899	-154.9608	
788	-2.579285	-101.978	0	71.97012	29.64232	-125.3206	-153.9395	
789	-2.813721	-101.978	0	72.43899	29.42078	-125.9503	-153.8629	
790	-3.517029	-102.4468	0	73.61115	29.15283	-125.5595	-154.089	
791	-3.048157	-102.6812	0	77.83092	28.11168	-124.6535	-155.6614	
792	-2.579285	-103.1501	0	82.75399	26.98873	-123.7033	-158.1777	
793	-2.344879	-103.1501	0	87.2082	26.78448	-122.817	-159.6747	
794	-2.344879	-105.9633	0	94.71003	26.53328	-120.9365	-162.7113	
795	-2.344879	-105.26	0	102.2119	25.84309	-119.1284	-169.1343	
796	-3.048157	-105.7289	0	103.8529	24.53918	-118.5859	-171.8832	
797	-2.579285	-112.0585	0	103.8529	23.12148	-118.2127	-173.7396	
798	-2.579285	-118.857	0	103.8529	21.76292	-117.2803	-174.7892	
799	-2.579285	-122.8424	0	106.9005	20.24061	-115.507	-178.2278	
800	-2.813721	-124.0146	0	106.9005	16.68778	-114.072	-178.0934	
801	-3.751465	-124.7178	0	107.3694	13.76701	-114.5982	-179.7269	
802	-3.048157	-124.9523	0	107.3694	12.44	-115.0035	-179.4406	
803	-2.579285	-125.6556	0	107.3694	14.01476	-113.7736	-178.2183	
804	-2.579285	-125.6556	0	107.6038	16.05131	-113.3629	-176.4042	
805	-2.344879	-125.6556	0	107.3694	12.99197	-113.4003	-173.7103	
806	-2.344879	-124.4834	0	107.1349	10.81541	-113.5852	-171.5625	
807	-3.048157	-125.1867	0	107.3694	9.077199	-114.1498	-171.3915	
808	-2.813721	-125.1867	0	107.1349	7.226901	-114.9628	-169.8185	
809	-2.579285	-125.1867	0	112.7613	6.211171	-118.4382	-167.9893	
810	-2.813721	-125.4211	0	117.6844	4.849023	-123.5209	-162.0563	
811	-2.344879	-124.0146	0	118.1532	3.686513	-125.0152	-158.0911	
812	-3.751465	-124.4834	0	118.3877	4.167692	-125.006	-159.1631	
813	-2.813721	-125.1867	0	118.3877	4.017308	-124.0721	-160.5581	
814	-2.579285	-125.6556	0	115.34	3.742803	-124.4697	-160.0763	
815	-2.110443	-125.1867	0	113.699	2.994126	-125.8825	-159.2653	
816	-2.110443	-125.6556	0	112.058	0.5357311	-126.1725	-160.6689	
817	-2.110443	-124.4834	0	110.8858	-2.042847	-127.4539	-161.616	
818	-2.813721	-125.1867	0	110.8858	-3.997894	-128.5601	-162.2911	
819	-2.579285	-125.1867	0	110.8858	-6.471313	-129.2336	-162.722	
820	-2.579285	-125.1867	0	109.2448	-8.813202	-129.9366	-163.3188	
821	-2.579285	-125.1867	0	107.8382	-10.26596	-130.577	-163.83	
822	-2.344879	-123.5457	0	105.025	-10.83725	-131.4736	-164.6048	
823	-3.751465	-124.7178	0	104.5562	-11.04776	-132.3458	-165.5597	
824	-2.579285	-125.1867	0	105.025	-11.5769	-133.5151	-165.9932	
825	-2.344879	-125.6556	0	104.7906	-11.34363	-134.9036	-166.2073	
826	-1.876007	-125.4211	0	104.5562	-11.18665	-135.739	-166.2265	
827	-1.876007	-125.6556	0	103.384	-10.76736	-136.3063	-165.6842	
828	-2.110443	-124.4834	0	101.2741	-10.26999	-136.445	-164.9341	
829	-3.048157	-125.4211	0	101.2741	-9.967102	-136.894	-164.2251	
830	-2.579285	-125.1867	0	101.2741	-9.169891	-137.165	-163.4379	
831	-2.344879	-126.1245	0	101.2741	-8.0065	-136.9921	-161.9762	
832	-2.344879	-128.7032	0	98.46095	-6.190247	-136.227	-157.5493	
833	-8.908966	-126.8277	0	83.45731	-3.028473	-135.1786	-146.0759	
834	-32.82101	-128.2343	0	15.94088	0.779989	-133.7328	-126.2538	
835	-58.13968	-128.7032	0	19.45736	5.220247	-132.0608	-100.3261	
836	-80.87958	-128.9376	0	6.798026	8.016234	-131.1947	-83.93774	
837	-87.67813	-128.9376	0	2.812682	8.761294	-131.5029	-82.80884	
838	-87.67813	-129.1721	0	-0.2349243	8.916691	-131.6759	-82.81342	
839	-87.67813	-127.7655	0	0.7027958	8.891788	-131.9861	-82.90155	
840	-87.4437	-128.7032	0	-0.2349243	8.856896	-132.305	-84.3949	
841	-87.67813	-128.4688	0	-0.0004970123	8.491961	-132.3578	-86.51718	
842	-87.4437	-128.4688	0	-0.0004970123	8.36363	-132.5146	-88.05591	
843	-87.4437	-128.7032	0	-0.2349243	8.641098	-132.4285	-88.92639	
844	-87.4437	-127.531	0	7.735755	8.814107	-132.3921	-91.15021	
845	-86.97482	-127.9999	0	13.36213	8.878724	-132.2098	-93.24127	
846	-87.20926	-128.2343	0	19.45736	8.266075	-131.6623	-96.76367	
847	-86.27151	-128.9376	0	23.91157	7.707114	-131.4887	-98.18976	
848	-85.80267	-128.7032	0	30.47566	7.130698	-131.5159	-100.0103	
849	-84.39606	-128.9376	0	33.75771	6.728292	-131.5029	-101.522	
850	-83.45834	-127.9999	0	35.39873	6.559649	-131.8176	-101.8477	
851	-83.22391	-128.4688	0	34.92987	6.46081	-132.1017	-101.9882	
852	-83.22391	-128.2343	0	37.50862	6.141938	-132.5193	-103.5452	
853	-80.41074	-128.4688	0	38.21192	6.456639	-133.7879	-107.2576	
854	-76.65982	-128.7032	0	37.97749	6.971148	-134.5428	-110.7888	
855	-72.90891	-127.2966	0	38.68078	6.807477	-134.8997	-114.1921	
856	-71.50232	-127.9999	0	38.44635	6.992787	-134.4553	-114.0835	
857	-71.26788	-128.2343	0	37.97749	7.656468	-134.0447	-113.7814	
858	-71.50232	-128.2343	0	34.22659	8.305761	-133.8936	-113.5265	
859	-71.50232	-128.4688	0	34.46101	8.591227	-133.5757	-114.1204	
860	-70.33017	-128.7032	0	34.46101	8.773355	-133.1499	-114.6907	
861	-69.62686	-127.0621	0	35.8676	8.964244	-132.7573	-115.8263	
862	-68.22028	-128.4688	0	38.21193	8.93371	-132.4873	-118.1494	
863	-65.4071	-128.2343	0	42.90057	8.61156	-131.8283	-121.2424	
864	-61.42175	-128.9376	0	48.52693	8.227672	-131.5202	-125.4125	
865	-57.4364	-128.7032	0	51.34012	7.845692	-131.1807	-129.2328	
866	-54.62323	-128.4688	0	52.51228	7.505145	-130.8622	-131.105	
867	-53.68549	-127.7654	0	53.21558	7.344878	-130.5228	-131.6726	
868	-53.68549	-128.4688	0	53.45	7.385456	-130.5329	-131.8066	
869	-53.45105	-128.4688	0	53.21558	7.377041	-130.6261	-132.0557	
870	-53.45105	-128.2343	0	53.21558	7.144019	-130.857	-132.6971	
871	-53.45105	-128.2343	0	53.21558	6.908746	-130.7733	-133.158	
872	-53.45105	-127.2966	0	53.91887	6.511853	-130.9395	-133.9531	
873	-53.45105	-128.2343	0	53.45	5.75734	-131.1022	-134.8275	
874	-53.45105	-128.4688	0	53.21558	4.601573	-130.8787	-134.6195	
875	-53.45105	-128.9376	0	53.21558	3.375076	-130.8936	-133.4058	
876	-53.45105	-128.9376	0	52.98114	2.780871	-131.6834	-131.8406	
877	-53.21661	-128.9376	0	52.74671	2.494015	-131.8056	-131.043	
878	-53.45105	-127.7654	0	51.80898	2.340088	-130.9744	-130.7831	
879	-53.45105	-128.7032	0	50.87125	2.274704	-130.9351	-130.4996	
880	-53.45105	-128.7032	0	50.63682	2.175103	-131.2311	-130.5495	
881	-53.45105	-128.7032	0	50.63682	2.640106	-131.1495	-130.4497	
882	-53.45105	-128.9376	0	49.93352	3.194237	-130.671	-130.2431	
883	-53.68549	-127.531	0	48.52693	3.320976	-131.0682	-129.2184	
884	-53.91992	-128.4688	0	45.24489	3.770376	-131.8269	-127.6442	
885	-53.45105	-129.172	0	44.07273	3.894503	-131.9981	-126.364	
886	-53.68549	-129.4065	0	43.135	4.095359	-132.0886	-125.5903	
887	-53.68549	-129.4065	0	42.43171	4.113904	-132.0725	-124.9795	
888	-53.45105	-129.6409	0	41.96284	4.103542	-132.036	-124.567	
889	-53.45105	-128.4688	0	42.43171	4.112631	-132.2149	-124.6393	
890	-53.45105	-128.9376	0	41.96284	4.456449	-132.3999	-125.0109	
891	-51.57562	-128.9376	0	41.96284	4.920517	-132.6355	-125.5993	
892	-49.46573	-128.7032	0	41.96284	5.406845	-132.6901	-125.8217	
893	-48.99686	-126.3589	0	41.72841	5.923372	-132.6633	-125.6563	
894	-48.99686	-123.5457	0	42.90057	6.235899	-132.5502	-125.6602	
895	-48.99686	-124.4834	0	42.66614	6.426894	-132.0773	-126.0123	
896	-46.65253	-124.9523	0	42.66614	7.057716	-131.5681	-126.3532	
897	-44.07379	-125.4211	0	42.90057	7.527631	-131.2206	-126.4001	
898	-41.49503	-125.4211	0	48.05807	8.106545	-132.2608	-127.8354	
899	-35.63425	-125.1867	0	54.38774	9.325613	-132.4011	-131.3027	
900	-27.42911	-124.4834	0	64.70275	10.61685	-132.9083	-136.6419	
901	-18.28625	-124.7178	0	75.25219	10.33436	-134.5377	-144.4336	
902	-7.50238	-124.0145	0	78.76867	9.996838	-134.7168	-148.9684	
903	-6.564667	-123.7801	0	79.00311	9.676392	-134.8589	-149.4737	
904	-6.564667	-123.7801	0	79.23754	9.08833	-135.0248	-149.2898	
905	-6.564667	-122.6079	0	79.23754	8.247588	-135.3948	-149.7766	
906	-7.50238	-123.7801	0	79.00311	7.879464	-135.5121	-149.5042	
907	-6.799103	-124.249	0	76.89323	8.304448	-135.7177	-147.4938	
908	-6.564667	-125.1867	0	64.23389	9.556703	-135.2011	-140.7459	
909	-7.736816	-124.9522	0	25.08375	11.93345	-134.0665	-127.0819	
910	-28.36682	-125.1867	0	-0.0004716252	14.37671	-132.7157	-107.239	
911	-44.7771	-124.249	0	1.406122	15.6803	-132.2915	-101.5809	
912	-48.29358	-124.7178	0	-0.2348938	16.40026	-132.5383	-100.9044	
913	-49.70016	-124.7178	0	-0.2348938	16.36082	-132.8005	-101.774	
914	-49.46573	-124.7178	0	0.2339568	16.21652	-132.8139	-102.0507	
915	-49.9346	-124.9522	0	-0.2348938	15.99826	-132.7722	-101.7152	
916	-50.63788	-124.0145	0	1.874979	15.81422	-132.7157	-102.4677	
917	-50.87231	-124.4834	0	0.7028213	15.66981	-132.8387	-104.1971	
918	-50.87231	-124.7178	0	7.266916	15.60073	-133.1485	-105.9926	
919	-50.63788	-124.9522	0	16.6442	15.11082	-133.3382	-109.0715	
920	-50.63788	-125.1867	0	27.19364	14.69508	-133.6416	-114.081	
921	-50.40344	-124.9522	0	35.39876	14.10952	-133.9176	-118.6848	
922	-47.82471	-123.3112	0	41.96286	13.54895	-134.0643	-121.5999	
923	-46.41812	-124.9523	0	46.18264	13.28987	-134.2401	-123.4622	
924	-44.30823	-124.9523	0	49.69912	13.00779	-134.7184	-125.84	
925	-42.19833	-124.9523	0	54.38775	12.75845	-134.7623	-127.5296	
926	-40.32288	-124.7178	0	58.60752	12.35431	-134.7761	-129.8156	
927	-37.27527	-124.7178	0	63.5306	12.01931	-134.9285	-133.0525	
928	-33.28992	-124.249	0	67.98481	11.68606	-135.2959	-136.7041	
929	-30.24231	-124.9522	0	71.50129	11.50354	-136.0534	-139.9064	
930	-27.89798	-124.9522	0	74.31448	11.64104	-136.359	-141.5812	
931	-27.66354	-125.1867	0	78.06539	11.03456	-137.6162	-144.9295	
932	-27.19467	-124.9522	0	81.11302	10.32164	-138.9406	-148.9215	
933	-26.02252	-123.3112	0	81.34745	10.00669	-139.5109	-151.1878	
934	-26.02252	-124.9523	0	81.34745	9.599034	-139.4659	-151.419	
935	-24.14706	-124.9523	0	67.0471	8.348804	-139.7933	-152.963	
936	-20.86502	-124.9523	0	84.6295	7.061457	-140.7905	-156.9243	
937	-15.94196	-124.9523	0	86.97382	6.330515	-141.5645	-160.9753	
938	-11.72217	-125.89	0	88.14598	5.104993	-142.4279	-164.7422	
939	-7.033539	-125.6555	0	88.14598	4.420989	-143.0173	-166.6572	
940	-7.267975	-126.5933	0	88.14598	3.880791	-143.8035	-167.3811	
941	-6.799103	-126.8277	0	88.14598	3.701861	-144.4131	-168.4099	
942	-7.033539	-127.0621	0	88.14598	3.678077	-145.3037	-170.2687	
943	-6.564667	-126.8277	0	88.38041	3.919441	-145.945	-171.0689	
944	-6.799103	-125.6555	0	88.14598	4.062294	-146.1043	-171.2844	
945	-7.971252	-127.2966	0	88.38041	4.033714	-146.2657	-171.2688	
946	-6.799103	-127.0621	0	88.14598	3.993839	-146.6431	-171.1939	
947	-6.799103	-127.531	0	88.14598	4.163542	-146.8006	-170.9066	
948	-6.330231	-127.531	0	88.14598	4.14711	-146.9911	-170.8307	
949	-5.861359	-127.7654	0	88.14598	4.264236	-147.1332	-170.8593	
950	-5.626953	-126.3589	0	88.14598	4.246676	-147.2735	-170.8908	
951	-6.330231	-127.2966	0	88.14598	4.33111	-147.5755	-171.2487	
952	-5.626953	-127.2966	0	88.14598	4.330307	-147.7057	-171.3164	
953	-5.861359	-128.2343	0	88.14598	4.279876	-147.7432	-171.4746	
954	-5.861359	-131.2819	0	88.38041	4.680067	-147.3882	-170.7182	
955	-5.861359	-133.6263	0	88.14598	5.360846	-147.4592	-169.2439	
956	-6.799103	-137.846	0	88.14598	5.822382	-146.8655	-168.1303	
957	-5.861359	-138.5493	0	88.38041	6.16481	-146.7595	-166.9753	
958	-5.626953	-139.487	0	88.14598	7.205826	-146.4101	-164.9858	
959	-5.392517	-139.7215	0	88.14598	8.066672	-145.3766	-162.1588	
960	-5.626953	-139.7215	0	88.38041	8.41096	-144.8141	-160.5382	
961	-5.392517	-138.5493	0	88.14598	9.485693	-143.8286	-159.09	
962	-6.564667	-139.2526	0	83.45734	10.88445	-142.4454	-154.1963	
963	-6.564667	-139.0182	0	79.94086	12.13414	-140.9932	-145.9146	
964	-15.47308	-139.2526	0	74.08006	13.40913	-140.1816	-138.511	
965	-24.14706	-139.2526	0	72.67347	13.82615	-140.2083	-133.938	
966	-27.66354	-137.6116	0	72.9079	14.14871	-140.4214	-132.8737	
967	-28.36685	-133.8607	0	72.67347	14.25921	-140.5029	-133.2215	
968	-37.97858	-113.2307	0	60.71744	15.31548	-140.0142	-127.7636	
969	-69.86133	-93.30396	0	25.78707	17.39935	-137.6699	-106.3344	
970	-107.136	-91.89734	0	-0.0004496363	18.74014	-134.4714	-83.6647	
971	-124.2495	-91.89734	0	0.2339787	19.7454	-134.3865	-76.61011	
972	-124.7184	-88.6153	0	0.9372791	19.35012	-134.0873	-78.05698	
973	-123.5462	-87.44315	0	-0.0004496712	19.01551	-134.4639	-81.08817	
974	-124.484	-87.44315	0	-0.2348938	19.5175	-135.9331	-83.98883	
975	-124.484	-87.20871	0	-0.0004496814	19.83155	-137.0941	-86.26578	
976	-124.484	-86.73984	0	-0.2348938	20.04387	-138.6129	-91.8316	
977	-124.484	-84.62994	0	1.640572	21.02272	-138.8406	-95.67319	
978	-123.3118	-82.52008	0	0.7028431	22.16953	-140.0152	-101.4126	
979	-124.0151	-79.23801	0	-0.0004496688	22.96758	-139.8648	-102.5041	
980	-124.484	-71.50177	0	3.281594	22.43066	-139.7293	-105.2024	
981	-124.7184	-64.46881	0	11.48672	21.53743	-139.3829	-109.6826	
982	-124.9528	-58.608	0	18.51968	21.20179	-138.9298	-113.3194	
983	-124.9528	-56.02924	0	22.73945	20.91609	-138.6845	-115.8757	
984	-123.7807	-53.21606	0	25.31821	20.30656	-138.8452	-117.3493	
985	-124.2495	-48.05856	0	28.83469	19.33554	-138.7074	-119.9244	
986	-124.484	-42.19775	0	32.5856	18.55455	-138.2349	-122.6712	
987	-124.2495	-38.44684	0	33.75776	17.81214	-137.9428	-124.7896	
988	-124.484	-37.50912	0	34.46105	17.85684	-138.2167	-125.2819	
989	-123.3118	-36.33698	0	34.22662	18.04284	-138.7186	-125.1836	
990	-123.7807	-34.93036	0	33.52333	17.66167	-139.0142	-125.7037	
991	-124.2495	-30.94501	0	33.75776	16.85839	-138.9219	-126.3666	
992	-124.9528	-29.06958	0	33.75776	16.58386	-139.7077	-126.6201	
993	-124.7184	-28.83514	0	33.75776	16.91491	-140.4401	-126.3529	
994	-124.7184	-29.53842	0	34.22663	17.2989	-139.958	-126.0578	
995	-123.7807	-29.06958	0	33.2889	17.83148	-137.6971	-123.9419	
996	-124.2495	-37.50912	0	29.06912	18.58869	-136.7631	-121.1651	
997	-124.484	-49.69958	0	23.67718	19.67355	-134.6828	-118.2612	
998	-124.2495	-67.51642	0	22.50502	20.57607	-133.062	-117.2155	
999	-116.9821	-80.87903	0	23.44275	22.37876	-132.7048	-118.7511	
1000	-104.3228	-82.05121	0	26.25594	23.63338	-132.3064	-121.8946	
1001	-100.3375	-82.28564	0	37.50867	22.80183	-131.6711	-126.5133	
1002	-93.77338	-82.28564	0	48.76141	21.7321	-131.5018	-133.0565	
1003	-87.44373	-82.28564	0	55.32551	20.63236	-131.2752	-137.486	
1004	-84.86496	-82.05121	0	55.79437	19.47206	-130.8732	-137.8217	
1005	-84.86496	-81.81677	0	56.7321	19.03989	-130.6848	-137.1513	
1006	-84.39612	-81.81677	0	57.90425	18.52005	-130.823	-137.0466	
1007	-84.63052	-82.05121	0	60.71745	17.88834	-130.8108	-137.7898	
1008	-84.63052	-81.81677	0	63.2962	16.9974	-130.6571	-138.1662	
1009	-84.86496	-81.81677	0	64.93723	14.68553	-129.932	-137.7233	
1010	-84.63052	-81.58234	0	65.17166	11.79461	-129.2689	-136.9712	
1011	-84.39609	-81.81677	0	65.17166	9.068597	-128.9763	-136.5197	
1012	-84.39609	-81.81677	0	64.93723	6.67999	-129.6243	-136.7877	
1013	-84.86496	-82.28564	0	64.93723	4.363128	-130.6811	-136.392	
1014	-84.86496	-82.52008	0	64.93723	1.977451	-131.3464	-134.5273	
1015	-84.86496	-82.28564	0	65.17166	-0.3516846	-133.03	-132.5956	
1016	-84.86496	-83.45779	0	65.17166	-0.8720398	-135.544	-130.1688	
1017	-84.63052	-86.271	0	64.7028	-0.5782166	-138.1929	-126.5703	
1018	-85.0994	-87.91202	0	62.35848	0.2258118	-140.1475	-124.4567	
1019	-85.0994	-87.67758	0	60.24859	1.113905	-141.2568	-122.652	
1020	-85.0994	-88.14645	0	58.13871	1.348667	-142.3778	-122.1245	
1021	-85.3338	-89.78748	0	54.62223	2.166056	-143.4254	-120.7897	
1022	-84.86496	-91.66293	0	52.27791	3.464981	-143.9975	-119.2539	
1023	-85.0994	-91.89734	0	51.80904	4.303118	-144.1093	-118.2539	
1024	-85.0994	-92.36621	0	50.63689	4.12829	-144.0396	-118.4098	
1025	-85.33383	-92.36621	0	48.05813	3.945919	-144.0995	-118.4736	
1026	-85.33383	-92.13177	0	47.35484	3.915684	-144.2179	-119.1931	
1027	-85.33383	-91.89734	0	47.58927	4.072878	-144.1042	-119.9723	
1028	-84.86496	-91.89734	0	47.35484	4.193934	-144.0177	-119.9847	
1029	-85.0994	-92.13181	0	47.35484	4.220116	-144.0207	-120.0757	
1030	-85.0994	-92.13181	0	47.58926	4.213182	-143.9306	-120.2347	
1031	-85.0994	-92.13181	0	47.58926	4.248839	-143.8401	-120.37	
1032	-85.0994	-91.19406	0	48.527	4.226932	-143.8475	-120.6342	
1033	-84.63052	-91.89734	0	48.05813	4.296816	-143.6432	-120.5858	
1034	-85.0994	-92.13181	0	47.35484	4.313653	-143.5878	-120.7931	
1035	-85.0994	-91.89737	0	47.35484	4.36243	-143.5743	-121.0653	
1036	-85.33383	-92.13181	0	46.41711	4.419994	-143.5369	-121.1368	
1037	-85.33383	-91.89737	0	45.94824	4.40528	-143.563	-121.135	
1038	-85.0994	-91.4285	0	46.41711	4.402843	-143.4395	-120.9845	
1039	-84.63052	-93.30396	0	44.30722	4.610954	-143.3773	-120.4873	
1040	-85.0994	-93.53839	0	42.66619	4.642025	-143.4358	-119.8499	
1041	-85.0994	-94.2417	0	39.14971	4.621958	-143.3867	-119.6971	
1042	-85.0994	-95.17941	0	32.82005	4.755696	-143.3467	-118.7381	
1043	-85.0994	-95.64828	0	26.25595	5.117229	-143.3734	-117.844	
1044	-85.0994	-95.88272	0	22.97391	5.390826	-143.3117	-117.4161	
1045	-84.86496	-96.11716	0	18.28526	5.521865	-143.0759	-116.6975	
1046	-85.0994	-96.11716	0	15.47208	5.551661	-142.8918	-116.1824	
1047	-85.0994	-96.11716	0	14.06549	5.613232	-142.8324	-116.0339	
1048	-85.0994	-96.35159	0	13.36219	5.535557	-142.7933	-115.9097	
1049	-85.0994	-95.64828	0	13.3622	5.569961	-142.7648	-115.8394	
1050	-84.63052	-96.11716	0	12.65889	5.575316	-142.3877	-115.8853	
1051	-85.0994	-96.11716	0	12.19003	5.63315	-142.346	-115.8985	
1052	-85.0994	-96.35156	0	12.42447	5.727217	-142.1369	-115.8927	
1053	-85.0994	-96.586	0	12.19003	5.733797	-141.903	-115.8814	
1054	-85.0994	-96.11716	0	12.19003	5.78115	-141.6679	-115.8807	
1055	-85.0994	-95.88272	0	13.12776	5.782355	-141.4869	-115.9138	
1056	-84.86496	-96.35156	0	12.19003	5.766566	-141.1587	-115.9121	
1057	-85.33383	-96.586	0	12.42447	5.845882	-141.0115	-115.8701	
1058	-85.0994	-96.35156	0	12.42447	5.884526	-140.7852	-115.7756	
1059	-85.33383	-96.586	0	12.19003	6.006552	-140.5805	-115.7257	
1060	-85.33383	-96.35156	0	12.89333	6.078429	-140.5942	-115.4885	
1061	-84.86496	-96.82043	0	12.6589	6.284458	-140.637	-115.3798	
1062	-85.0994	-96.82043	0	12.42447	6.469686	-140.6411	-115.3466	
1063	-85.0994	-96.82043	0	12.42447	6.690096	-140.4295	-115.46	
1064	-85.0994	-97.05487	0	12.42447	6.649639	-140.2166	-115.4179	
1065	-85.0994	-96.35156	0	13.83106	6.414936	-139.9798	-115.6606	
1066	-84.63052	-96.82043	0	12.89333	6.046969	-139.8056	-115.8664	
1067	-85.0994	-97.05487	0	12.42447	6.095709	-139.7582	-115.8836	
1068	-85.0994	-97.05487	0	11.2523	5.986096	-139.5932	-115.9469	
1069	-85.33383	-97.28931	0	9.845716	5.919343	-139.4108	-115.7958	
1070	-85.33383	-97.28931	0	9.142415	5.831	-139.141	-115.5389	
1071	-85.0994	-97.28931	0	8.907987	5.994102	-138.8193	-115.2225	
1072	-84.86496	-98.22705	0	5.391506	6.150438	-138.6599	-114.5643	
1073	-85.0994	-98.46146	0	4.922641	6.204725	-138.5672	-114.3715	
1074	-85.0994	-98.69589	0	5.391506	6.215067	-138.5961	-114.4744	
1075	-85.0994	-98.69589	0	5.15707	6.400664	-138.4753	-114.4254	
1076	-85.33383	-98.69589	0	5.625935	6.587324	-138.1862	-114.7701	
1077	-85.33383	-98.22705	0	5.860363	6.596511	-138.137	-116.21	
1078	-84.86496	-99.63361	0	5.625934	6.78792	-137.5146	-118.3866	
1079	-84.63052	-101.5091	0	5.391506	6.755512	-137.4733	-118.5752	
1080	-83.45837	-102.6812	0	5.625935	7.316823	-137.345	-118.6593	
1081	-82.52063	-103.1501	0	5.391507	7.42372	-137.2826	-118.577	
1082	-81.81735	-102.4468	0	7.501393	7.201447	-137.1517	-118.8593	
1083	-81.11404	-102.9157	0	6.0948	7.533033	-136.8408	-118.7175	
1084	-81.58292	-103.1501	0	5.391508	8.071286	-136.4936	-117.9826	
1085	-81.58292	-103.3845	0	7.501394	8.689698	-136.0704	-117.2508	
1086	-81.81735	-103.3845	0	12.6589	9.559166	-135.2777	-117.354	
1087	-81.81735	-103.619	0	13.12776	9.958748	-135.104	-117.4953	
1088	-81.81735	-102.9157	0	13.59663	9.79932	-135.1831	-117.6907	
1089	-81.34848	-103.3845	0	13.12776	9.012195	-135.3315	-117.7464	
1090	-81.58295	-103.1501	0	13.12776	7.818849	-135.3301	-117.3079	
1091	-81.58295	-102.9157	0	12.6589	6.235935	-135.4243	-116.4862	
1092	-81.58295	-103.1501	0	11.2523	3.52634	-135.2854	-115.4333	
1093	-81.58295	-102.4468	0	10.31457	1.2687	-134.9058	-114.6463	
1094	-81.34851	-102.9156	0	8.673552	0.6357859	-134.6849	-113.9364	
1095	-81.58295	-103.1501	0	6.0948	0.2152249	-134.5125	-113.0752	
1096	-81.58295	-103.1501	0	-0.0004294467	-0.6852417	-134.139	-111.7613	
1097	-81.58295	-103.1501	0	-0.2348633	-1.581299	-134.0355	-110.9881	
1098	-81.81738	-103.1501	0	-0.0004294436	-1.12381	-133.9908	-110.9512	
1099	-81.58295	-102.4468	0	2.343885	-0.2201538	-134.0611	-111.0563	
1100	-81.11407	-103.3845	0	-0.0004292991	-0.02050781	-134.153	-110.9542	
1101	-81.58295	-103.1501	0	5.157072	-0.09561157	-134.2735	-111.0328	
1102	-81.58295	-103.1501	0	9.142416	0.2404848	-134.2766	-111.388	
1103	-81.58295	-103.1501	0	16.40981	0.6807895	-134.3885	-112.1742	
1104	-81.81738	-103.1501	0	22.03618	1.065655	-134.4137	-112.9802	
1105	-81.58295	-102.6812	0	32.82006	1.314471	-134.5799	-114.8793	
1106	-80.87964	-103.1501	0	39.38415	1.603068	-134.8775	-117.7374	
1107	-77.83203	-103.1501	0	44.54165	1.473996	-135.6331	-120.9506	
1108	-75.4877	-103.1501	0	46.18269	1.519559	-136.1082	-123.2357	
1109	-74.78442	-103.1501	0	46.18269	1.610511	-136.5444	-123.3906	
1110	-74.78442	-103.1501	0	46.18269	1.729486	-136.9109	-123.3839	
1111	-74.78442	-102.9156	0	46.41711	1.533549	-137.3214	-123.2674	
1112	-74.54999	-103.1501	0	45.94824	1.682772	-138.0752	-122.9719	
1113	-74.54999	-103.1501	0	45.71381	1.704127	-138.2142	-122.8816	
1114	-74.78442	-103.1501	0	45.47937	1.749495	-138.5071	-122.581	
1115	-74.78442	-103.1501	0	45.47937	2.156874	-138.5602	-122.5471	
1116	-74.78442	-102.4468	0	45.24493	2.34127	-138.8255	-122.3842	
1117	-74.54999	-102.9156	0	44.54163	2.363219	-139.0804	-122.2502	
1118	-74.78442	-103.1501	0	44.30721	2.404799	-139.2848	-122.1873	
1119	-74.78442	-103.1501	0	44.07277	2.464414	-139.3504	-122.0863	
1120	-74.78442	-103.3845	0	43.83834	2.581902	-139.6572	-121.816	
1121	-74.78442	-103.1501	0	43.83834	2.722289	-139.667	-121.755	
1122	-74.54999	-102.9156	0	44.07277	2.618482	-139.713	-121.8065	
1123	-74.78442	-103.3845	0	43.83834	2.521258	-140.1766	-121.8785	
1124	-74.78442	-103.1501	0	43.83834	2.384816	-140.3858	-121.8637	
1125	-74.78442	-103.3845	0	43.83834	2.196625	-140.5482	-122.0341	
1126	-74.78442	-103.1501	0	43.83834	2.28736	-140.5693	-122.1964	
1127	-74.78442	-102.2123	0	44.77607	2.291313	-140.591	-122.3255	
1128	-74.31558	-103.1501	0	43.83834	2.3903	-140.6723	-122.5333	
1129	-74.54999	-103.3845	0	44.07277	2.312115	-140.762	-122.783	
1130	-74.54999	-103.6189	0	43.83834	2.361089	-140.7712	-122.9238	
1131	-74.54999	-103.6189	0	43.83834	2.548648	-140.8159	-122.8882	
1132	-74.54999	-103.6189	0	43.83834	2.614594	-140.8335	-122.9743	
1133	-74.54999	-103.1501	0	44.07277	2.599574	-140.8302	-123.0591	
1134	-74.31555	-103.1501	0	43.6039	2.615872	-140.99	-123.0303	
1135	-74.54999	-103.3845	0	43.6039	2.857467	-141.0412	-123.0698	
1136	-74.31558	-103.3845	0	43.83834	2.915184	-141.1619	-123.1138	
1137	-74.08112	-103.3845	0	43.83834	2.81779	-141.5051	-123.1861	
1138	-73.61227	-102.4468	0	44.3072	2.699173	-141.4518	-123.0765	
1139	-73.37784	-103.1501	0	43.83834	2.825329	-141.675	-123.0428	
1140	-73.37784	-103.3845	0	44.07277	2.689785	-141.7371	-123.4709	
1141	-72.67456	-103.6189	0	43.6039	2.564378	-141.7231	-124.1929	
1142	-71.97125	-103.6189	0	43.83834	2.513612	-141.8134	-124.6031	
1143	-71.73682	-103.3845	0	43.6039	2.667995	-141.8843	-124.9296	
1144	-71.26794	-102.9156	0	44.07277	2.933112	-141.9096	-124.9776	
1145	-71.03351	-103.1501	0	44.07277	2.990638	-141.8857	-124.9551	
1146	-70.33023	-102.9156	0	43.83834	2.921482	-141.9568	-125.2107	
1147	-70.09579	-103.1501	0	43.6039	2.974807	-142.0175	-125.6061	
1148	-69.62695	-103.1501	0	43.83834	3.03702	-142.0272	-125.7959	
1149	-69.39249	-102.2123	0	44.77606	3.053693	-142.0198	-126.0598	
1150	-69.15808	-102.6812	0	44.07277	3.44416	-142.0356	-125.9363	
1151	-69.39249	-103.1501	0	43.6039	3.636283	-142.2493	-125.9772	
1152	-69.39249	-103.3845	0	43.6039	3.576707	-142.324	-125.8091	
1153	-69.39249	-103.1501	0	44.07277	3.705679	-142.359	-126.0592	
1154	-69.62695	-102.2123	0	44.07277	4.138978	-142.2969	-126.5078	
1155	-69.62695	-99.63358	0	44.3072	4.990106	-142.2281	-126.9683	
1156	-69.62695	-100.1024	0	44.07276	4.858953	-142.535	-126.7587	
1157	-69.39249	-100.1024	0	44.07276	4.601964	-142.7071	-126.7351	
1158	-69.62695	-100.1024	0	44.07276	4.428635	-142.6708	-126.6228	
1159	-69.39249	-100.1024	0	44.07276	4.377299	-142.7702	-126.5711	
1160	-69.62695	-99.1647	0	44.77606	4.564799	-142.7876	-126.6669	
1161	-69.39249	-99.39914	0	44.30719	4.812655	-142.6983	-126.9173	
1162	-69.39249	-99.1647	0	44.07275	4.972123	-142.6577	-127.1171	
1163	-69.62695	-98.69586	0	44.07275	5.051497	-142.6207	-127.489	
1164	-69.39249	-98.69586	0	44.07275	5.022674	-142.7744	-127.6342	
1165	-69.62695	-98.93027	0	44.07275	5.095276	-142.9466	-127.7421	
1166	-69.62695	-97.52368	0	45.01049	5.271541	-143.0707	-127.9267	
1167	-69.39249	-98.69586	0	44.07275	5.240825	-143.2419	-128.0317	
1168	-69.62695	-98.69586	0	43.83833	5.180426	-143.3111	-128.0794	
1169	-69.62695	-98.69586	0	44.07275	5.066735	-143.3582	-128.3006	
1170	-69.62695	-98.69586	0	44.07275	5.073261	-143.3678	-128.3748	
1171	-69.62695	-98.46143	0	44.07275	5.31572	-143.484	-128.2752	
1172	-69.62695	-98.22699	0	44.30719	5.371474	-143.4619	-128.2048	
1173	-69.39249	-98.69586	0	44.07275	5.429557	-143.6003	-128.2516	
1174	-69.62695	-98.69586	0	44.30719	5.551297	-143.6207	-128.1793	
1175	-69.62695	-98.46143	0	44.30719	5.465855	-143.5284	-128.0973	
1176	-69.62695	-98.46143	0	44.07275	5.425331	-143.7039	-128.1978	
1177	-69.39249	-97.99255	0	44.77606	5.400365	-143.7346	-128.2973	
1178	-69.39249	-98.69586	0	44.54162	5.478191	-143.7093	-128.3149	
1179	-69.39249	-98.46143	0	44.07275	5.421018	-143.8413	-128.4328	
1180	-69.62695	-98.93027	0	43.83833	5.403172	-143.9869	-128.4681	
1181	-69.62695	-98.93027	0	43.83833	5.462714	-144.0561	-128.4998	
1182	-69.62695	-98.93027	0	43.60389	5.253379	-144.1425	-128.4134	
1183	-69.62695	-98.46143	0	44.30719	5.365458	-144.1631	-128.4124	
1184	-69.39249	-98.9303	0	44.07275	5.501802	-144.1839	-128.3896	
1185	-69.39249	-98.69586	0	43.83833	5.489114	-144.0647	-128.4096	
1186	-69.62695	-98.46143	0	42.43174	5.411753	-144.0871	-128.263	
1187	-69.39249	-98.69586	0	39.38412	5.410465	-144.0464	-128.1482	
1188	-69.62695	-97.99255	0	38.4464	5.48268	-144.1575	-128.0199	
1189	-69.62695	-98.69586	0	37.50866	5.566043	-144.1068	-128.0273	
1190	-69.39249	-98.69586	0	37.27423	5.658067	-144.0288	-128.0494	
1191	-69.62695	-98.69586	0	37.03979	5.717824	-144.0453	-128.0367	
1192	-69.62695	-98.69586	0	36.57093	5.738934	-143.9542	-127.9954	
1193	-69.39249	-97.99255	0	36.80538	5.753636	-143.988	-128.0233	
1194	-69.15808	-98.46143	0	36.33651	5.842703	-143.8243	-127.9732	
1195	-69.62695	-98.46143	0	36.10207	5.849071	-143.497	-127.9946	
1196	-69.62695	-98.69586	0	36.10207	5.764276	-143.3326	-127.9953	
1197	-69.39249	-98.69586	0	36.10207	5.828513	-143.3127	-127.994	
1198	-69.62695	-97.75812	0	36.80538	5.963133	-143.3337	-128.0045	
1199	-69.39249	-98.46143	0	36.33651	5.995797	-143.2729	-128.0179	
1200	-69.39249	-98.46143	0	35.86765	6.191556	-143.2757	-128.0019	


Angle MV instances
Rotate	4.219757	2.578766	2.34433	12.19046	4.219788	5.391937	20.63004	9.377258	3.985352	6.095245	2.109863	12.89377	18.05127	18.05125	18.05127	17.11352	2.109894	6.564083	5.626354	2.109894	6.095215	4.219757	4.219788	24.84979	22.27103	7.03299	9.142883	10.08057	31.41388	7.501831	3.985321	2.34433	6.564087	23.91205	25.31866	22.7399	6.798553	2.813171	3.750916	3.750916	2.813171	3.985352	3.985352	2.813171	2.109894	2.34433	2.578735	2.578766	5.860779	8.205139	9.142853	10.78387	20.63	16.41028	3.516479	2.578735	2.109894	2.109894	3.047607	3.985352	3.047607	2.34433	3.282043	4.923065	4.219788	4.688629	8.908417	8.673981	3.516479	9.611725	31.88275	37.27467	17.11353	7.267395	12.65933	3.985352	6.564087	6.329651	2.578766	3.047607	2.34433	
ChildRotate	3.282043	26.49081	24.84979	15.23807	19.69229	3.282043	5.860779	21.33331	20.63004	11.72159	8.673981	13.59705	2.109894	5.626366	9.142822	5.157501	3.047607	2.109894	2.578766	10.54944	14.06592	13.59705	13.59708	25.08421	15.00363	10.54944	15.23807	28.36627	17.11353	30.00726	29.77289	7.97068	4.923088	4.219757	7.032959	3.750916	5.157501	7.501831	11.01831	10.08057	10.08057	7.267395	13.36264	12.65933	7.032959	4.923065	5.391937	2.813171	3.047607	12.6593	24.38095	23.20877	23.67761	18.28571	26.72525	12.65933	8.205109	6.564087	7.267395	13.36264	4.219788	3.750916	2.813171	6.329681	6.798508	3.985336	2.578751	2.34433	2.813202	3.047623	2.34433	4.219772	3.7509	20.63002	19.9267	3.282043	2.109894	2.109863	3.282074	7.736237	7.032959	5.860809	2.578766	2.813171	5.157501	5.860809	3.750916	3.985352	8.439545	12.19046	17.81683	13.36261	2.813202	2.578735	
RotateInverse	
ChildRotateInverse	3.273865	3.273865	3.282044	2.344315	2.578752	2.813179	2.813187	2.578751	2.578758	9.846138	10.54945	11.95603	8.205116	4.21978	3.750916	12.89376	34.69594	4.688644	29.53843	29.53843	7.03296	3.750908	3.516481	4.454209	2.57875	5.391938	2.109886	2.813187	3.750908	2.344314	2.109886	2.109886	2.109886	2.109886	2.109886	2.109886	2.109886	2.109886	4.45734	2.109886	2.109886	2.109886	2.109886	6.329658	18.75456	4.219774	41.02561	7.736259	3.516487	6.564102	2.813194	5.860794	8.908417	2.344315	2.578758	10.08057	14.53479	2.813179	2.578751	8.205124	2.578751	5.626373	6.798531	4.923065	5.860802	3.750908	3.516495	5.860794	5.626373	6.329659	2.344322	15.23808	11.01831	7.736259	10.54944	3.985344	4.219772	4.923065	4.454208	7.501831	7.501823	3.047623	5.626373	4.923073	3.047623	2.813187	2.109894	2.813179	15.00364	67.51643	3.516478	12.65933	3.985344	3.047606	7.97068	5.626373	6.095229	4.454212	6.564093	3.282051	2.578751	3.7509	2.344326	4.688637	5.626362	2.81319	3.28204	5.157497	6.329666	10.31501	10.54944	3.516479	2.109886	12.65933	39.15015	25.08422	6.564095	9.377279	10.54944	8.205126	6.564095	4.21978	3.516479	4.688633	4.219776	4.923077	4.454208	3.516479	2.813187	3.750916	3.04763	14.30035	17.5824	2.344322	4.688644	3.516479	5.860802	11.95603	34.93037	25.78752	3.282043	8.205125	7.032958	4.21977	2.57876	3.516479	3.750912	4.21978	5.391935	2.81319	11.25273	11.25274	6.564102	2.813198	2.578751	2.344318	2.109886	2.109886	3.516479	2.344315	2.578758	2.10989	3.516479	6.329655	6.564098	3.282049	4.688646	2.813182	3.51648	2.109886	2.109886	5.157502	2.578751	6.09523	2.344315	2.344315	5.157501	3.985344	7.267393	5.626368	10.78388	6.564095	5.157501	3.047619	
Docking x	2.386307	2.026076	5.384624	7.317326	6.843458	9.980764	14.61545	17.7282	8.520439	9.167496	8.567501	2.017105	8.26347	11.11626	7.469101	6.286629	3.420288	3.969139	2.379326	2.389267	2.976814	2.380714	2.852287	2.136925	2.490807	2.270409	2.423302	3.672455	6.196678	2.001823	2.871674	6.964256	2.676643	8.824642	5.362846	3.5914	3.054195	2.12035	3.679909	4.448235	6.141497	7.940643	6.42383	3.429434	4.391356	8.230144	3.396179	2.354202	3.825219	3.175459	2.037717	2.563837	2.627562	8.091151	4.997079	2.529786	6.442661	11.5157	20.13357	23.79209	5.880722	4.104332	4.349609	9.353737	6.119751	2.964607	6.147472	3.80394	3.4823	3.552832	2.920774	2.036551	3.059343	2.176561	2.458395	2.473419	2.341888	3.161774	3.808462	4.440258	2.795987	2.376748	2.443255	2.083869	2.31187	2.890919	2.726013	2.388607	2.316862	2.385677	2.709595	2.25764	
Docking y	2.284629	6.340636	10.97652	15.97857	19.01992	18.42116	12.87379	11.18441	5.424568	2.713547	7.087662	9.238472	12.08981	5.001373	12.78384	62.46803	302.9437	13.07143	22.00742	9.567795	9.229843	6.887421	2.662872	10.53107	11.78784	10.84926	16.5475	339.3871	13.01598	7.874878	14.20776	16.90083	12.58124	12.01606	18.04519	25.10155	24.62181	23.48785	23.04211	27.74548	18.71109	14.75092	18.36533	24.22131	23.81761	24.39067	329.0659	41.30416	23.73565	18.46779	18.96158	15.07904	10.45318	13.62003	20.55645	30.76434	20.4668	16.60648	18.7999	13.95593	8.009415	7.321182	7.577148	5.251053	6.748199	10.33095	15.25545	339.4908	11.25555	5.692841	12.72742	11.63313	3.166794	4.104523	7.898094	4.409744	16.25788	14.34251	23.0894	36.93029	39.68161	27.6809	11.73415	13.79009	2.025055	2.115631	2.911804	2.670898	5.724335	10.05188	11.64026	7.863281	2.059296	4.001617	3.784668	7.610962	8.075287	5.05545	2.756927	4.916656	7.370134	2.529839	2.971532	3.722571	13.29148	49.18259	17.21573	9.615295	15.38766	7.843201	2.003937	4.906403	3.462936	3.475418	5.082764	2.344299	3.198486	2.26091	2.080215	2.513931	2.648987	
Docking z	7.132467	33.80002	23.39391	6.606758	2.276207	8.751564	58.54405	297.9705	19.71085	22.6821	5.492447	7.146118	3.818878	11.85495	10.07805	6.352264	350.4509	11.10861	4.081665	7.255615	350.812	3.854477	2.759705	3.186905	3.640656	5.928589	10.05359	5.941772	12.09241	2.944382	2.074341	5.631058	350.2059	5.681671	5.385147	346.6803	3.460632	3.376633	5.633331	354.3376	4.630585	4.366028	4.051132	6.870651	3.905258	7.230835	7.701202	8.382568	2.192383	5.465698	2.763321	2.35257	6.295731	23.51189	354.0623	333.8967	44.14024	37.5325	26.36707	7.368759	12.07546	5.260151	4.167004	6.54562	3.867146	2.606215	2.14819	4.820478	4.204058	2.925606	2.524736	11.39329	11.44851	4.895623	3.216123	3.052077	5.232468	2.05933	6.041934	18.61042	69.74985	39.48907	8.997879	10.12346	6.292053	4.963943	5.098907	12.25389	351.4389	2.734726	4.712265	7.244385	5.232834	2.240967	4.849792	3.422806	2.873993	5.964142	6.764221	3.459732	2.594681	3.232285	3.431747	3.756241	4.707657	6.996872	352.1452	6.821899	3.150299	344.3319	10.20859	4.150833	5.02684	4.800781	3.286667	2.516266	3.036667	6.422974	2.748932	3.43869	2.693924	2.147751	5.932953	3.965225	4.426865	11.4734	19.82217	25.92764	16.38837	2.122284	2.223816	2.091064	3.5224	3.712433	3.531128	3.403366	2.323181	3.092941	4.170105	3.820328	3.467346	5.339172	7.791687	4.534805	2.01033	6.74791	13.66405	19.84283	5.658112	3.078903	5.009445	4.603836	2.915115	2.377731	2.28595	3.236938	3.651596	3.202362	3.348297	3.99205	2.266281	3.961288	4.05101	3.766968	2.827042	4.893692	8.281723	7.403656	4.572983	5.457962	21.42915	22.66971	7.054596	3.031189	2.900665	2.276947	5.565826	3.841583	5.73938	2.698303	4.48027	3.63678	2.556259	2.575089	2.746841	2.118378	2.115936	2.776733	2.903915	3.143494	4.618668	6.543243	4.429489	2.426804	3.598587	2.113586	2.176544	2.858063	3.213196	2.28511	
Total MV Amount	11267.19


Angle TRE instances
Rotate	838	849	1002	1004	1018	1022	1023	1028	1029	1033	1034	1039	1040	1045	1046	1050	1051	1056	1057	1061	1062	1066	1067	1072	1073	1078	
ChildRotate	103	108	171	173	732	733	759	762	776	777	781	782	984	986	997	998	
RotateInverse	1	
ChildRotateInverse	194	195	731	741	848	850	851	852	858	861	909	910	920	921	969	970	984	997	1000	1001	1042	1044	1105	1106	
Docking x	1	91	190	486	494	736	810	819	833	835	874	892	939	955	1013	1043	1092	1163	
Docking y	135	136	156	157	942	960	
Docking z	111	112	113	114	744	746	767	770	785	786	787	791	833	834	902	908	932	936	962	964	
Total TRE Count	109


Correct Angles	Rotate	ChildRotate	RotateInverse	ChildRotateInverse	Docking x	Docking y	Docking z
	-90	-50.54672	0	30	-4.695755E-06	-150	-150

Angle Error	Rotate	ChildRotate	RotateInverse	ChildRotateInverse	Docking x	Docking y	Docking z
	20.37305	48.38354	0	5.633215	6.115207	6.724152	22.06273

Time Taken	Hours	Minutes	Seconds	Milliseconds	Seconds float	Completion time
	0	1	10	938	70.93771	00h:01m:10s:938ms

Final Results	Tester Name	Time of Test	Dock Shape Style	Virtual Device Visible	Time Taken	Shape Precision %	Orientation Precision %	Overall Precision %	Efficiency %	Difficulty	Total MV	Total TRE	
	0	2018-11-21_13:09:15	Ltd Random	True	00h:01m:10s:938ms	89.66808	94.6691	91.32604	-24.22937	0.5228297	11267.19	109	
