
Angles Over Time
Frames	Rotate	ChildRotate	RotateInverse	ChildRotateInverse	Docking x	Docking y	Docking z	
0	-1.637543	-4.219788	0	0.2380129	0.04746582	-0.1174927	-0.009521484	
1	2.588184	0.4688644	0	0.2438618	0.01111669	-0.07678223	-0.004259827	
2	2.353755	0	0	0.2438618	0.02243175	-0.1588745	-0.008605957	
3	2.588184	0.4688644	0	0.7127262	0.02350124	-0.256012	-0.007171631	
4	2.11932	-1.641022	0	2.11932	0.03890916	-0.2456055	-0.002535579	
5	0.009433355	-0.4688721	0	-0.2250061	0.05437433	-0.2453613	0.002297913	
6	1.416027	-0.7033081	0	-0.2250061	0.09040239	-0.260437	-0.003368352	
7	1.416027	-0.7033081	0	0.2438616	0.02477752	-0.35849	-0.00579834	
8	1.416027	-0.9377136	0	0.009433189	-0.005126911	-0.3895874	0.01046145	
9	1.650455	-3.047607	0	2.119319	0.1229432	-0.38797	0.007890468	
10	-1.866028	-0.7032776	0	1.416026	0.1875562	-0.5455322	0.05452478	
11	1.181591	-0.4688416	0	-0.2250061	0.1893327	-0.6938477	0.05640673	
12	1.416027	0	0	0.009433191	0.2140579	-0.5704041	0.07988901	
13	1.650455	-0.234436	0	0.2438616	0.722023	-0.7298279	0.2290275	
14	2.353756	3.047623	0	0.2438616	1.28983	-0.7226868	0.3953617	
15	2.11932	1.875458	0	2.119319	2.134663	-0.9332275	0.6107326	
16	0.009433782	2.578758	0	-0.2250061	2.443173	-0.9289551	0.4337758	
17	1.650455	3.047622	0	2.822612	2.784459	-0.9136963	0.1484373	
18	1.181591	3.047622	0	3.525913	3.070239	-0.9156189	-0.1203918	
19	1.416027	3.282051	0	3.760341	3.038628	-0.9173889	-0.1555481	
20	1.416027	0.2344358	0	9.152279	3.06013	-0.9155273	-0.1150208	
21	-1.866028	2.109894	0	6.339099	3.089814	-0.9168396	-0.1567993	
22	0.4782985	3.282051	0	4.698069	3.053683	-1.28067	-0.1402283	
23	1.181591	3.516487	0	4.229205	3.084698	-1.371063	-0.3527832	
24	2.353756	3.516487	0	3.994776	3.117612	-1.497467	-0.3194885	
25	2.588185	3.047622	0	4.463641	3.144756	-1.502014	-0.4383545	
26	1.181591	-0.7032776	0	9.621142	3.156031	-1.677917	-0.472168	
27	-2.803741	2.578758	0	4.46364	3.183042	-1.753571	-0.4484253	
28	1.650456	2.578758	0	4.229204	3.224658	-1.991272	-0.4995117	
29	1.650456	-11.01831	0	4.932504	3.014654	-2.24585	-0.4134827	
30	1.181592	-27.8974	0	4.698068	2.338572	-1.99115	0.1520272	
31	1.181592	-35.16479	0	5.635797	1.608813	-1.431061	0.5568948	
32	-1.631592	-39.38455	0	6.573526	1.190416	-1.363556	0.6766121	
33	-0.2250061	-39.61899	0	4.229204	0.961125	-1.575928	1.258622	
34	1.416027	-41.96332	0	5.166933	1.009784	-1.386383	1.67162	
35	2.119321	-42.19775	0	6.339098	0.7168812	-1.533203	1.363148	
36	1.181592	-42.19775	0	7.042389	0.7070403	-1.691711	1.410794	
37	1.650456	-42.66663	0	11.73103	0.7260708	-1.707947	1.348777	
38	-1.631592	-41.96332	0	10.09001	0.9266133	-1.731964	1.188754	
39	1.181592	-41.96332	0	15.01308	1.527698	-1.870789	0.6568147	
40	1.416028	-41.96332	0	22.74934	2.435838	-1.745514	0.09932736	
41	1.416028	-41.96332	0	26.03138	3.123407	-1.62619	-0.336792	
42	1.416028	-41.96332	0	26.26582	3.522857	-1.449371	-0.8235779	
43	1.416028	-42.43219	0	30.01673	4.257072	-1.346619	-0.9819946	
44	-2.3349	-41.96332	0	26.26582	5.731966	-1.458771	-0.9576416	
45	1.416028	-41.96332	0	26.73468	8.668932	-1.42868	0.4514216	
46	0.9471635	-41.72888	0	26.50025	12.37531	-1.018829	3.705307	
47	-0.4594421	-33.52377	0	26.03138	16.02498	-0.1830444	8.515204	
48	-10.54001	2.34432	0	26.03138	19.38396	1.077919	12.03795	
49	-32.81104	3.985341	0	28.84457	22.3898	4.62137	13.48257	
50	-38.43741	5.391934	0	36.11195	27.20341	6.385854	12.16029	
51	-37.73413	5.391934	0	45.9581	32.80742	7.470907	8.451386	
52	-36.32751	4.688642	0	58.85186	38.80516	7.970357	0.5477204	
53	-25.54367	4.688642	0	67.05698	43.05696	9.135259	-6.334167	
54	-9.602295	1.875455	0	72.68335	47.51075	10.39986	-16.58209	
55	-1.866028	3.750913	0	72.44891	53.28306	11.38549	-17.09778	
56	1.416021	4.92307	0	76.43427	60.14656	14.64938	-11.54865	
57	1.65045	1.172163	0	84.40495	70.83155	21.66282	-4.408752	
58	2.588178	1.875455	0	91.4379	78.71777	28.08376	-2.8255	
59	2.822614	1.406591	0	92.61006	78.55962	27.95108	-6.499969	
60	2.588178	0.9377265	0	92.37564	77.7462	24.36864	-16.27618	
61	0.4782922	4.688643	0	96.12655	77.97858	27.65765	-21.25296	
62	1.884886	4.219778	0	96.12655	80.02265	29.20263	-21.00012	
63	1.65045	3.985342	0	97.29871	82.2992	35.23775	-16.57071	
64	1.65045	4.454206	0	101.9874	83.41322	41.43559	-12.43408	
65	1.65045	0.9377266	0	102.4562	84.58091	48.74638	-8.071747	
66	-1.866028	3.282049	0	103.6284	85.17858	62.25328	4.378213	
67	0.2438562	4.219778	0	104.5661	84.72994	65.20795	4.161254	
68	1.65045	5.391934	0	104.3317	86.49189	82.05833	13.35241	
69	2.119314	4.454206	0	104.0972	88.48328	138.5437	68.03548	
70	0.7127206	4.454206	0	104.3317	88.11467	-172.5554	117.21	
71	1.181585	2.813184	0	103.8628	86.34951	-148.5321	142.5129	
72	-9.836731	4.688642	0	104.3317	84.76782	-144.6258	149.6502	
73	-15.46307	4.92307	0	104.3317	85.98839	-145.9796	143.9521	
74	-15.46307	5.157506	0	104.3317	88.95227	142.1791	61.23948	
75	-15.46307	5.157506	0	104.3317	89.08144	127.513	42.8622	
76	-14.99423	2.34432	0	102.9251	89.36204	-125.8617	147.4614	
77	-17.57297	3.750913	0	103.6284	85.07789	-95.0119	-176.5112	
78	-22.26163	5.157506	0	104.3317	80.44092	-86.16101	-166.6104	
79	-27.65353	6.095235	0	104.3317	79.22528	-82.54416	-172.3238	
80	-27.18469	5.860798	0	104.3317	82.30456	-97.33224	163.3531	
81	-27.18469	6.095235	0	104.3317	86.62084	-81.94208	173.3464	
82	-27.18469	4.219777	0	102.4562	86.13477	-39.59058	-145.8717	
83	-28.59128	5.157506	0	103.1595	86.58729	-58.19846	-162.7439	
84	-31.63889	4.92307	0	105.9727	86.23038	-51.32486	-164.3289	
85	-31.63889	5.391934	0	108.5515	84.606	-39.95764	-161.2077	
86	-29.52902	4.92307	0	116.7566	82.88319	-29.16714	-162.1691	
87	-14.52536	1.875455	0	120.9764	84.80616	-9.765961	-155.7231	
88	-6.554657	3.985342	0	123.0862	86.59665	4.391944	-150.6174	
89	-2.3349	5.391935	0	125.4305	87.17888	-27.05624	169.7451	
90	0.2438537	6.095236	0	125.8994	87.40701	-61.30511	127.7511	
91	1.650447	5.8608	0	125.8994	86.69352	-48.85767	136.2755	
92	1.650447	6.329664	0	126.1338	86.45055	-44.99597	137.2522	
93	1.650447	3.985342	0	124.4928	86.36342	-43.31381	135.7368	
94	-0.9283142	5.157507	0	125.8994	86.68276	-47.32245	131.0081	
95	0.7127182	-3.282043	0	125.665	87.04222	-67.66162	112.1237	
96	0.2438538	-18.28571	0	125.665	85.94518	-50.73352	130.962	
97	0.7127182	-21.33331	0	125.4305	84.55684	-38.91391	143.189	
98	0.7127182	-22.97433	0	123.0862	83.44186	-36.57791	142.936	
99	-2.569336	-8.673981	0	124.024	83.57676	-39.10345	136.5466	
100	-1.16272	3.282051	0	125.4305	83.24591	-31.38629	138.594	
101	-0.9283142	3.985344	0	125.4305	83.45845	-28.87964	137.5116	
102	0.009425445	3.985344	0	125.665	83.6301	-27.39828	136.5832	
103	0.009425445	3.282051	0	125.665	83.83032	-26.5242	134.5435	
104	-2.569336	-0.7033081	0	122.8518	83.71962	-24.2027	135.4282	
105	-7.023529	3.28205	0	125.4305	83.60619	-22.56149	136.5284	
106	-3.975922	3.28205	0	125.4305	83.3953	-19.49185	139.0805	
107	-4.210358	4.219779	0	125.4305	82.92962	-14.68155	142.9581	
108	-3.272614	4.219779	0	125.1961	83.51478	-20.69537	135.0051	
109	1.884882	-21.80219	0	113.2401	84.38319	-45.49023	115.0582	
110	1.884882	-32.35162	0	111.3646	82.63571	-29.63428	138.8862	
111	-0.4594421	-35.8681	0	110.1925	82.65535	-27.43079	143.0686	
112	1.416018	-38.91571	0	108.7859	83.02636	-26.79422	146.4554	
113	2.119311	-40.08786	0	108.5515	83.16838	-27.13504	146.6505	
114	1.181582	-39.85345	0	108.7859	83.16419	-26.37579	147.6087	
115	1.181582	-40.55673	0	107.6137	83.11718	-26.34033	147.4051	
116	-1.866028	-40.08786	0	113.9434	83.03604	-27.80182	144.7941	
117	1.181582	-40.08786	0	119.3353	82.79655	-26.62546	145.297	
118	1.181582	-41.49445	0	119.3353	82.42578	-24.27097	146.7755	
119	2.119311	-43.36993	0	119.3353	82.09953	-22.17343	148.515	
120	2.119311	-52.27835	0	114.1778	82.24217	-22.16571	149.5139	
121	2.119311	-57.43585	0	106.9104	81.95133	-20.47998	154.4368	
122	-0.2250061	-62.59335	0	104.0972	82.38052	-23.21637	154.5253	
123	1.416018	-66.10983	0	102.9251	82.20389	-24.1308	157.4457	
124	0.7127175	-66.10983	0	101.5185	82.4896	-27.67349	157.4844	
125	1.416018	-66.10983	0	101.5185	82.72487	-29.69879	155.7656	
126	1.181582	-65.17209	0	101.2841	82.91319	-31.13757	153.691	
127	-2.100464	-65.8754	0	114.8811	83.05959	-33.71078	147.8169	
128	-0.2250061	-66.34427	0	126.1338	83.119	-32.21301	146.3902	
129	1.181582	-66.10983	0	128.7126	82.80901	-29.54495	146.3647	
130	2.119311	-66.34427	0	131.5258	82.52504	-28.78018	146.9266	
131	2.353747	-66.34427	0	135.0423	82.09024	-27.65256	149.8328	
132	1.884882	-65.8754	0	133.6357	82.16035	-32.61771	156.8651	
133	-11.24332	-66.10983	0	135.98	83.00484	-41.14444	164.2694	
134	-27.888	-66.34427	0	136.6833	83.60764	-45.82059	167.1774	
135	-32.57663	-66.34427	0	136.9177	83.77033	-47.04279	167.2267	
136	-36.56195	-66.34427	0	136.4489	84.14077	-49.70367	170.1553	
137	-45.00153	-65.40656	0	134.1045	84.54764	-53.98148	173.8288	
138	-49.92459	-65.8754	0	136.6833	84.88113	-53.78442	175.7051	
139	-49.92459	-65.8754	0	139.9653	85.57977	-48.48196	177.1249	
140	-49.92459	-66.10983	0	140.4342	85.85088	-41.26001	178.1271	
141	-49.92459	-66.34427	0	140.4342	86.03628	-37.55701	178.3619	
142	-49.45572	-66.10983	0	140.4342	86.19523	-31.23245	178.7523	
143	-41.95392	-65.64099	0	138.7932	85.31559	-24.20929	177.5252	
144	-40.07843	-66.10983	0	140.6686	84.91604	-24.40466	176.2778	
145	-39.37515	-65.8754	0	140.903	84.48314	-28.05499	171.6397	
146	-39.37515	-66.10983	0	140.903	84.67402	-31.40262	166.5512	
147	-39.37515	-65.8754	0	141.1375	85.15491	-33.28082	161.99	
148	-39.60959	-65.17212	0	137.8554	85.71523	-36.25925	155.826	
149	-43.3605	-65.64099	0	139.4965	86.22934	-41.89178	147.6705	
150	-51.33118	-66.10983	0	140.903	86.20346	-47.29327	142.3462	
151	-56.01981	-66.5787	0	140.903	86.14024	-45.8129	144.0006	
152	-56.95755	-66.10986	0	140.4342	85.52132	-42.37817	149.0706	
153	-57.66083	-66.10986	0	141.1375	84.85007	-36.87225	156.0679	
154	-60.70847	-65.17212	0	137.1521	84.3458	-31.578	162.5889	
155	-63.0528	-65.8754	0	140.903	84.11713	-19.87558	175.2798	
156	-66.33484	-65.8754	0	140.4342	84.2719	-17.68491	175.929	
157	-67.74142	-66.34427	0	141.1375	84.61694	-22.07285	171.6334	
158	-71.49231	-66.34427	0	140.4342	84.88925	-32.36932	162.2109	
159	-75.7121	-66.10986	0	141.1375	84.94836	-43.15283	152.2483	
160	-80.86963	-65.40656	0	137.3866	84.95186	-49.59961	146.8464	
161	-81.57291	-65.87543	0	140.4342	84.97348	-51.32587	145.2006	
162	-84.38611	-65.87543	0	140.6686	84.95077	-51.51935	143.8617	
163	-87.43372	-66.3443	0	140.6686	84.96755	-52.70593	142.6567	
164	-90.48132	-66.3443	0	140.6686	85.20082	-54.92413	140.3772	
165	-90.48132	-66.3443	0	140.903	85.34028	-52.82257	141.6506	
166	-91.18463	-65.40656	0	139.4964	85.33486	-49.32617	143.9932	
167	-89.54361	-68.6886	0	140.903	85.26348	-48.66351	144.7742	
168	-90.71576	-76.19043	0	140.6686	85.21545	-48.01981	144.6652	
169	-90.48132	-76.42487	0	140.903	85.29039	-43.42374	149.8919	
170	-90.9502	-76.6593	0	140.6686	85.3984	-45.34723	147.9845	
171	-90.71576	-75.48715	0	137.8554	85.30882	-42.2818	150.4102	
172	-88.60587	-76.42487	0	139.0276	84.9685	-27.30197	163.9947	
173	-89.77805	-77.12817	0	140.903	84.64339	-16.83209	173.8172	
174	-90.71576	-77.36261	0	141.1375	84.87073	-16.53442	172.6512	
175	-90.71576	-77.59705	0	140.903	85.0599	-19.63745	169.0232	
176	-91.88794	-77.12817	0	140.903	84.94697	-18.07086	168.4001	
177	-90.48132	-75.25272	0	136.6833	85.09612	-22.48779	161.0196	
178	-88.37146	-87.20874	0	140.903	85.13696	-30.62988	150.4606	
179	-91.18463	-92.83511	0	141.1375	84.67671	-33.01361	149.4912	
180	-91.6535	-94.00726	0	140.903	85.09072	-31.92255	150.8242	
181	-92.82565	-104.5567	0	140.903	84.734	-32.91672	151.3337	
182	-93.7634	-107.6043	0	140.903	84.52997	-35.46643	149.5814	
183	-94.23224	-105.26	0	139.262	84.58235	-37.95898	147.3905	
184	-92.35681	-107.3699	0	140.6686	84.46664	-38.75885	146.586	
185	-93.29453	-107.1355	0	140.903	84.48637	-41.38239	143.8469	
186	-93.7634	-107.6043	0	140.4342	84.96021	-40.33194	144.2142	
187	-92.82568	-107.6043	0	140.4342	85.28474	-34.92691	148.3979	
188	-92.82568	-103.8534	0	137.1521	85.70226	-24.0127	156.2989	
189	-90.71579	-106.4322	0	139.262	86.08249	-14.9942	162.4051	
190	-92.82568	-107.6043	0	140.903	86.78661	-7.838379	166.0726	
191	-93.29456	-108.7765	0	140.6686	86.47847	-13.54245	160.594	
192	-93.99783	-109.0109	0	140.4342	85.94445	-22.33847	153.2906	
193	-93.99783	-108.7765	0	140.4342	86.1703	-16.98401	159.1099	
194	-94.23227	-106.1977	0	139.0276	85.96571	-15.67218	160.8194	
195	-91.88794	-107.6043	0	140.903	85.94121	-15.86472	159.8223	
196	-93.52896	-107.8387	0	140.6686	86.2076	-15.32739	158.0048	
197	-93.29456	-107.6043	0	140.4342	86.49603	-15.75293	152.9552	
198	-93.06012	-107.3699	0	141.1375	86.52014	-15.0672	150.5586	
199	-93.29456	-104.0878	0	137.8554	86.69512	-16.298	146.6643	
200	-91.18466	-106.4322	0	139.0276	86.78271	-21.94098	141.5378	
201	-92.12238	-107.8387	0	140.6686	86.80807	-26.43658	138.9564	
202	-93.29456	-108.3076	0	140.903	84.96674	-29.70001	137.0579	
203	-94.46671	-108.542	0	140.903	83.75748	-35.41968	132.4977	
204	-94.46671	-107.3699	0	140.903	84.23503	-31.19861	137.8835	
205	-94.70111	-106.1977	0	138.7931	83.64726	-18.10342	151.2339	
206	-92.35681	-107.1355	0	140.903	81.73162	-34.41122	134.611	
207	-93.99783	-107.8387	0	140.6686	79.59682	-42.60095	125.3055	
208	-93.7634	-107.3699	0	140.903	80.25795	-40.06808	126.7204	
209	-93.7634	-107.6043	0	140.903	81.37928	-35.9491	128.3194	
210	-93.52896	-104.3223	0	137.3865	82.0714	-30.30026	130.4844	
211	-91.18466	-106.4322	0	139.262	81.63823	-23.79947	135.1708	
212	-92.82568	-107.3699	0	140.903	79.368	-18.45325	137.8496	
213	-93.99783	-108.3076	0	140.903	78.7836	-20.05682	134.892	
214	-94.93558	-108.542	0	140.903	78.56654	-21.45963	131.7386	
215	-95.16998	-108.7765	0	140.4342	78.64387	-13.22998	138.7367	
216	-94.70114	-105.9633	0	139.4964	78.69669	-16.36426	135.8108	
217	-93.06012	-107.6043	0	140.903	79.47324	-13.96075	138.0622	
218	-94.23227	-107.6043	0	140.903	80.25945	-10.00742	140.1361	
219	-94.23227	-107.3699	0	140.903	80.53014	-8.489258	141.035	
220	-94.46671	-107.6043	0	140.6686	80.23859	-8.234436	140.9655	
221	-94.46671	-107.6043	0	140.4342	79.96344	-6.653564	142.474	
222	-93.76343	-105.9633	0	139.262	79.23225	-3.205872	145.0223	
223	-93.52899	-107.8387	0	140.903	78.73341	-3.155579	145.1799	
224	-94.93558	-108.7765	0	140.903	78.15093	-6.875031	141.6057	
225	-95.40442	-107.6043	0	140.903	77.63564	-4.58136	142.6223	
226	-94.70114	-107.3699	0	140.903	78.2934	-4.132019	141.6	
227	-94.46671	-103.8534	0	137.621	79.62473	-5.501923	138.7432	
228	-92.35681	-106.901	0	139.4964	81.36967	-11.38354	133.8751	
229	-94.46671	-107.8387	0	140.1997	82.4656	-7.318146	136.9324	
230	-94.46671	-108.7765	0	140.903	83.59841	-1.385284	142.5261	
231	-95.40445	-109.0109	0	140.6686	83.33624	-0.2840576	143.5237	
232	-95.40445	-108.7765	0	141.1375	83.26997	1.47367	144.5406	
233	-95.63885	-106.1977	0	139.0276	83.21424	4.543506	147.302	
234	-93.52899	-107.6043	0	140.903	82.91811	3.684453	145.5382	
235	-94.70114	-107.6043	0	140.6686	83.15462	-2.294556	138.5657	
236	-94.70114	-107.8387	0	140.903	83.21791	-4.115265	136.3062	
237	-94.93558	-107.8387	0	140.6686	83.02126	-3.811584	136.6615	
238	-94.93558	-104.0878	0	136.9177	82.42027	-7.304352	134.3758	
239	-92.35681	-106.4322	0	139.262	82.06892	-11.4061	132.4669	
240	-93.99783	-107.3699	0	140.903	82.10624	-16.42801	130.9591	
241	-94.93558	-109.0109	0	140.4342	82.41499	-20.97119	130.3171	
242	-95.40442	-109.0109	0	140.6686	82.86818	-21.99139	132.1096	
243	-95.87329	-107.6043	0	140.6686	83.72618	-18.1109	137.9238	
244	-94.93558	-103.619	0	137.1521	84.29463	-26.01495	132.7866	
245	-92.35681	-107.8387	0	140.6686	84.55572	-26.06885	138.3182	
246	-94.70111	-107.6043	0	140.903	84.53041	-34.31467	137.7313	
247	-95.63885	-109.0109	0	140.4342	84.81073	-38.99649	137.6991	
248	-95.40442	-108.7765	0	140.4342	85.07108	-44.07904	135.95	
249	-95.40442	-109.0109	0	140.4342	85.28723	-50.93372	131.1596	
250	-95.40442	-106.1977	0	139.262	85.23885	-50.64807	132.2994	
251	-93.52896	-107.3699	0	141.1375	85.11385	-48.8851	134.6636	
252	-94.93555	-107.8387	0	140.903	84.72731	-46.12488	137.8063	
253	-94.70111	-107.1354	0	140.903	84.69264	-52.23621	135.9767	
254	-94.93555	-107.6043	0	140.903	85.11733	-57.76016	134.5987	
255	-94.93555	-103.8534	0	137.1521	84.07507	-52.12189	140.0616	
256	-92.35681	-105.9633	0	139.7309	83.96678	-50.35208	141.8697	
257	-94.70111	-107.6043	0	140.903	83.79816	-48.17163	144.3326	
258	-94.70111	-108.7764	0	140.903	84.15333	-51.48654	144.7816	
259	-95.87329	-108.542	0	140.903	84.35788	-53.42575	145.1676	
260	-95.87329	-108.7764	0	140.903	86.05286	-58.88098	140.4085	
261	-95.87329	-106.1977	0	139.0276	86.7398	-61.03198	139.2078	
262	-93.52896	-107.6043	0	140.903	86.76662	-62.17801	141.5474	
263	-94.93555	-107.8387	0	140.903	86.95406	-65.04614	139.4578	
264	-94.70111	-107.3698	0	140.903	86.96069	-64.7793	141.2155	
265	-94.93555	-107.3698	0	140.903	87.04031	-62.49118	144.8193	
266	-94.93555	-104.3222	0	137.8554	86.47447	-58.27649	151.5025	
267	-92.35678	-106.1977	0	139.262	85.85612	-58.31979	153.386	
268	-93.9978	-107.6043	0	140.903	86.29097	-60.44327	154.1395	
269	-94.93555	-108.7764	0	140.6686	85.90256	-63.11694	154.1216	
270	-95.40442	-109.0109	0	140.4342	86.30122	-63.53442	154.9531	
271	-95.40442	-107.3698	0	140.903	86.78399	-61.91888	156.7951	
272	-95.40442	-106.1977	0	139.0276	86.93209	-58.90311	160.6579	
273	-93.29453	-107.6043	0	140.903	87.03351	-56.064	163.6157	
274	-94.93555	-107.6043	0	140.903	87.17617	-54.45792	165.7414	
275	-94.70111	-107.6043	0	140.903	87.39932	-50.77167	168.3796	
276	-94.93555	-107.1354	0	140.903	87.67342	-40.37381	177.7566	
277	-94.93555	-104.7911	0	139.262	87.81628	-22.06848	-165.5838	
278	-92.59125	-105.7288	0	139.262	87.58921	-4.803009	-149.5883	
279	-93.99783	-107.8387	0	141.1375	87.23643	-5.905701	-151.3446	
280	-94.93555	-107.8387	0	140.903	86.83845	-4.466553	-151.2133	
281	-94.70111	-107.6043	0	140.903	86.9493	-3.549255	-151.4445	
282	-94.93555	-107.6043	0	140.903	87.86816	-4.178375	-154.1152	
283	-94.70111	-104.3222	0	136.9177	88.54681	6.460451	-144.4645	
284	-91.88794	-107.6043	0	139.262	87.93693	24.26043	-127.3384	
285	-94.70111	-107.6043	0	140.903	87.317	18.85479	-133.4364	
286	-94.93555	-108.3076	0	140.903	87.60126	18.64642	-134.9168	
287	-95.87329	-109.0108	0	140.903	88.11758	17.38573	-137.9686	
288	-95.87329	-109.0108	0	140.903	87.27487	17.85229	-139.3674	
289	-95.63885	-106.1977	0	139.0276	86.2718	15.67623	-144.1999	
290	-93.52896	-107.3698	0	141.1375	86.25117	25.99545	-135.401	
291	-94.93555	-107.8387	0	140.4342	86.74418	24.5774	-136.7442	
292	-94.46667	-107.3698	0	140.903	86.99978	20.25363	-140.7528	
293	-94.93555	-107.8387	0	141.1375	87.17278	15.39367	-145.2	
294	-94.70111	-104.5566	0	137.3865	87.31154	15.78585	-144.7979	
295	-92.12238	-106.4321	0	139.262	87.31008	14.73826	-145.7637	
296	-93.7634	-109.0108	0	140.4342	87.31008	14.55746	-145.8925	
297	-94.46671	-108.0731	0	140.903	87.31016	14.3807	-146.0271	
298	-94.70114	-108.7764	0	140.903	87.27825	14.41193	-145.9502	
299	-94.93558	-107.8387	0	140.903	87.28747	14.91698	-145.4569	
300	-94.70114	-106.4321	0	139.262	87.23679	14.47573	-145.9849	
301	-94.46671	-108.3075	0	140.903	87.19524	13.6709	-146.638	
302	-94.70114	-107.8387	0	140.903	86.96281	10.02915	-149.7088	
303	-95.87329	-107.8387	0	140.903	86.88776	5.037643	-153.7958	
304	-94.93558	-107.6042	0	140.903	86.86032	-9.056366	-167.2795	
305	-94.70114	-103.8533	0	137.3865	87.00932	-10.96362	-169.1588	
306	-92.12238	-107.3698	0	139.7309	87.84106	12.4773	-147.8823	
307	-94.70114	-107.8387	0	140.4342	87.98725	4.854475	-156.0761	
308	-94.70114	-108.542	0	140.903	88.37202	-9.724823	-170.6384	
309	-95.87329	-108.542	0	140.903	88.02177	4.624115	-156.7168	
310	-95.63885	-108.542	0	140.903	86.49061	19.89104	-140.9573	
311	-95.63885	-105.7288	0	139.4964	86.25143	10.76832	-148.8204	
312	-93.76343	-108.0731	0	140.6686	86.59228	7.293314	-152.012	
313	-94.70114	-107.6042	0	140.903	87.1286	5.768363	-153.5922	
314	-94.93558	-107.3698	0	140.903	86.39902	21.76515	-138.4767	
315	-94.93558	-107.8387	0	140.903	85.95049	27.52514	-133.0789	
316	-94.46671	-104.3222	0	137.3865	86.07884	23.67872	-136.534	
317	-92.35681	-106.6665	0	139.0276	86.96526	13.55049	-146.1386	
318	-93.99783	-107.6042	0	140.903	86.99593	8.843133	-150.8246	
319	-94.70111	-108.7764	0	140.903	86.79509	11.53929	-147.9908	
320	-95.87329	-107.6042	0	141.1375	87.23692	4.278173	-155.0776	
321	-95.63885	-108.7764	0	140.903	87.21162	1.161711	-158.4056	
322	-95.87329	-106.1976	0	139.262	87.28027	-4.354523	-163.6307	
323	-93.52896	-107.6042	0	141.1375	87.4455	-3.862122	-163.1408	
324	-94.93555	-107.6042	0	140.903	87.09653	6.080558	-153.4256	
325	-94.93555	-107.8386	0	140.903	86.96294	9.68152	-149.8487	
326	-94.70111	-107.8386	0	140.6686	87.0415	9.151943	-150.3204	
327	-94.70111	-104.3222	0	137.8554	87.22363	4.700635	-154.759	
328	-92.35681	-107.3698	0	140.903	87.26333	3.125535	-156.374	
329	-94.93555	-107.8386	0	140.903	87.04726	7.085587	-152.5131	
330	-94.93555	-108.5419	0	140.903	86.7659	12.64446	-147.1003	
331	-95.63885	-108.5419	0	140.903	87.27948	2.528374	-157.0861	
332	-95.87329	-108.5419	0	140.903	87.45616	-3.700836	-163.5277	
333	-95.63885	-106.1976	0	139.4964	87.582	-8.444366	-168.1149	
334	-93.52896	-107.8386	0	141.1375	87.19028	2.846856	-156.8364	
335	-94.70111	-107.8386	0	140.6686	87.1457	5.41071	-154.2334	
336	-94.70111	-107.8386	0	140.903	87.5816	-8.666351	-168.1229	
337	-94.70111	-107.6042	0	140.903	87.81331	-23.86465	176.7249	
338	-94.70111	-104.3221	0	136.6832	87.66008	-23.75681	176.605	
339	-92.12238	-106.6665	0	139.262	87.69268	-30.12131	170.2691	
340	-94.23224	-107.6042	0	140.903	87.89802	-35.19003	165.0988	
341	-94.70111	-109.0108	0	140.6686	87.94958	-30.24771	170.0864	
342	-95.40442	-107.8386	0	140.6686	88.12717	-28.17456	172.0473	
343	-95.40442	-108.5419	0	140.903	87.88335	-19.8392	-179.6899	
344	-95.87326	-106.1976	0	138.7931	87.40482	-6.511902	-166.7531	
345	-93.52893	-107.3698	0	140.903	87.20103	0.3247197	-160.2014	
346	-94.93555	-107.8386	0	140.6686	87.09896	1.657998	-159.0882	
347	-94.70111	-107.3698	0	140.903	87.4458	-11.82083	-172.1539	
348	-94.93555	-107.8386	0	140.6686	87.49837	-17.80734	-178.1565	
349	-94.46667	-104.5566	0	137.3865	87.40565	-11.1076	-171.5506	
350	-92.12234	-106.432	0	139.262	87.72884	-13.99454	-174.4218	
351	-93.9978	-107.6042	0	140.903	88.48212	-32.24332	167.2954	
352	-94.70111	-109.0108	0	140.903	88.45921	-29.84091	169.7853	
353	-95.63882	-108.7764	0	140.903	87.8294	-17.2088	-177.7127	
354	-95.87326	-108.5419	0	140.903	87.48114	-5.621063	-166.5121	
355	-95.63882	-106.1976	0	139.0276	87.548	-1.154633	-162.6098	
356	-93.52893	-107.8386	0	140.903	88.04966	-14.32132	-175.987	
357	-94.93552	-107.3698	0	140.903	88.18264	-17.72998	-179.6982	
358	-94.93552	-107.8386	0	140.4342	87.97725	-11.97052	-174.0411	
359	-94.46667	-107.8386	0	140.903	86.59418	3.938508	-157.9672	
360	-94.93552	-104.5566	0	137.621	86.9743	-4.861938	-166.3202	
361	-92.35678	-106.1976	0	139.0276	87.53956	-17.30734	-178.6056	
362	-93.9978	-107.6042	0	140.903	87.63611	-21.49686	177.0832	
363	-95.16995	-108.7763	0	140.903	87.27911	-6.833344	-168.6058	
364	-95.87326	-108.5419	0	140.903	87.33443	-3.505005	-165.9999	
365	-95.87326	-109.0108	0	140.6686	87.41139	-9.703735	-173.2534	
366	-95.87326	-106.1976	0	139.262	87.57279	-15.94687	-179.9956	
367	-93.76337	-108.073	0	140.6686	87.53042	-15.93039	179.8887	
368	-94.93552	-107.6042	0	140.903	87.41616	-14.16498	-177.9623	
369	-94.93552	-107.6042	0	140.903	87.37968	-16.22849	-179.687	
370	-94.93552	-107.3698	0	140.903	86.76693	-16.56204	-179.0852	
371	-94.93552	-104.0877	0	137.8554	86.14608	-19.74924	178.1155	
372	-92.59122	-106.432	0	139.262	85.80386	-17.04889	-179.4025	
373	-93.9978	-107.8386	0	140.1997	85.78439	-12.30103	-176.0667	
374	-94.93555	-108.5419	0	140.903	86.04349	-9.838837	-174.742	
375	-95.87326	-109.0108	0	140.903	86.07265	-5.261993	-170.81	
376	-95.87326	-108.3075	0	141.1374	85.87797	-3.4039	-168.7776	
377	-95.87326	-106.1976	0	139.0275	85.1407	-4.873047	-168.9687	
378	-93.52893	-107.8386	0	140.6686	84.49648	-16.63547	-178.9396	
379	-94.46667	-107.8386	0	140.903	84.50499	-33.76035	165.1304	
380	-94.70111	-108.0731	0	140.4341	84.70399	-31.13046	168.1449	
381	-94.70111	-107.8386	0	140.1997	85.2667	-24.29013	174.9361	
382	-94.70111	-104.3221	0	139.7308	85.79271	-17.21487	-177.1311	
383	-92.59122	-106.1976	0	139.0275	85.84744	-20.40442	179.7907	
384	-93.76337	-108.0731	0	140.903	86.03089	-20.36301	179.7381	
385	-94.93555	-108.7764	0	140.903	86.06264	-22.24786	177.8814	
386	-95.87329	-108.5419	0	140.903	85.62807	-23.43884	177.1818	
387	-95.87329	-108.0731	0	140.1997	84.66278	-24.81268	176.8496	
388	-94.46667	-104.0877	0	136.6832	84.36181	-22.13107	179.7814	
389	-93.29453	-107.3698	0	140.903	84.56696	-28.27362	174.9201	
390	-94.93555	-109.0108	0	140.4341	84.67384	-35.9292	170.0877	
391	-95.16998	-108.0731	0	140.903	85.39496	-42.52075	166.2275	
392	-94.93555	-108.7763	0	140.903	85.94715	-47.90759	163.1448	
393	-94.93555	-108.7763	0	140.903	86.3524	-47.49805	165.1533	
394	-95.16998	-106.432	0	138.7931	86.5695	-45.20703	167.5952	
395	-93.52896	-107.3698	0	140.903	86.549	-39.43103	172.4254	
396	-94.70111	-107.8386	0	140.4341	86.5234	-34.86151	176.8167	
397	-94.93555	-107.3698	0	140.903	85.97966	-30.88501	-178.3095	
398	-94.70111	-107.3698	0	140.903	85.73176	-30.53931	-177.2199	
399	-94.70111	-104.3221	0	136.6832	85.43645	-27.52679	-174.0432	
400	-92.35681	-106.432	0	139.4964	85.4253	-22.8042	-169.6725	
401	-94.46671	-107.3698	0	140.903	85.16949	-20.42694	-167.4303	
402	-94.93555	-108.7763	0	140.6685	85.07005	-18.56256	-165.4395	
403	-95.63885	-108.5419	0	140.903	85.68149	-16.44196	-164.4308	
404	-95.87329	-108.073	0	140.4341	86.6375	-11.36044	-161.1043	
405	-94.93555	-104.0877	0	136.9176	87.27976	-13.64236	-164.5304	
406	-92.35681	-107.8386	0	140.4341	87.49837	-19.87677	-170.473	
407	-94.46667	-107.6042	0	140.1997	87.42587	-18.00708	-168.5974	
408	-94.70111	-108.7763	0	140.4341	87.34642	-8.573029	-159.6599	
409	-94.93555	-107.8386	0	140.6685	87.36166	-16.98462	-167.4767	
410	-95.63885	-108.7763	0	140.4341	87.25034	-21.8681	-171.8347	
411	-95.63885	-105.9631	0	139.262	87.15283	-23.38712	-172.5424	
412	-93.7634	-107.8386	0	140.6685	87.43197	-27.99069	-176.5877	
413	-94.46667	-107.6042	0	140.6685	87.65215	-32.89355	178.6903	
414	-94.70111	-107.6042	0	140.903	87.77912	-45.60001	167.3125	
415	-94.93555	-107.6042	0	140.4341	87.94386	-57.77017	156.3538	
416	-94.46667	-103.8533	0	136.9176	88.38348	-60.93646	154.3828	
417	-92.35681	-106.432	0	139.262	88.72068	-69.50876	147.1445	
418	-94.23224	-108.073	0	140.1997	88.78437	-52.64111	165.2854	
419	-94.46667	-108.7763	0	140.6685	88.80859	-19.67685	-161.8854	
420	-95.63885	-108.7763	0	140.6685	88.72038	9.756042	-132.8088	
421	-95.87329	-109.0108	0	140.6685	88.59347	-7.211243	-148.5767	
422	-95.63885	-106.1976	0	139.0275	88.39172	-12.70438	-152.5396	
423	-93.7634	-107.6042	0	140.6685	88.58569	-12.3512	-151.6044	
424	-94.70111	-107.3697	0	140.6685	88.8233	-25.52789	-163.6518	
425	-94.70111	-107.6042	0	140.6685	88.10815	-32.71942	-169.2036	
426	-94.70111	-107.1353	0	140.903	87.43463	-63.38693	163.4003	
427	-94.93555	-104.3221	0	137.6209	88.03297	-39.58743	-173.9525	
428	-92.59125	-105.7287	0	139.262	88.675	15.23982	-120.849	
429	-93.7634	-107.8386	0	140.6685	88.5425	9.794342	-127.2044	
430	-94.70111	-108.7763	0	140.4341	88.80318	-16.34824	-153.428	
431	-95.87329	-108.5419	0	140.6685	88.75919	-55.30988	169.2408	
432	-95.63885	-107.8386	0	140.4341	88.62385	-105.8051	119.5609	
433	-95.16998	-103.6188	0	136.9176	89.33588	-99.68814	126.4816	
434	-93.52896	-107.8386	0	140.6685	88.98432	29.19261	-109.6939	
435	-94.23224	-107.3698	0	140.6685	88.67989	-26.24985	-170.4496	
436	-90.48132	-108.3075	0	140.4341	88.36183	-37.92923	174.1871	
437	-81.57294	-107.8386	0	140.4341	87.66242	-30.67676	-179.0134	
438	-74.30554	-109.0108	0	140.4341	87.23884	-36.86392	174.6759	
439	-73.60223	-105.7287	0	139.0275	87.78671	-34.43802	175.4518	
440	-71.49237	-107.6042	0	140.6685	87.95015	-35.09372	170.4578	
441	-69.14804	-107.8386	0	140.4341	87.1144	-48.24597	155.8573	
442	-63.7561	-107.3698	0	140.6685	86.12814	-73.79938	123.0555	
443	-51.80008	-107.6042	0	140.903	84.90061	-75.85315	120.3829	
444	-49.69019	-104.0877	0	137.1521	85.4995	-67.49533	129.8471	
445	-49.92462	-107.1353	0	139.0275	85.8111	-66.31747	132.2875	
446	-49.69019	-107.6042	0	140.6685	86.29113	-72.1615	124.4793	
447	-44.06381	-109.0108	0	140.6685	86.88567	-75.74445	116.2367	
448	-37.9686	-109.0108	0	140.4341	87.39307	-71.31824	118.0026	
449	-35.38983	-109.0108	0	140.6685	87.55352	-58.89148	129.3324	
450	-33.51437	-105.9631	0	139.0275	87.66201	-46.96051	138.5639	
451	-32.10779	-107.8386	0	140.903	87.80029	-39.18231	142.923	
452	-29.52902	-107.8386	0	140.6685	87.8187	-32.71854	147.5329	
453	-28.35687	-107.8386	0	140.4341	88.02117	-35.50854	143.9095	
454	-28.12244	-107.8386	0	140.4341	88.13596	-35.64172	143.3028	
455	-27.888	-104.5565	0	137.1521	88.34377	-32.89008	144.974	
456	-29.52902	-106.432	0	139.0275	88.6097	-34.31931	142.7392	
457	-27.888	-107.3697	0	140.6685	88.66779	-22.19162	154.2879	
458	-23.19937	-108.3075	0	140.6685	88.1835	-5.124329	168.0117	
459	-13.82208	-109.0108	0	140.6685	88.16977	4.94732	173.7729	
460	-9.367889	-107.8386	0	140.4341	88.00669	8.327863	175.4653	
461	-7.961273	-103.8532	0	130.8224	87.89709	8.898832	173.573	
462	-8.195709	-107.6042	0	127.7748	87.96452	8.61083	171.78	
463	-4.913666	-110.1829	0	121.2107	87.95311	2.199448	165.4336	
464	-3.975952	-117.9192	0	116.5221	87.74232	-7.182709	157.9094	
465	-4.444794	-125.8898	0	114.4122	87.16428	-4.922485	163.6729	
466	-3.741516	-131.9851	0	114.4122	86.191	-5.047394	167.3566	
467	-3.50708	-128.9375	0	113.24	86.25692	-14.78979	165.1154	
468	-11.94662	-131.5162	0	114.1777	86.76911	-29.54788	161.84	
469	-22.96494	-132.2195	0	114.4122	87.26678	-36.26834	159.481	
470	-29.29459	-131.7507	0	114.4122	87.61469	-46.5744	151.1087	
471	-31.17004	-132.4539	0	114.4122	87.69947	-47.62369	148.5434	
472	-31.17004	-127.7653	0	112.3023	87.63305	-47.97781	147.1134	
473	-35.1554	-132.2195	0	113.4744	87.7884	-51.65811	147.0819	
474	-36.56198	-134.5638	0	114.4122	87.95321	-61.8819	140.7878	
475	-39.60962	-136.4393	0	114.1777	88.25987	-67.08914	138.3382	
476	-40.07849	-136.4393	0	114.4122	88.6247	-86.55994	120.7138	
477	-40.78177	-136.6737	0	114.1777	88.66998	-72.31409	136.6506	
478	-40.54733	-132.2195	0	113.4745	88.46379	-57.2168	153.3147	
479	-41.71948	-134.7983	0	113.7089	88.45705	-51.39407	164.3144	
480	-44.76712	-134.5638	0	110.4268	88.35301	-64.78036	158.421	
481	-48.04916	-134.5638	0	109.958	88.36805	-74.6369	152.1013	
482	-51.56564	-134.5638	0	109.958	88.01052	-97.55716	129.7281	
483	-52.73779	-129.6408	0	109.7235	87.98122	-99.83279	129.5119	
484	-55.08212	-132.9228	0	111.599	87.53883	-96.29132	138.0117	
485	-55.7854	-134.7983	0	112.5367	87.63927	-106.5878	131.131	
486	-56.95758	-136.4393	0	112.3023	87.92642	-116.6802	122.9323	
487	-57.89529	-136.4393	0	112.3023	88.08726	-131.6897	109.1994	
488	-58.83304	-134.095	0	112.7712	88.15369	-135.9873	106.1228	
489	-59.53632	-129.6407	0	110.6613	88.16027	-137.2565	105.2131	
490	-58.83304	-134.7983	0	112.3023	88.28777	-131.8377	110.0093	
491	-58.83304	-134.7983	0	112.5367	88.40848	-123.7602	116.4595	
492	-59.06744	-136.4393	0	112.5367	88.61704	-105.8597	131.2657	
493	-59.06744	-136.6737	0	113.7089	88.81833	-68.02405	163.0134	
494	-59.06744	-136.4393	0	117.2254	88.05983	-13.02451	-145.6056	
495	-56.72314	-132.6884	0	116.2877	86.32848	-3.346741	-139.6369	
496	-56.25427	-134.7982	0	119.1008	83.39328	-0.09744263	-135.6905	
497	-55.08212	-135.5016	0	119.3353	82.16186	3.585057	-131.9769	
498	-54.84769	-134.7982	0	119.1008	83.60429	4.110785	-131.7334	
499	-54.61325	-134.5638	0	125.1961	85.48898	-3.065979	-141.5381	
500	-48.51801	-129.4063	0	133.4012	86.90402	-4.977875	-147.1286	
501	-46.40814	-132.4539	0	135.9799	87.01849	-4.055664	-149.4754	
502	-45.93927	-132.9228	0	137.621	86.39669	-4.79364	-151.0583	
503	-45.93927	-134.3294	0	138.5587	86.74316	-19.27203	-163.762	
504	-45.93927	-134.3294	0	138.7931	87.51084	-51.06366	167.9476	
505	-45.93927	-127.2964	0	138.7931	88.229	-94.90039	131.696	
506	-54.84769	-112.0583	0	137.1521	87.37513	-139.5287	96.09633	
507	-72.66452	-104.5565	0	139.0275	86.35396	-157.6733	89.02028	
508	-87.43375	-102.4467	0	138.7931	86.73769	-164.2371	86.53609	
509	-92.12238	-102.2122	0	139.0275	87.07417	-162.6179	86.13557	
510	-94.23227	-102.4467	0	138.7931	87.70663	-162.839	82.70795	
511	-94.23227	-99.16461	0	135.7455	88.54169	-170.917	73.08114	
512	-91.88794	-101.2745	0	136.9177	89.16537	-160.1269	80.37433	
513	-93.29453	-102.4467	0	138.7931	89.41718	-143.0054	92.08492	
514	-94.46667	-105.0254	0	139.0275	88.61761	-114.9474	118.2321	
515	-95.63885	-103.8532	0	138.7931	88.24075	-102.4341	131.838	
516	-95.40442	-105.2598	0	138.7931	88.20921	-97.44797	135.6572	
517	-95.63885	-103.3844	0	137.1521	88.34601	-68.43616	161.494	
518	-93.29453	-105.2598	0	139.0275	88.12592	-36.74866	-169.5154	
519	-94.70111	-105.7287	0	138.7931	87.28207	2.504141	-135.9632	
520	-94.46667	-105.7287	0	138.7931	86.09039	18.61575	-126.4302	
521	-94.46667	-105.7287	0	138.5587	87.4117	-5.410522	-158.7384	
522	-94.46667	-102.4467	0	135.7455	87.02665	0.4044886	-156.3223	
523	-92.12238	-104.5565	0	136.9177	87.28661	-5.675781	-165.1297	
524	-93.52896	-105.7287	0	138.7931	87.31351	-16.77966	-175.9867	
525	-94.70111	-106.432	0	138.7931	87.9603	-30.46326	172.3758	
526	-95.63885	-106.6664	0	138.7931	86.4079	-59.36099	144.2551	
527	-95.63885	-106.432	0	138.7931	84.5436	-69.22452	134.3348	
528	-95.63885	-104.3221	0	136.9177	84.82787	-71.46896	131.6403	
529	-93.29453	-105.4943	0	138.7931	85.59135	-67.24194	134.0094	
530	-94.70111	-105.4943	0	138.7931	86.11668	-72.39984	126.8636	
531	-94.70111	-105.4943	0	138.7931	86.51799	-62.68188	133.4159	
532	-94.46667	-105.7287	0	138.5587	87.9009	-24.92053	167.8312	
533	-94.46667	-102.6811	0	135.5111	88.04867	-10.78427	179.632	
534	-92.12238	-104.3221	0	137.1521	87.22216	-8.474365	179.4953	
535	-93.76337	-105.2598	0	138.7931	87.20887	-6.586334	179.5243	
536	-94.93555	-105.7287	0	138.3242	87.24459	-10.69891	175.872	
537	-94.70111	-105.2598	0	138.7931	87.09397	-21.27292	166.7786	
538	-95.63885	-105.7287	0	138.3242	87.1538	-26.08853	162.8882	
539	-94.46667	-102.2122	0	135.2766	87.12342	-28.17142	160.3227	
540	-92.35678	-105.2598	0	138.7931	86.97625	-28.88498	159.1102	
541	-94.70111	-105.4943	0	139.0275	86.79015	-27.20404	159.3105	
542	-94.70111	-105.7287	0	139.0275	86.61697	-23.6033	161.9536	
543	-95.16998	-106.9008	0	138.3242	86.53078	-22.75861	162.0111	
544	-95.63882	-105.4943	0	138.7931	86.31826	-22.78342	161.0468	
545	-94.70111	-102.2122	0	135.0422	86.31762	-22.29581	160.4562	
546	-93.52893	-105.7287	0	138.5587	86.45995	-18.41577	163.5005	
547	-94.46667	-105.7287	0	138.5587	86.5274	-14.38785	166.0456	
548	-94.70111	-106.9008	0	138.5587	86.56407	-14.28241	165.1353	
549	-95.63882	-106.9008	0	138.5587	86.78046	-14.97415	163.4545	
550	-95.40439	-106.9008	0	138.3242	86.73355	-16.11807	161.4492	
551	-95.40439	-103.8532	0	137.3865	86.54356	-18.89551	158.1616	
552	-93.76337	-105.7287	0	138.3242	86.4678	-19.06107	157.3121	
553	-94.70111	-105.4943	0	138.7931	86.4341	-19.21967	156.904	
554	-94.70111	-105.7287	0	138.7931	86.37372	-17.57394	158.4191	
555	-94.70111	-105.7287	0	138.5587	86.32129	-17.42612	158.4917	
556	-94.46667	-101.9778	0	135.7455	85.87222	-21.38269	155.4618	
557	-92.35678	-104.5565	0	137.3865	85.64716	-22.63925	155.2648	
558	-93.9978	-105.7287	0	138.3242	85.49458	-26.11938	153.3557	
559	-94.23224	-105.7287	0	138.5587	85.41999	-30.62079	151.4368	
560	-94.46667	-105.4943	0	138.7931	85.08498	-35.48691	150.8686	
561	-95.63882	-105.7287	0	138.5587	85.05102	-39.9679	154.5239	
562	-94.46667	-102.6811	0	135.5111	85.24033	-39.42566	161.2442	
563	-92.35678	-105.9631	0	138.7931	85.69284	-58.90063	151.0402	
564	-94.70111	-105.7287	0	138.3242	86.49536	-75.93454	140.1464	
565	-94.46667	-106.9008	0	139.0275	87.14014	-81.20215	141.6431	
566	-95.63882	-106.6664	0	138.7931	87.50205	-99.76688	129.2439	
567	-95.63882	-105.9631	0	139.0275	87.00422	-110.7932	124.208	
568	-95.63882	-104.3221	0	136.9176	87.27509	-116.7943	123.2277	
569	-93.29449	-105.2598	0	139.0275	87.37312	-124.1775	119.7228	
570	-94.93552	-105.7287	0	138.3242	87.50401	-119.6851	126.0498	
571	-94.46667	-105.2598	0	138.7931	87.35603	-108.5399	139.0886	
572	-94.93552	-105.2598	0	138.7931	87.92613	-109.0948	139.1749	
573	-94.70111	-102.4467	0	135.5111	88.22216	-107.013	142.4379	
574	-92.12234	-104.0877	0	137.3865	88.20202	-120.7141	129.0559	
575	-94.23224	-105.4943	0	138.7931	87.0376	-141.691	110.6361	
576	-94.70111	-106.6664	0	138.7931	85.57552	-152.2429	101.1052	
577	-95.87326	-106.6664	0	138.7931	85.42594	-155.3897	98.54502	
578	-95.63882	-106.6664	0	138.7931	86.73505	-161.6228	93.41199	
579	-95.63882	-104.0877	0	137.3865	87.07143	-151.3357	105.1984	
580	-93.52893	-105.4942	0	138.7931	87.7175	-143.7085	114.9429	
581	-94.70111	-105.7287	0	138.5587	88.2904	-139.0402	121.5653	
582	-94.46667	-105.2598	0	138.7931	88.16507	-142.6945	120.0963	
583	-94.70111	-105.2598	0	138.7931	87.70877	-154.1639	110.4929	
584	-94.70111	-102.6811	0	135.511	87.27725	-166.0604	100.3692	
585	-92.35678	-104.0876	0	137.1521	87.21414	-173.5237	94.28719	
586	-93.9978	-105.4942	0	138.7931	87.61936	164.9099	75.12957	
587	-94.70111	-106.9008	0	138.7931	87.51526	152.6228	63.8983	
588	-95.63882	-106.9008	0	138.7931	87.54305	144.1037	56.28335	
589	-95.63882	-106.6664	0	138.7931	87.48643	145.1211	57.52043	
590	-95.63882	-104.0876	0	136.9176	87.47982	141.6976	53.23678	
591	-93.29449	-105.2598	0	138.7931	87.5417	138.9155	49.91428	
592	-94.70111	-105.7287	0	138.3242	87.50143	137.0065	47.24818	
593	-94.46667	-105.2598	0	138.7931	87.35884	133.5775	43.79082	
594	-94.70111	-105.7287	0	138.7931	87.24764	131.1681	41.10004	
595	-94.93552	-102.6811	0	135.511	87.1916	129.6337	39.41856	
596	-92.35678	-104.7909	0	137.3865	87.30282	131.7464	41.56121	
597	-93.9978	-106.432	0	138.7931	87.45271	137.3543	47.83123	
598	-94.70111	-105.9631	0	139.0275	87.55712	143.4469	54.1622	
599	-94.70111	-106.432	0	138.3242	87.58338	143.6495	54.63177	
600	-94.46667	-105.7287	0	138.7931	87.60395	144	55.1185	
601	-94.93552	-102.6811	0	135.0422	87.66167	147.5744	58.84367	
602	-92.12234	-106.432	0	138.5587	87.72213	149.6387	60.98861	
603	-94.46667	-106.432	0	138.7931	87.7565	150.7496	62.05679	
604	-94.46667	-107.1353	0	138.7931	87.83581	154.7484	66.26844	
605	-95.16998	-106.9008	0	138.7931	87.83012	159.1273	70.85105	
606	-95.87326	-107.1353	0	138.7931	87.8118	161.5154	73.49123	
607	-94.93555	-104.3221	0	137.3865	87.83354	162.691	74.81354	
608	-93.52893	-107.3697	0	138.7931	87.80894	163.2035	75.77792	
609	-95.63882	-107.3697	0	138.7931	87.80563	163.4815	76.24518	
610	-95.63882	-107.3697	0	138.5587	87.82058	163.9147	76.69444	
611	-95.63882	-106.432	0	138.7931	87.81144	165.1201	78.27211	
612	-94.93555	-104.5565	0	137.1521	87.8059	165.8259	79.16295	
613	-93.76337	-106.432	0	138.5587	87.80947	166.7515	80.59226	
614	-94.70111	-105.9631	0	138.7931	87.81466	166.8849	80.85388	
615	-94.70111	-106.1975	0	138.3242	87.81753	167.9453	81.94031	
616	-94.70111	-105.9631	0	138.7931	87.82831	168.5491	82.66029	
617	-94.70111	-103.1499	0	135.2766	87.83916	168.4489	82.45219	
618	-92.35678	-104.5565	0	137.3865	87.80536	169.3131	83.13142	
619	-93.9978	-105.9631	0	138.7931	87.85361	168.6375	81.85055	
620	-94.93555	-107.3697	0	138.5587	88.0889	167.7699	79.51073	
621	-95.63885	-107.3697	0	138.7931	88.25459	171.8686	81.21069	
622	-95.63885	-106.1975	0	138.5587	88.41009	-177.7102	88.17435	
623	-95.40442	-102.4466	0	135.0422	88.62713	-173.1386	89.43128	
624	-93.29449	-106.1975	0	138.3242	88.92226	-164.9616	94.77641	
625	-94.46667	-105.9631	0	138.7931	89.14272	-152.6742	103.9173	
626	-94.70111	-107.3697	0	138.5587	89.50662	-150.8878	104.0988	
627	-94.46667	-107.3697	0	138.3242	89.6278	-147.2898	106.0301	
628	-94.46667	-107.1353	0	138.7931	89.67435	-127.2534	124.9561	
629	-95.63882	-104.7909	0	137.1521	89.60042	-114.3192	137.0404	
630	-93.52893	-106.1975	0	138.5587	89.41383	-64.88831	-174.6013	
631	-94.70111	-105.9631	0	138.7931	88.84005	-24.28909	-134.4566	
632	-94.93552	-106.1975	0	138.7931	88.80008	-44.69141	-155.1903	
633	-94.70111	-105.9631	0	138.7931	88.86185	-53.82736	-164.3204	
634	-94.70111	-102.681	0	135.0422	88.80614	-58.64703	-169.259	
635	-92.12234	-104.7909	0	137.6209	88.76125	-70.27914	178.9668	
636	-94.46667	-106.4319	0	139.0275	88.83685	-79.37103	169.6326	
637	-94.93555	-105.9631	0	138.7931	88.89944	-84.88754	164.1068	
638	-94.70111	-106.1975	0	138.5587	89.01225	-89.97321	158.8735	
639	-94.46667	-105.7287	0	138.7931	89.09583	-91.76901	156.9747	
640	-94.70111	-102.9155	0	135.7455	89.12308	-92.85706	156.0128	
641	-92.35678	-106.4319	0	138.5587	89.09995	-94.99957	153.8521	
642	-94.70111	-106.4319	0	138.3242	89.09669	-94.6712	153.9413	
643	-94.70111	-105.7287	0	138.7931	89.13114	-96.28375	152.3932	


Angle MV instances
Rotate	2.109886	2.109886	10.08057	22.27103	5.626373	10.78384	15.94138	7.736267	2.109886	11.01832	5.626343	2.578735	4.68866	5.391907	3.047607	2.109863	15.00366	7.970703	4.219757	2.578753	2.578761	4.454193	3.047607	13.1282	16.64468	4.688629	3.985321	8.439575	4.923065	7.501801	3.750916	7.970673	4.688629	3.047638	2.34433	3.282043	3.750885	4.219788	5.157532	2.813202	3.047607	3.047607	2.109894	2.109863	2.813171	2.109894	2.109894	2.34433	2.109894	2.344299	2.344299	2.109894	2.109894	2.109863	2.578766	2.578766	2.344299	2.578735	2.344299	2.34433	2.578766	2.109894	2.344299	2.813171	2.813171	2.109894	2.578735	2.578766	2.578766	2.109894	2.34433	2.344299	2.578735	2.109894	2.578735	2.109863	2.34433	2.34433	2.109894	2.578735	2.109894	2.344299	2.34433	2.109894	2.344299	2.109894	2.578735	2.109863	2.109863	2.344299	3.750916	8.908386	7.267395	2.109863	2.34433	5.391937	11.95602	2.109894	5.626373	6.095215	2.578766	2.578766	4.688629	9.377289	4.454193	3.282043	8.439545	11.01831	6.329651	3.985352	3.047638	3.047638	3.282043	3.516479	2.34433	2.344299	6.095245	2.109863	8.908417	17.81683	14.76923	4.688629	2.109894	2.34433	2.34433	2.344299	2.34433	2.344299	2.109894	2.34433	2.109894	2.109894	2.34433	2.34433	2.578766	2.109894	2.109894	2.34433	2.34433	2.578735	2.813171	2.34433	2.109894	2.34433	2.109924	2.109894	2.578766	2.34433	2.34433	2.34433	
ChildRotate	4.219788	4.688652	2.109894	2.34433	3.282059	3.047615	3.7509	13.59707	16.87909	7.267395	4.219757	2.34433	8.205109	35.86809	2.813187	3.750908	3.750916	3.51648	2.344322	2.813186	3.047615	2.109887	2.344322	15.00366	3.047607	14.30035	11.95603	3.985359	3.985358	26.02197	10.54944	3.516479	3.047607	8.908417	5.157501	5.157501	3.516479	3.282043	7.501831	11.95602	5.626373	10.54945	3.047607	2.344315	2.109879	3.750916	2.578766	2.578751	3.282043	2.34433	3.282043	2.109894	2.813187	3.516479	3.047607	2.578751	3.7509	2.34433	3.985352	4.219772	2.813202	3.7509	2.109863	2.578751	3.047607	2.34433	2.109894	3.282059	3.282059	2.813187	3.282043	2.578751	3.750885	3.516479	2.813202	2.34433	3.516479	2.344315	2.578751	3.516479	3.047623	2.344315	3.282059	2.34433	2.34433	3.282043	2.344315	3.282059	2.813187	3.282043	2.344315	2.109879	3.516479	3.985352	3.282043	2.344315	3.047623	2.109879	3.985336	3.7509	2.813202	3.750885	2.578735	2.813187	2.813187	2.109879	4.219757	4.219757	3.282059	3.516464	3.047623	3.047638	3.282043	3.985352	3.750916	2.578751	7.736252	7.970673	6.095261	3.047623	2.578751	4.688644	4.454208	2.344315	4.454208	2.578751	4.923065	3.282043	2.34433	4.454208	5.157516	3.7509	2.109879	5.157501	3.047607	7.032959	15.2381	7.501816	2.109879	3.282043	2.109863	2.578751	3.282043	2.109879	2.109879	3.047607	3.516479	3.047607	3.282043	3.516479	3.047607	3.750916	2.578751	3.047623	3.282043	2.813171	2.578751	2.578751	2.578751	3.047607	2.109879	3.047607	3.750916	2.813171	3.047607	2.813202	3.7509	3.7509	2.34433	3.282043	2.109894	2.813187	3.516479	
RotateInverse	
ChildRotateInverse	2.109886	3.047618	5.391938	2.81318	5.157502	5.157502	2.344322	4.688638	4.923073	7.736259	3.282045	3.75091	3.750906	2.813189	7.267385	9.846146	12.89376	8.205116	5.626373	3.985352	7.970688	7.032951	3.750908	4.688644	2.813187	2.578751	8.205124	4.21978	2.109886	2.344307	2.344307	2.813194	2.578751	11.95605	6.329666	5.39193	5.157501	7.267387	2.813187	13.59705	11.25274	2.578758	2.813187	3.516464	2.34433	2.34433	2.578751	3.282059	3.282043	3.985336	3.7509	3.750916	3.047623	2.813187	4.219772	4.219772	3.282059	2.109894	3.282043	2.109879	2.109879	3.516479	3.282043	2.109894	3.7509	2.344315	3.516464	3.516464	3.7509	2.578751	3.047607	3.985336	2.344299	2.109894	3.750916	3.516479	2.34433	3.516479	2.813171	3.047607	4.219772	2.578751	2.109879	2.109879	3.282043	3.282043	3.047607	2.109894	3.516479	4.219772	2.109894	2.109894	4.219772	2.813171	3.516479	3.516479	3.516479	2.344315	3.282043	3.516479	3.7509	3.750916	3.282043	9.61171	3.047623	6.564087	4.688637	2.109894	2.109894	3.282036	2.109886	3.516479	2.813179	6.09523	8.205116	2.578766	3.047623	2.813202	3.047623	3.047623	3.516479	3.750916	3.516495	2.813187	3.047623	3.282059	2.109894	2.109879	3.282043	3.282059	3.282043	3.7509	3.516479	3.516479	2.109879	3.516479	3.282059	3.7509	2.578751	3.047607	2.813187	
Docking x	2.936965	3.706375	3.649675	3.358973	3.00584	4.81362	5.604008	5.997738	4.251804	4.453785	5.772308	6.863499	10.68499	7.886223	2.044075	2.27655	2.963882	4.284149	4.636971	3.079277	4.316284	2.134796	2.270233	2.935204	
Docking y	3.543452	3.263893	7.013433	6.42094	3.582438	3.289007	6.035122	6.197845	7.310783	13.5069	2.954678	16.85038	56.4854	311.0991	24.02327	3.906342	288.1588	14.66615	30.84982	8.850891	3.616852	14.78809	15.39017	42.3515	18.60788	6.873596	11.36722	10.7905	19.40118	14.15791	31.44819	34.24887	12.44745	3.861694	4.008636	20.33917	16.9281	11.81961	2.335999	2.525543	7.717163	2.506653	2.321503	3.069641	4.810303	6.013824	24.79486	15.85596	2.203491	2.354492	2.097534	2.736389	3.542694	2.025299	2.573212	2.66806	4.965149	8.526733	4.676147	2.660889	4.277802	5.30246	7.221954	3.703003	6.324554	7.023163	3.65033	3.347626	2.978424	5.632538	5.401489	3.434723	5.50592	5.29425	11.70242	2.190674	4.387939	10.29648	10.78351	6.446777	2.218201	2.101563	3.496399	4.596069	3.06543	14.97983	10.46988	3.103027	4.416931	8.14209	2.383728	2.549713	2.492554	2.623535	5.405029	10.91422	9.018494	7.155823	5.704071	8.796021	5.354462	5.642975	4.495605	3.263428	5.719666	4.221069	13.09518	16.3078	8.189728	2.532867	4.118988	5.648834	6.500793	5.346222	8.229645	3.134277	2.403503	3.953339	3.447693	3.719452	2.293671	5.881622	4.065399	5.932861	3.069836	3.492767	4.101746	5.021912	4.543182	3.880493	7.904053	8.245819	4.681824	5.08255	6.854675	2.760223	6.111328	5.523956	5.638275	2.18045	3.314911	5.455231	2.151001	2.868134	2.288116	4.214691	2.123474	2.673676	3.015778	2.839111	3.686249	10.39786	18.30533	17.26547	10.63883	17.79998	5.405642	2.176065	10.31923	4.323774	4.859952	3.64175	4.991506	14.09401	7.622825	14.5793	14.34894	15.26692	9.12271	3.47501	15.99678	5.759996	3.84642	10.12824	4.707354	2.696153	7.261112	3.116463	5.516233	9.942679	3.600962	4.451308	3.960052	5.558871	10.11608	4.74353	11.29122	2.563855	14.07706	15.1983	6.364502	5.068726	4.942322	2.073151	8.335358	13.3273	6.836622	13.47883	5.986511	6.699738	2.886932	18.24878	2.402405	12.63211	11.58774	4.466431	13.16669	3.408661	5.75946	15.90903	12.4454	4.189514	14.66351	3.328339	6.19873	6.243134	2.063507	3.187195	2.700348	4.747864	2.462189	4.576843	11.76242	17.12488	2.629883	6.840332	7.075256	3.189545	2.68161	6.142548	7.655579	6.591553	5.386841	2.291016	5.776001	4.569519	3.976501	3.012512	4.722595	2.377258	2.120605	5.081512	2.281921	6.234406	9.434052	8.411591	4.883484	4.603577	4.902863	12.70645	12.17017	3.16629	8.572296	16.86765	32.96426	29.43289	16.96729	5.493134	13.1767	7.191528	30.66751	23.7995	54.82726	5.44548	26.14258	38.96164	50.49521	6.116943	128.8808	55.44246	11.67938	7.252472	6.187164	2.425903	13.15225	25.55341	2.053772	8.357819	5.844025	3.582947	4.426208	12.42676	11.93097	7.778198	6.463776	2.790009	2.751648	12.12769	17.06729	3.380542	6.411382	9.382157	2.260223	9.742401	14.75809	6.720459	10.30606	3.680298	10.22379	5.207245	19.47079	14.24585	15.09729	5.822723	13.38629	9.856537	22.92026	2.275635	3.541473	10.29645	10.09242	15.00949	4.297653	5.418762	8.07753	17.90051	37.83563	54.99954	9.677765	3.249298	3.682499	14.47839	31.79163	43.83673	44.62834	18.14459	6.563782	8.077957	10.79005	17.12154	28.058	12.51324	4.986176	29.01181	31.6875	39.2528	16.1116	24.02627	5.815011	6.08027	11.10388	13.68359	28.89774	9.863525	2.244446	4.22702	5.157898	9.717957	37.76135	14.13626	2.309906	4.112579	10.57401	4.815613	2.082886	3.600739	3.880035	4.027924	2.777435	3.956573	3.480133	4.501404	4.866119	4.480988	19.47498	17.03391	5.267609	18.56473	11.02632	6.001053	7.38324	4.492401	11.14523	2.081818	13.70114	20.97687	10.55194	3.14682	6.233063	10.28712	7.627228	4.668243	3.654282	11.46938	11.8965	7.463318	338.4336	12.28706	8.51918	3.423462	2.78215	3.428986	2.409332	2.11264	5.607956	6.092545	3.574478	2.064255	3.998779	4.378891	2.388092	4.098648	349.5788	4.571564	8.177078	12.28732	3.598083	20.03638	12.93417	49.43091	40.59921	20.40231	9.135956	4.819672	11.63211	9.091888	5.51651	5.085663	2.142517	
Docking z	3.253885	4.809897	3.522745	3.7089	7.903666	6.881888	10.24792	5.549133	7.139893	3.674469	9.776215	4.976776	4.429413	4.136627	4.362335	12.44996	9.191153	54.68307	49.17453	25.30286	7.137329	5.69809	82.71262	18.37729	104.5992	323.9726	9.900742	5.713425	335.6769	9.993317	319.2181	16.87222	3.121185	6.44603	5.105682	320.3625	41.994	8.524422	4.72879	18.88436	18.83833	12.22702	6.389404	2.047348	2.039734	2.552048	3.877594	7.952957	19.9469	23.82803	4.182388	3.386826	2.611038	4.922913	2.920471	2.07457	5.874115	2.906189	7.032257	7.404282	2.908081	2.928635	3.673477	4.638123	5.08844	4.561203	6.164001	8.155472	5.324326	5.069992	6.997299	6.52095	12.69089	4.295685	9.42244	9.962585	5.401978	2.279419	2.342636	5.22673	2.425735	13.58443	9.82251	3.628036	7.380493	10.55907	2.190903	2.739044	4.183701	7.900909	6.106216	3.667511	5.478546	7.303406	5.81926	5.04953	2.396622	3.894348	5.126419	2.581482	4.560257	5.385864	13.35034	16.62285	9.305534	2.164963	4.686432	2.678772	2.957596	3.15332	6.998093	2.925919	2.251404	2.073883	2.548325	3.574203	2.85675	4.868179	3.057388	5.593628	2.761383	6.972519	2.259476	2.285675	5.814178	5.137115	5.531555	4.790405	2.364197	3.142624	5.462921	2.462921	4.759033	2.339523	2.089554	3.603882	6.683136	3.862747	2.95784	2.125656	2.638199	9.376984	343.3403	15.99544	2.670685	9.650681	17.12608	6.098022	3.051788	4.83252	8.79895	4.008621	4.44722	3.070862	4.086914	13.48378	21.27654	8.193832	14.56226	13.92159	15.75949	7.863083	3.191666	15.11545	5.397766	3.455078	9.604568	4.686005	2.833801	7.086761	3.328003	5.225143	9.715256	3.576874	4.438675	3.860916	5.412872	9.985855	6.441605	4.587234	11.27853	2.603027	13.88948	344.8477	6.335846	5.170349	4.987564	351.7372	12.93681	6.551636	13.06569	6.002594	6.605881	2.871246	341.7172	2.489944	347.498	11.20059	3.902328	13.3772	3.711212	5.657104	16.07391	8.353012	12.28542	345.689	2.605942	7.25351	6.742172	3.33577	3.931992	2.03241	9.970947	344.07	3.014557	6.791107	352.0672	356.9218	2.931839	4.861374	4.832321	3.860229	3.082748	2.008545	2.44191	4.830139	4.391342	3.176788	4.370651	2.242233	3.326508	3.426147	5.942581	8.937531	7.816879	4.357956	4.045273	355.278	11.37779	10.95879	7.238312	18.14084	327.1707	29.07663	15.76797	3.96283	12.04739	5.551773	332.6039	337.3527	53.10342	6.355347	26.22363	322.6688	49.67992	6.920746	236.1755	60.75568	344.6367	353.2005	353.6893	4.994034	14.60045	32.80184	2.672623	9.464272	2.440338	7.808151	8.242645	11.3298	9.231537	4.359024	4.609879	3.623367	2.234802	11.54874	13.72377	5.761261	6.346375	7.52417	5.763535	3.683655	2.241226	3.27533	2.359024	8.372345	2.565247	6.294098	2.449554	17.62443	15.93681	16.66411	10.99966	5.893417	6.319687	22.3732	8.499817	6.880737	8.198677	13.73288	3.076569	4.796143	6.450249	14.8062	31.74767	308.619	5.968704	3.946381	3.713593	9.804733	5.590485	2.346802	12.70364	331.7096	36.25157	35.5997	7.07605	2.484184	3.42762	9.626808	7.29319	11.71059	26.1472	13.60585	3.81926	25.83673	331.0094	33.55226	9.532928	32.3082	2.416092	8.807312	10.85709	348.3625	28.12064	9.920319	2.694504	2.369125	7.145882	6.552345	34.41531	11.80078	3.652283	9.093353	3.890457	2.56546	2.643112	3.044312	2.54509	2.00528	3.287674	3.029907	3.655304	6.720261	10.20399	10.89378	12.39925	5.035919	3.504921	6.327065	13.0388	3.263046	13.38199	18.41986	9.530846	2.560211	5.133026	11.7864	9.744469	6.622391	9.603401	10.12373	6.082016	19.15762	11.23127	7.614956	4.283649	3.322498	2.6661	3.457367	2.690781	2.142658	6.270016	6.330975	3.725178	2.144932	4.211655	4.582611	2.640175	2.339813	6.963654	5.345131	9.1409	18.92599	12.0843	311.6417	40.14476	20.73375	9.130081	4.938629	348.2258	9.334183	5.525818	5.233307	2.160721	
Total MV Amount	19997.04


Angle TRE instances
Rotate	
ChildRotate	192	194	202	204	213	216	224	225	230	233	241	243	247	250	258	261	269	271	286	289	296	297	298	299	301	302	308	311	319	320	321	322	330	333	341	342	343	344	352	355	363	366	374	377	385	387	390	391	392	394	402	404	408	409	410	411	419	422	430	432	436	437	438	439	447	450	458	460	463	465	506	507	
RotateInverse	1	
ChildRotateInverse	131	140	143	144	148	150	154	155	160	161	166	167	171	173	177	178	183	184	188	190	194	195	199	201	205	206	210	212	216	217	222	223	227	229	233	234	238	240	244	245	250	251	255	257	261	262	266	268	272	273	277	279	283	285	289	290	294	296	300	301	305	307	311	312	316	318	322	323	327	328	333	334	338	340	344	345	349	351	355	356	360	362	366	367	371	373	377	378	382	384	388	389	394	395	399	401	405	406	411	412	416	418	422	423	427	429	433	434	439	440	444	446	450	451	455	457	461	462	500	
Docking x	
Docking y	511	512	585	586	623	624	
Docking z	512	513	609	622	
Total TRE Count	201


Correct Angles	Rotate	ChildRotate	RotateInverse	ChildRotateInverse	Docking x	Docking y	Docking z
	-110	-113.2607	0	135	72.33005	-171.78	80.89094

Angle Error	Rotate	ChildRotate	RotateInverse	ChildRotateInverse	Docking x	Docking y	Docking z
	15.29889	7.532013	0	3.793076	16.76082	75.47179	71.48212

Time Taken	Hours	Minutes	Seconds	Milliseconds	Seconds float	Completion time
	0	0	37	984	37.98363	00h:00m:37s:984ms

Final Results	Tester Name	Time of Test	Dock Shape Style	Virtual Device Visible	Time Taken	Shape Precision %	Orientation Precision %	Overall Precision %	Efficiency %	Difficulty	Total MV	Total TRE	
	0	2018-11-21_12:50:24	Presets_dockPreset_3	True	00h:00m:37s:984ms	96.30222	72.78631	84.89375	-156.5678	0.7591796	19997.04	201	
