
Angles Over Time
Frames	Rotate	ChildRotate	RotateInverse	ChildRotateInverse	Docking x	Docking y	Docking z	
0	-0.4689026	-3.985443	0	-0.234436	0	0	0	
1	-0.234436	-3.516479	0	1.406593	0	0	0	
2	-3.047607	0	0	0	0	0	0	
3	0	-0.7033081	0	-0.234436	0	0	0	
4	0	-0.234436	0	-0.234436	0	0	0	
5	0	-5.336074E-08	0	-0.234436	0	0	0	
6	0	-3.282043	0	2.578758	0	0	0	
7	-2.813171	-0.4688721	0	5.969637E-08	0	0	0	
8	0	-0.234436	0	-0.234436	0	0	0	
9	0	-0.7033081	0	-0.234436	0	0	0	
10	0	-1.144059E-08	0	5.336074E-08	0	0	0	
11	-0.234436	-2.813171	0	1.875458	0	0	0	
12	-3.047607	-1.17215	0	1.641029	0.1019016	-0.1214294	0.07384508	
13	-1.406586	0.234436	0	-0.234436	0.5879557	-0.2128906	0.1703156	
14	-1.067137E-07	1.406593	0	7.267395	1.226788	-1.087738	0.1395645	
15	0.7032927	-1.90551E-07	0	50.16845	1.60281	-3.60437	-0.03338623	
16	-0.234436	0.2344358	0	64.93767	1.015676	-8.113892	0.4901538	
17	-0.4688721	-33.0549	0	67.98528	0.4833104	-8.191681	1.382076	
18	-3.516479	-41.72888	0	66.10983	1.496921	-5.512634	4.577292	
19	-3.777303E-09	-41.96332	0	56.26368	2.371342	-4.541229	8.056471	
20	-10.315	1.875459	0	53.4505	8.232402	-3.34024	10.92061	
21	-23.91205	2.578752	0	53.21607	26.20704	2.998293	5.872105	
22	-23.91205	4.45421	0	53.21607	46.33261	7.655277	9.022385	
23	-23.91205	2.813188	0	60.24902	73.44997	24.59528	18.6275	
24	-15.70694	4.219781	0	-0.4688721	84.29172	134.3453	114.7114	
25	-4.923065	3.750917	0	85.33326	87.18019	157.4967	123.1324	
26	0.4688658	3.985346	0	94.94496	89.24359	30.69904	-11.16504	
27	0.2344297	4.219781	0	96.35155	88.68687	85.27755	42.74321	
28	0.4688658	0.703302	0	96.82042	88.77348	98.71552	57.82305	
29	-2.813171	2.813188	0	96.58599	88.69554	110.4548	72.1668	
30	0.4688658	4.219781	0	96.35156	88.52595	106.9299	70.89881	
31	0.2344298	4.923074	0	96.35156	88.34283	99.28838	65.46383	
32	1.406595	-3.282043	0	96.11713	88.05177	92.14857	64.33836	
33	1.406595	-14.06592	0	86.97428	86.92477	142.6166	125.1323	
34	1.641023	-25.08423	0	79.70689	85.9234	141.7537	133.0953	
35	-1.17215	-28.13184	0	74.78381	86.69092	114.697	108.738	
36	1.243742E-06	-27.66296	0	74.31496	87.13004	105.3617	98.27592	
37	-0.4688721	-27.8974	0	74.54939	87.16013	104.5353	97.26826	
38	-0.4688721	-27.66296	0	74.54939	87.2443	96.96278	89.55752	
39	-0.7032776	-29.77286	0	75.95597	87.24288	86.30954	78.84196	
40	-3.516479	-27.66296	0	74.78381	87.26935	88.0453	80.57755	
41	-0.7032776	-27.66296	0	74.78381	87.26476	86.11255	77.70242	
42	-1.17215	-26.95969	0	74.54939	87.30572	88.69929	79.04487	
43	-0.9377136	-27.19409	0	74.78381	87.43601	90.46729	77.61024	
44	0.2344298	-26.95969	0	75.95597	87.61985	97.3525	80.67239	
45	0.2344298	-28.36627	0	79.94132	87.80546	101.0855	80.60461	
46	-2.813171	-27.66296	0	79.70689	87.8997	107.8093	84.23507	
47	-1.406586	-30.47617	0	79.47246	87.77771	102.4902	79.52179	
48	-0.7032776	-41.26004	0	79.47246	88.16987	116.9258	97.55692	
49	-2.109894	-45.4798	0	79.47246	88.71214	75.56297	56.8709	
50	-2.578735	-47.12082	0	80.41019	88.6257	65.75842	45.10064	
51	-5.626373	-48.05856	0	79.70689	88.00101	87.05707	63.4938	
52	-4.454193	-47.12082	0	79.23802	87.95847	105.148	80.28984	
53	-5.391937	-47.12082	0	79.23802	87.97841	104.6618	79.67607	
54	-8.673981	-36.10254	0	79.47246	87.89913	101.8868	77.42509	
55	-19.69229	-29.77286	0	79.23802	87.6794	100.3257	76.89315	
56	-36.10254	2.578751	0	79.70689	87.68142	107.891	83.10101	
57	-47.12085	4.454209	0	79.47246	87.77569	110.1079	82.4172	
58	-46.88641	3.985345	0	79.23802	87.77736	110.3802	82.31773	
59	-46.65198	4.21978	0	79.47246	87.80912	111.6282	82.96924	
60	-46.41754	4.21978	0	79.47246	87.8258	113.0822	83.82635	
61	-46.88641	0.703301	0	80.64462	87.86769	114.3836	84.3699	
62	-48.05856	3.047616	0	80.17575	87.89848	116.9166	85.70147	
63	-47.35529	4.21978	0	79.47246	87.9065	113.9938	82.12491	
64	-48.05856	5.391938	0	79.47246	87.917	117.3761	85.36636	
65	-50.16846	-2.344299	0	79.47246	87.73799	115.7313	85.25326	
66	-53.21606	-7.970673	0	79.70689	87.74649	118.5409	88.02993	
67	-53.4505	-18.05127	0	79.94133	87.70296	118.017	87.57663	
68	-54.38824	-19.92673	0	79.47247	87.687	117.7735	87.00714	
69	-54.38824	-28.60071	0	79.23803	87.58022	111.9143	82.67569	
70	-55.56039	-32.82047	0	73.84611	87.38499	106.7507	80.75349	
71	-59.31131	-44.30765	0	66.5787	87.11446	99.04273	78.82502	
72	-59.54575	-54.85709	0	38.68129	86.75967	88.61812	75.01831	
73	-60.48346	-59.54572	0	52.98166	86.44025	83.65233	75.17951	
74	-60.01459	-64.23438	0	52.74722	86.39028	83.40061	75.93555	
75	-59.54575	-67.75085	0	50.87177	86.26614	81.93921	76.10246	
76	-59.54575	-71.26733	0	46.88642	86.11138	80.74755	77.16212	
77	-59.31131	-72.90836	0	45.9487	86.03889	78.28511	76.89585	
78	-59.78015	-73.61166	0	47.58971	86.00963	77.19814	76.38064	
79	-60.48346	-73.37723	0	45.47983	86.07703	77.48199	76.76006	
80	-59.54575	-73.37723	0	45.24539	86.12303	79.34498	78.59752	
81	-59.54575	-73.37723	0	45.71426	86.14121	79.44934	78.65059	
82	-59.54575	-73.37723	0	45.47983	86.1558	80.37819	79.07971	
83	-59.78015	-73.37723	0	46.18312	86.18166	79.56253	77.34068	
84	-60.24902	-73.14279	0	46.18312	86.25106	82.27666	79.2421	
85	-59.54575	-73.14279	0	45.24539	86.28017	82.00492	77.92709	
86	-59.54575	-73.14279	0	45.24539	86.30472	83.3378	78.74371	
87	-59.31131	-73.14279	0	45.47982	86.32327	84.78974	79.61392	
88	-59.54575	-73.14279	0	45.01096	86.36185	86.05056	80.16983	
89	-59.54575	-63.06223	0	47.12084	86.37934	86.33447	79.63344	
90	-60.24902	-45.01096	0	45.24539	86.3815	85.55537	78.44064	
91	-59.31131	-36.10254	0	44.77652	86.42637	86.53558	78.52122	
92	-59.54575	-30.00732	0	42.19777	86.43751	86.92204	78.3313	
93	-59.31131	-29.30402	0	41.49448	86.44174	86.97723	78.21184	
94	-59.07687	-28.13187	0	40.79118	86.45128	87.34846	78.33656	
95	-59.54575	-29.53845	0	41.26004	86.46111	87.71069	78.19478	
96	-59.78018	-27.89743	0	38.91573	86.46858	88.02665	78.1297	
97	-59.07687	-27.19412	0	39.38459	86.47952	88.2258	78.05715	
98	-59.31131	-25.31866	0	39.38459	86.49374	88.49432	78.14459	
99	-59.31131	-22.73993	0	39.38459	86.48966	87.98135	77.44305	
100	-59.07687	-23.67764	0	41.02561	86.4986	87.11016	76.10851	
101	-60.01462	-22.97433	0	38.91573	86.51918	88.28886	76.92076	
102	-59.54575	-20.86447	0	40.55675	86.53152	88.30144	76.65083	
103	-59.54575	-18.98901	0	41.49448	86.50795	86.24603	74.45107	
104	-59.54575	-19.45786	0	41.49448	86.50969	85.67981	73.60242	
105	-59.31131	-20.86447	0	43.60437	86.53717	86.54662	74.17926	
106	-60.48349	-19.22342	0	41.96335	86.55525	87.06791	74.59914	
107	-59.54575	-18.98901	0	42.19777	86.57446	87.80836	74.89004	
108	-59.54575	-18.98901	0	42.43221	86.59154	88.53449	75.50378	
109	-59.54575	-18.75458	0	42.19777	86.60132	88.70707	75.47709	
110	-59.78018	-20.86447	0	43.36994	86.6121	89.54235	76.17803	
111	-60.24905	-19.22342	0	41.72891	86.6187	89.23222	75.65068	
112	-59.54575	-18.98901	0	40.08789	86.59999	89.25259	75.23917	
113	-59.31134	-18.98901	0	41.72892	86.5897	89.24052	74.9296	
114	-59.54578	-17.5824	0	46.41756	86.55952	90.03047	74.66691	
115	-59.54578	-18.52014	0	42.66665	86.57531	90.04982	73.52985	
116	-60.24905	-17.34799	0	67.28201	86.54792	89.31017	72.35458	
117	-60.01462	-16.41025	0	69.86076	86.49127	87.93683	71.85493	
118	-59.54578	-15.94141	0	69.62632	86.53485	87.55554	72.12029	
119	-59.54578	-16.41025	0	69.62632	86.57852	88.5544	73.35898	
120	-59.54578	-15.94141	0	71.03291	86.51412	88.20951	73.61096	
121	-59.54578	-18.28571	0	75.01826	86.44109	86.94996	73.44917	
122	-60.48349	-16.17581	0	77.36258	86.33595	85.01936	72.26797	
123	-59.54575	-15.70697	0	80.41019	86.24345	82.88505	70.97073	
124	-59.54575	-14.76923	0	82.05122	86.20657	82.49683	71.24549	
125	-59.31134	-15.00366	0	85.09884	86.17561	82.03288	71.42308	
126	-59.0769	-15.47253	0	86.73986	86.15289	81.34741	71.52452	
127	-59.54578	-18.05127	0	87.91202	86.13654	81.23542	72.78713	
128	-60.48349	-15.70697	0	87.20872	86.21514	81.34216	73.55527	
129	-59.31131	-15.70697	0	87.20872	86.15289	80.89668	75.0222	
130	-59.54575	-14.76923	0	87.20872	86.0601	80.32892	76.19368	
131	-59.54575	-15.00366	0	86.9743	86.02477	81.81303	79.21917	
132	-59.78018	-14.76923	0	87.20872	86.01086	82.27766	81.28492	
133	-60.01462	-16.87912	0	87.44315	85.98487	81.68016	82.49294	
134	-60.71793	-15.70697	0	87.20872	85.86388	79.73296	82.53698	
135	-60.48349	-14.53479	0	87.20872	85.79359	79.47424	83.17889	
136	-60.71793	-12.42493	0	87.20872	85.7353	78.55166	83.80821	
137	-61.65564	-9.142853	0	87.20872	85.6035	76.09393	83.11634	
138	-62.82782	-8.205139	0	87.91202	85.4985	73.24542	81.97775	
139	-64.70325	-4.923096	0	87.44315	85.47502	72.4493	82.09994	
140	-64.23441	-0.9377441	0	86.9743	85.44878	72.31686	83.08134	
141	-63.99997	-0.234436	0	87.20872	85.42696	71.54325	83.16789	
142	-63.99997	-0.4688721	0	86.73986	85.37823	70.51109	83.84789	
143	-63.99997	-0.234436	0	85.80213	85.34054	69.6487	84.41208	
144	-63.99997	-3.51651	0	86.03657	85.29914	68.61037	84.703	
145	-64.70328	-0.7033081	0	85.09884	85.27399	68.10703	84.94646	
146	-64.23444	-0.7033081	0	85.09884	85.24342	67.67904	85.25909	
147	-64.23444	-0.4688721	0	85.33327	85.22829	67.18368	85.26366	
148	-64.23444	-0.4688721	0	85.09884	85.17497	66.63405	85.44299	
149	-63.99997	-3.51651	0	86.03657	85.16649	66.2219	85.4904	
150	-64.93771	-1.641052	0	85.5677	85.16366	65.49147	85.14538	
151	-64.70328	0.7032799	0	85.33327	85.14062	65.04301	85.31627	
152	-64.46884	0.7032799	0	85.09883	85.12585	65.11102	85.62494	
153	-64.70328	0.2344155	0	85.09883	85.10491	64.9892	85.71513	
154	-64.93771	0.7032799	0	85.33327	85.08598	64.77811	85.56725	
155	-65.40659	-1.641052	0	85.5677	85.06017	64.42659	84.90016	
156	-66.81317	-0.234436	0	85.33326	85.03016	63.87956	84.25623	
157	-67.51648	-0.4688721	0	85.33326	85.0261	64.6963	85.22623	
158	-67.51648	-0.4688721	0	85.33326	84.98507	64.59097	85.53326	
159	-68.21976	-0.7033081	0	85.33326	84.97964	64.84442	86.23381	
160	-69.39191	-3.51651	0	86.03655	84.95846	65.95507	87.78387	
161	-70.32965	-1.641052	0	85.80213	84.95605	66.25175	88.59026	
162	-70.32965	0.7032799	0	85.33327	84.95166	66.30036	88.90242	
163	-70.56409	-0.234436	0	85.5677	84.9484	66.63011	89.42651	
164	-70.56409	-0.234436	0	85.33326	84.93357	66.26817	89.59801	
165	-70.56409	-0.7033081	0	85.33326	84.91882	66.20743	89.73203	
166	-70.56409	-1.641052	0	85.80212	84.90915	66.06484	89.83599	
167	-70.79852	-2.059518E-05	0	85.33326	84.90508	65.86047	89.87263	
168	-70.32965	0.7032799	0	85.33326	84.89017	65.66761	89.88618	
169	-70.79852	-2.578766	0	85.33326	84.85738	66.693	91.11012	
170	-71.03296	-3.51651	0	85.56769	84.86005	66.70617	91.28961	
171	-71.03296	-9.142853	0	85.80212	84.85186	66.85352	91.56841	
172	-71.50183	-9.611725	0	85.33326	84.84269	67.12225	91.99141	
173	-71.03296	-11.01831	0	85.56769	84.83775	66.89578	92.07475	
174	-71.2674	-11.25275	0	85.33326	84.82464	66.85929	92.14127	
175	-71.03296	-12.89377	0	85.33326	84.83741	66.88842	92.09033	
176	-71.2674	-16.17584	0	86.03654	84.83173	66.8167	92.03574	
177	-71.50183	-14.76923	0	85.09882	84.8626	67.44213	92.74116	
178	-71.2674	-14.76923	0	85.56768	84.84885	67.25829	92.71789	
179	-71.2674	-15.94141	0	85.56768	84.89973	67.05692	92.6036	
180	-71.2674	-15.94141	0	85.33326	84.86283	66.72655	92.46797	
181	-71.2674	-19.22345	0	86.27098	84.86001	66.68092	92.57156	
182	-71.9707	-17.58243	0	85.56768	84.85239	65.90851	92.01214	
183	-73.61172	-16.64468	0	85.33326	84.8848	63.15802	89.66193	
184	-74.08057	-16.41028	0	85.33326	84.93259	62.10485	89.03553	
185	-75.48718	-16.17584	0	85.33326	84.94286	58.8456	87.05469	
186	-76.4249	-17.11356	0	85.09882	84.901	57.27803	86.94619	
187	-76.4249	-17.81686	0	86.03654	84.86843	55.28381	85.48877	
188	-76.65933	-16.64468	0	84.62996	84.87215	55.18763	85.47897	
189	-76.4249	-20.86447	0	83.92666	84.88339	54.98952	85.66573	
190	-76.4249	-24.38095	0	83.92666	84.92101	52.34875	83.12774	
191	-76.4249	-26.49084	0	83.92666	84.97691	49.69853	79.78825	
192	-76.65933	-26.49084	0	83.69223	85.0674	47.16757	76.1032	
193	-76.42493	-27.19412	0	84.39552	85.19315	50.60171	77.39957	
194	-76.42493	-26.72528	0	83.69223	85.25777	52.47587	77.05891	
195	-76.42493	-26.25641	0	83.92666	85.53033	58.70213	79.5993	
196	-76.42493	-26.25641	0	83.92666	85.41337	66.73299	84.64501	
197	-76.42493	-26.49084	0	84.16109	85.29964	72.87414	88.96678	
198	-76.65936	-28.60074	0	84.86439	85.29734	75.17377	89.94735	
199	-76.89377	-26.72528	0	84.39552	85.33646	77.86888	90.94728	
200	-76.65936	-26.25641	0	83.92666	85.37399	80.4781	91.80215	
201	-76.65936	-25.5531	0	83.69223	85.42568	82.04361	91.92372	
202	-76.42493	-26.49084	0	82.98893	85.41999	82.80991	91.61395	
203	-76.42493	-26.02197	0	82.52007	85.44972	81.10603	89.27004	
204	-76.65936	-29.77289	0	82.98893	85.45683	81.89153	89.90575	
205	-76.8938	-31.17947	0	80.41019	85.42572	82.56672	90.57812	
206	-76.65936	-33.5238	0	78.76917	85.41589	83.77959	91.34374	
207	-76.42493	-34.93039	0	78.30031	85.41734	82.2572	90.05463	
208	-76.65936	-34.46152	0	76.65928	85.42637	80.23186	88.75463	
209	-76.42493	-34.69595	0	74.08053	85.33121	77.13143	87.616	
210	-76.42493	-36.80585	0	69.62632	85.27528	74.97054	88.12048	
211	-76.8938	-37.04028	0	65.17212	85.16458	70.50021	87.39718	
212	-76.65936	-37.04028	0	62.35893	85.14909	67.40991	86.15407	
213	-76.65936	-37.27472	0	60.48348	85.0664	68.42272	88.66707	
214	-76.65936	-37.04028	0	0.2344523	85.0509	69.94813	90.83224	
215	-76.65936	-38.44687	0	61.65564	85.04212	70.49905	91.72642	
216	-76.8938	-37.74356	0	58.37359	85.04255	70.64972	91.8196	
217	-76.65936	-32.35162	0	57.67029	85.04595	69.8552	91.02618	
218	-76.65936	4.92305	0	60.01461	85.15767	69.82523	89.95473	
219	-76.8938	4.219756	0	60.24905	85.24152	71.26333	88.86157	
220	-76.8938	4.92305	0	60.48348	85.24178	68.55037	86.65227	
221	-76.8938	2.578727	0	61.18678	85.16564	72.82194	90.99054	
222	-77.12823	3.282027	0	59.54575	85.24429	69.11746	87.3964	
223	-77.12823	-3.985382	0	59.78019	85.48721	54.59978	75.37059	
224	-75.95609	-17.11356	0	60.24905	85.83167	44.43064	64.2239	
225	-65.87552	-28.60071	0	60.24905	86.02966	37.95753	55.66922	
226	-54.85721	-42.43222	0	62.12451	85.96168	32.42467	48.11774	
227	-47.58981	-57.90472	0	61.18678	86.12263	29.59819	42.90998	
228	-37.50925	-64.46881	0	60.24905	86.03799	38.68354	50.18966	
229	-32.11731	-70.09518	0	60.48348	85.64581	47.87409	59.16468	
230	-25.08435	-74.08054	0	60.71792	85.83313	51.3891	60.99674	
231	-16.64481	-74.78381	0	60.48348	85.92023	51.66634	60.40744	
232	-9.846252	-75.72156	0	61.18678	86.05489	54.42497	62.28048	
233	-4.21991	-75.48712	0	60.24905	85.91295	56.64508	64.53944	
234	-1.406708	-75.48712	0	60.24905	85.89087	55.64015	64.14345	
235	-0.9378357	-75.48712	0	59.54575	85.87052	54.5923	63.26533	
236	-1.172272	-75.25269	0	60.24905	85.94305	56.91365	65.46291	
237	-1.172272	-75.72156	0	60.95235	85.96498	57.353	65.82091	
238	-3.985474	-75.48712	0	56.73257	85.80582	47.73399	56.89619	
239	-2.110016	-75.48712	0	59.78019	85.53064	40.12826	50.49667	
240	-0.9378357	-75.48712	0	32.35164	85.39568	37.01284	48.27304	
241	-0.000118884	-75.48712	0	30.94505	85.48651	39.99437	51.50428	
242	-1.641144	-75.48712	0	28.83516	85.66709	45.14867	56.39199	
243	-1.172272	-75.72156	0	32.58607	85.75066	47.60913	58.76331	
244	-4.688751	-75.48712	0	28.60073	85.76127	47.91706	58.9544	
245	-1.172272	-75.48712	0	27.663	85.72378	47.17615	58.05354	
246	-1.172272	-75.25269	0	59.31133	85.68598	46.30972	57.20582	
247	-0.7033997	-75.25269	0	59.31133	85.80624	51.54116	62.30266	
248	-0.4689941	-75.25269	0	59.0769	85.85084	56.58141	67.29571	
249	-0.7033997	-75.72156	0	58.3736	85.78867	50.33028	61.24905	
250	-2.578857	-75.48712	0	58.13917	85.69935	47.03568	58.05732	
251	-1.406708	-75.48712	0	57.90473	85.71673	48.11292	59.4153	
252	-2.578857	-75.48712	0	58.3736	85.66261	47.31092	59.05192	
253	-7.501953	-75.48712	0	58.3736	85.5395	45.03822	57.00066	
254	-11.48727	-75.48712	0	60.71792	85.49628	44.59796	56.21517	
255	-15.9415	-75.48712	0	57.90474	85.54376	46.95792	58.15018	
256	-17.11365	-75.48712	0	50.87178	85.58741	48.29422	58.76461	
257	-17.34808	-75.48712	0	49.23075	85.64428	49.9794	60.2857	
258	-19.22354	-75.48712	0	59.0769	85.67179	51.06279	61.34996	
259	-20.39569	-75.48712	0	58.3736	85.70554	51.98618	62.15082	
260	-22.03671	-75.72156	0	50.40292	85.71911	52.60052	62.38977	
261	-26.49094	-75.48712	0	48.76189	85.73837	53.23977	62.76249	
262	-24.38104	-75.48712	0	59.54577	85.7549	53.76828	62.89658	
263	-26.2565	-75.25269	0	60.01463	85.74697	54.58862	63.55995	
264	-27.19424	-75.25269	0	59.78019	85.74365	54.68892	63.64376	
265	-28.36639	-75.48712	0	59.54576	85.71719	54.07064	62.78294	
266	-28.83527	-75.48712	0	60.24907	85.72658	54.637	63.21411	
267	-30.24185	-75.48712	0	59.7802	85.72694	54.56171	62.83902	
268	-31.1796	-75.48712	0	59.7802	85.76376	55.45808	63.44444	
269	-32.35175	-75.48712	0	59.54577	85.80287	56.25223	64.01268	
270	-33.05505	-75.48712	0	59.54577	85.86421	58.02251	65.33562	
271	-33.28949	-75.48712	0	61.65565	85.86227	58.15239	65.33237	
272	-35.39935	-75.72156	0	60.24907	85.88454	58.86325	65.86268	
273	-34.2272	-75.25269	0	60.01463	85.89535	58.98183	65.72025	
274	-33.99277	-72.90839	0	59.54577	85.85159	57.75181	64.48474	
275	-33.75833	-64.93768	0	59.7802	85.89583	59.25885	65.89802	
276	-34.46164	-47.82416	0	59.7802	85.8811	59.88536	66.82497	
277	-38.91583	3.282023	0	60.4835	85.59727	53.93891	61.78104	
278	-55.32608	4.688617	0	59.54577	85.75434	53.54731	60.92361	
279	-55.79495	4.923046	0	58.84247	85.54126	53.00545	61.68151	
280	-55.56052	4.688617	0	59.31134	85.54808	53.03867	61.7553	
281	-56.02936	4.688617	0	59.31134	85.60689	55.40287	64.00643	
282	-56.9671	1.172137	0	61.18679	85.65765	56.97083	65.4334	
283	-59.077	3.750888	0	60.01463	85.66298	57.40332	65.67406	
284	-59.31143	4.454181	0	59.0769	85.69585	58.54267	66.5529	
285	-60.24915	4.688617	0	59.0769	85.69138	58.53542	66.36567	
286	-60.24915	4.688617	0	59.54577	85.6834	58.72276	66.55261	
287	-60.48358	1.406566	0	60.95236	85.68379	58.98867	66.71928	
288	-61.18689	3.750888	0	60.01463	85.68734	59.05041	66.5378	
289	-60.71802	5.626346	0	59.0769	85.6853	58.92133	66.33917	
290	-61.18689	4.454181	0	59.0769	85.6684	58.6715	66.07812	
291	-61.65576	4.454181	0	59.0769	85.67809	59.1184	66.49051	
292	-61.8902	4.688617	0	59.0769	85.6727	59.44875	66.83164	
293	-62.1246	2.813159	0	59.7802	85.66804	59.27365	66.7718	
294	-62.59348	5.626346	0	59.0769	85.63987	59.15111	66.85816	
295	-61.8902	5.860774	0	59.31134	85.64518	59.08216	66.70184	
296	-62.35907	5.626346	0	59.54577	85.6283	58.92414	66.74158	
297	-63.29678	5.391909	0	59.07691	85.64769	59.57052	67.34681	
298	-63.53122	3.047587	0	59.78021	85.63601	62.61896	70.40707	
299	-64.2345	3.047587	0	59.07691	85.6513	62.6568	70.19058	
300	-63.76563	2.813159	0	59.07691	85.64558	65.08431	72.5046	
301	-63.76563	2.578722	0	59.07691	85.66948	64.1382	71.4677	
302	-63.76563	2.344294	0	59.07691	85.67695	64.61156	71.84817	
303	-63.76563	-0.2344666	0	60.71794	85.66492	65.02898	72.24703	
304	-65.40668	2.813159	0	59.7802	85.68874	65.69761	72.58926	
305	-66.34439	3.282023	0	58.84248	85.69089	65.89355	72.38623	
306	-67.98541	3.985316	0	52.27838	85.6717	65.59584	71.94261	
307	-67.98541	3.750888	0	59.07691	85.65855	65.47072	71.81741	
308	-68.21985	3.516452	0	59.07691	85.64436	65.32938	71.73443	
309	-68.21985	1.641002	0	57.20145	85.67773	66.46672	72.6909	
310	-68.68872	2.813159	0	57.90475	85.68825	66.84364	73.02703	
311	-68.45428	3.282023	0	53.21611	85.63309	68.69475	75.09541	
312	-68.45428	2.813159	0	58.84247	85.63772	69.29372	75.69377	
313	-68.21985	3.516451	0	27.66302	85.53533	68.63443	76.10991	
314	-68.45428	0.2344079	0	28.83517	85.47026	67.12044	75.01501	
315	-68.92316	3.282023	0	37.27472	85.48482	67.69153	75.33595	
316	-68.45428	3.985316	0	27.42859	85.48621	67.75901	74.95752	
317	-68.45428	3.516452	0	28.60074	85.47139	67.47252	74.71816	
318	-68.45428	3.750888	0	30.24177	85.44353	67.18488	74.55685	
319	-68.45428	4.454181	0	46.652	85.41554	67.22765	74.15808	
320	-68.45428	1.87543	0	57.90474	85.43653	67.60525	74.15462	
321	-68.92316	3.282023	0	62.12452	85.39253	65.57462	71.93939	
322	-68.68872	3.516452	0	65.40657	85.38845	65.56258	71.77	
323	-68.68872	3.282023	0	67.04759	85.39985	64.7795	71.09363	
324	-68.68872	3.516452	0	69.39191	85.39113	64.57851	70.89932	
325	-68.68872	0.4688368	0	71.26736	85.40244	65.4165	71.75902	
326	-69.392	2.109866	0	71.97066	85.40573	65.30814	71.73845	
327	-68.68872	3.282023	0	71.97066	85.40948	65.59054	72.02053	
328	-68.68872	3.047587	0	72.67396	85.41371	65.50537	71.95168	
329	-68.68872	3.282023	0	72.90839	85.41718	65.67313	72.02687	
330	-68.68872	0.7032728	0	74.54942	85.41811	65.69059	71.98592	
331	-69.15756	1.641002	0	74.08056	85.42594	65.88904	72.20035	
332	-68.92316	3.282023	0	74.08056	85.41837	66.6928	73.02256	
333	-68.68872	4.219752	0	74.31499	85.42068	66.84953	73.13204	
334	-68.45428	4.219752	0	75.01829	85.40739	66.67006	73.3531	
335	-68.45428	4.454181	0	76.89375	85.40066	66.72386	73.50389	
336	-68.45428	2.109866	0	78.30033	85.3778	66.59029	73.67819	
337	-68.92316	3.282023	0	77.83147	85.35699	66.33164	73.88324	
338	-68.68872	2.813159	0	77.83147	85.35864	66.70125	74.42586	
339	-68.68872	3.282023	0	77.83147	85.35986	66.55879	74.49761	
340	-68.68872	3.047587	0	77.83147	85.37361	67.20744	75.05969	
341	-68.45428	-2.816457E-05	0	79.23806	85.37107	67.28456	75.35556	
342	-69.15756	3.047587	0	78.30033	85.36553	67.18741	75.58271	
343	-68.68872	3.047587	0	78.0659	85.34752	67.08496	75.87404	
344	-68.68872	3.516451	0	78.0659	85.34709	66.91228	76.01938	
345	-68.68872	3.047587	0	78.0659	85.33852	67.05058	76.42819	
346	-68.68872	0.7032722	0	79.00363	85.32987	67.06393	76.65541	
347	-69.392	2.578722	0	78.30034	85.32534	66.98386	76.84126	
348	-68.92316	3.282023	0	78.06592	85.31525	66.97168	77.12399	
349	-68.68872	3.282023	0	78.06592	85.31116	66.77978	77.10574	
350	-68.68872	3.516451	0	78.06592	85.30102	66.65557	77.19415	
351	-68.68872	0.4688361	0	79.23807	85.3011	66.64967	77.201	
352	-69.15756	2.109865	0	78.53477	85.29926	66.62469	77.2671	
353	-68.68872	4.45418	0	78.06592	85.29401	66.64897	77.67236	
354	-68.68872	3.516451	0	77.83148	85.2822	66.37043	77.65353	
355	-68.68872	4.45418	0	77.83148	85.26878	66.35065	77.74875	
356	-68.68872	3.516451	0	78.06592	85.26857	66.06161	77.70827	
357	-68.68872	1.641001	0	78.30035	85.26687	66.02463	77.7877	
358	-68.92316	4.454179	0	77.83148	85.26468	65.99315	77.87023	
359	-68.45428	3.51645	0	78.06592	85.25687	65.90069	77.8765	
360	-68.45428	4.454179	0	78.06592	85.25385	65.84473	78.00538	
361	-68.68872	3.985315	0	77.83148	85.24387	65.7206	78.09399	
362	-68.45428	2.109864	0	78.53477	85.23046	65.41312	78.15002	
363	-68.92316	4.454179	0	78.06592	85.22041	65.2895	78.23915	
364	-68.45428	4.454179	0	78.06592	85.21954	65.11023	78.41093	
365	-68.45428	4.219751	0	77.83148	85.21239	65.14539	78.57877	
366	-68.45428	4.219751	0	77.83148	85.2002	64.86942	78.57287	
367	-68.45428	2.109865	0	79.23807	85.2002	64.86942	78.57287	
368	-68.92316	3.51645	0	78.06592	85.19001	64.73956	78.67863	
369	-68.68872	3.047586	0	77.83148	85.19267	64.89787	78.75681	
370	-68.92316	3.51645	0	77.83148	85.18835	64.70827	78.75116	
371	-68.68872	3.282022	0	77.83148	85.17854	64.57906	78.84718	
372	-68.68872	0.7032712	0	79.00363	85.17517	64.29541	78.60956	
373	-69.15759	3.51645	0	77.83148	85.17419	64.38985	78.84189	
374	-68.68872	3.51645	0	78.06592	85.16431	63.93406	78.35755	
375	-68.92316	3.282022	0	77.83148	85.17505	63.90261	78.37299	
376	-68.92316	3.282022	0	78.06592	85.16573	63.78687	78.44719	
377	-68.68872	0.7032713	0	79.00363	85.16754	64.04408	78.74976	
378	-69.39203	3.047586	0	78.30035	85.16426	63.98695	78.88786	
379	-68.68872	3.282022	0	77.83148	85.16122	63.81184	78.84047	
380	-68.68872	3.51645	0	78.06592	85.1833	63.60662	78.9744	
381	-68.68872	3.51645	0	77.83148	85.19727	64.48799	79.83714	
382	-68.68872	0.4688353	0	79.23807	85.21902	64.20593	79.48726	
383	-69.39203	2.344293	0	78.53477	85.20841	64.34484	79.66096	
384	-68.92316	4.454179	0	78.06592	85.21733	65.04151	80.52296	
385	-68.68872	3.047585	0	77.83148	85.20564	64.4201	79.95327	
386	-68.68872	3.51645	0	78.06592	85.21779	64.53094	80.0993	
387	-68.68872	4.21975	0	77.83148	85.2289	65.27426	80.85848	
388	-68.68872	1.875428	0	78.53477	85.23013	65.29372	80.80933	
389	-69.15759	4.21975	0	77.83148	85.21688	65.27065	80.90125	
390	-68.45428	4.21975	0	77.83148	85.21284	65.19995	81.07152	
391	-68.45428	3.985314	0	77.83148	85.2155	65.07818	81.10554	
392	-68.45428	4.454179	0	77.83148	85.20666	64.97063	81.1528	
393	-68.68872	1.641	0	78.30035	85.20547	64.9454	81.20844	
394	-68.92316	4.454179	0	78.06592	85.19543	64.69836	81.12783	
395	-68.68872	3.282022	0	77.83148	85.18851	64.38996	80.73357	
396	-68.68872	3.51645	0	77.83148	85.20266	65.06709	81.17435	
397	-68.68872	3.047586	0	77.83148	85.21664	66.28963	81.96982	
398	-68.68872	0.4688352	0	79.23807	85.21803	66.86197	81.1618	
399	-69.15759	2.813157	0	78.30035	85.29218	68.58523	80.56313	
400	-68.68872	3.282022	0	77.83148	85.38628	70.77319	79.70107	
401	-68.68872	3.047586	0	77.83148	85.43382	72.62951	79.50171	
402	-68.68872	3.51645	0	77.83148	85.46304	72.99064	78.27219	
403	-68.45428	3.282022	0	77.83148	85.47277	73.82973	77.42357	
404	-68.68872	0.2344064	0	79.70693	85.47151	74.20837	76.65944	
405	-69.39203	3.282022	0	78.30035	85.43993	73.87193	76.08895	
406	-68.68872	3.51645	0	78.30035	85.47728	75.02549	76.97887	
407	-68.68872	3.51645	0	78.06592	85.49429	75.81905	77.56058	
408	-68.68872	3.51645	0	78.30035	85.49937	75.90214	77.38732	
409	-68.68872	0.4688349	0	79.4725	85.50826	76.16755	77.50647	
410	-69.39203	3.282022	0	78.7692	85.53468	77.53364	78.73001	
411	-68.68872	3.51645	0	78.06591	85.53222	76.64265	77.6465	
412	-68.68872	3.51645	0	78.30034	85.52512	77.85587	78.95958	
413	-68.68872	3.047585	0	78.06592	85.51948	79.73285	80.92675	
414	-68.68872	3.51645	0	78.30035	85.54227	80.67162	81.96405	
415	-68.68872	0.7032707	0	79.23807	85.54729	80.91009	81.93484	
416	-69.15759	3.047585	0	78.30035	85.55384	79.61337	80.55623	
417	-68.68872	3.516449	0	78.53477	85.56461	78.70385	79.50163	
418	-68.92316	3.282021	0	78.06592	85.56107	78.66117	79.36004	
419	-68.68872	3.282021	0	78.53478	85.58403	79.43293	80.06179	
420	-68.68872	0.7032707	0	78.7692	85.58634	77.79961	78.41891	
421	-69.15759	2.109864	0	79.00364	85.58518	77.48269	78.16072	
422	-68.92316	3.51645	0	77.83148	85.5395	76.10436	77.6081	
423	-68.68872	3.282021	0	78.06592	85.46954	74.72475	77.37309	
424	-68.68872	3.047585	0	78.06592	85.43357	72.49458	76.70556	
425	-68.68872	3.516449	0	78.06592	85.36755	69.15531	75.43871	
426	-68.92316	-0.2344666	0	79.00364	85.33797	67.87141	75.80814	
427	-69.39203	3.51645	0	77.83148	85.28944	65.85436	75.00739	
428	-68.68872	3.282021	0	77.59705	85.25142	66.44969	75.88497	
429	-68.68872	4.454178	0	77.59705	85.19051	70.10387	79.94843	
430	-68.45428	3.985314	0	77.59705	85.17261	72.67822	82.58888	
431	-68.45428	3.985314	0	77.59705	85.14893	73.35315	83.28391	
432	-68.45428	1.875428	0	78.06592	85.14333	73.14669	83.08397	
433	-68.92316	2.813157	0	77.59705	85.1594	70.02064	79.97355	
434	-68.68872	3.047585	0	77.36262	85.13687	68.01678	77.92644	
435	-68.68872	-4.68866	0	77.12818	85.11549	64.90897	75.48741	
436	-68.68872	-12.65936	0	77.36262	85.0599	63.91477	74.71914	
437	-68.45428	-22.27106	0	78.53478	85.01784	64.68225	74.99988	
438	-65.17224	-27.42859	0	78.06592	85.00413	63.9976	74.24137	
439	-61.65576	-32.8205	0	77.36263	85.04023	63.62342	73.79228	
440	-56.26382	-35.86813	0	77.36263	85.05204	62.70989	72.71964	
441	-54.38837	-37.50916	0	77.59705	85.00762	60.96341	71.26382	
442	-53.68509	-38.21243	0	77.36263	84.99969	60.64575	71.15413	
443	-53.21622	-40.08789	0	78.30035	85.00766	60.47707	71.03139	
444	-53.68509	-40.55676	0	77.12819	85.05335	60.54667	71.36746	
445	-50.63745	-41.96335	0	77.59705	85.07718	60.6009	71.49161	
446	-49.23087	-43.13553	0	77.12819	85.09104	60.45826	71.47096	
447	-48.05872	-43.36996	0	77.36263	85.07236	59.8488	70.99382	
448	-47.58984	-45.47983	0	78.53479	85.06612	59.56517	70.79156	
449	-48.52759	-45.01099	0	77.8315	85.05244	58.97616	70.44635	
450	-47.58984	-44.07324	0	77.1282	85.04749	58.88116	70.68565	
451	-46.65213	-43.83881	0	77.1282	85.05058	58.78051	70.6599	
452	-46.88657	-43.83881	0	77.1282	85.05423	59.00956	70.99248	
453	-46.88657	-43.83881	0	77.36263	85.04845	59.06203	71.14228	
454	-47.121	-44.77655	0	77.8315	85.05898	59.34206	71.52073	
455	-47.58984	-43.83881	0	77.36264	85.05556	59.19704	71.4329	
456	-46.65213	-44.07324	0	77.36264	85.05835	59.32445	71.56132	
457	-46.65213	-44.07324	0	77.1282	85.04469	58.98502	71.33114	
458	-46.65213	-43.83881	0	77.36264	85.04987	59.00485	71.45995	
459	-46.18326	-44.77655	0	77.8315	85.06275	59.66845	72.0759	
460	-47.121	-44.30768	0	77.12821	85.04806	59.04799	71.80298	
461	-46.65213	-44.30768	0	77.36265	84.99802	57.5554	70.52485	
462	-46.65213	-44.30768	0	77.12821	85.00774	57.72856	70.70414	
463	-46.41769	-43.13553	0	77.36265	85.01662	54.37117	67.28921	
464	-45.24554	-44.30768	0	78.06595	85.02228	52.79914	65.36291	
465	-44.3078	-39.61905	0	77.83151	85.08339	53.19328	65.52673	
466	-42.43237	-31.1795	0	77.36265	85.08993	53.69351	66.36669	
467	-42.43237	-21.56778	0	77.12821	85.13643	54.58789	67.45525	
468	-42.19794	-15.70697	0	77.36265	85.1302	55.06816	68.04467	
469	-41.72906	-16.87915	0	77.12821	85.09719	58.5278	71.86555	
470	-42.19794	-18.98904	0	78.06594	85.05843	56.29497	70.08525	
471	-43.60452	-16.64471	0	77.36264	85.04216	55.56112	69.22578	
472	-42.43237	-16.87915	0	77.36264	85.0471	57.73101	71.62775	
473	-42.19794	-16.64471	0	77.36264	85.06565	60.08414	74.12683	
474	-42.19794	-16.64471	0	77.1282	85.04176	55.16253	69.21913	
475	-42.19794	-15.94141	0	77.36264	85.02657	56.56593	70.66565	
476	-42.43237	-18.0513	0	77.83151	85.03213	57.12709	71.33594	
477	-42.66681	-12.42493	0	77.12821	85.02886	55.67939	69.96533	
478	-41.49463	-11.25278	0	77.36265	85.00468	55.70675	70.14178	
479	-42.19794	-4.68869	0	77.12821	84.99078	55.38937	69.88808	
480	-41.9635	-1.172211	0	77.36265	84.99089	55.16453	69.72691	
481	-41.9635	-0.9377747	0	78.53481	85.00943	56.77998	71.42603	
482	-43.60452	2.57871	0	77.12821	85.02551	57.31126	72.06569	
483	-41.9635	3.047575	0	77.36265	85.01988	57.12031	72.09393	
484	-41.9635	2.813146	0	77.12821	85.00378	56.42921	71.58749	
485	-41.9635	3.047574	0	77.12821	85.00657	56.32234	71.57844	
486	-42.19794	0.2343954	0	78.53481	84.99724	56.53984	72.04778	
487	-43.83896	1.875417	0	77.83151	84.97655	55.62329	71.22483	
488	-42.43237	3.985303	0	77.36266	84.97655	55.68775	71.50806	
489	-42.19794	3.047574	0	77.12822	84.96235	55.42692	71.56318	
490	-42.19794	3.985304	0	77.12822	84.96037	55.31596	71.39521	
491	-41.9635	2.57871	0	77.36266	84.96924	55.53754	71.8979	
492	-42.19794	1.875418	0	77.59709	84.97056	55.87283	72.22651	
493	-42.66681	3.516439	0	77.12823	84.96239	55.62918	72.39723	
494	-41.49466	4.21974	0	77.36266	84.95877	55.55104	72.59521	
495	-41.7291	3.985304	0	77.36266	84.93716	54.40609	71.66399	
496	-41.7291	3.985304	0	77.36266	84.91959	53.94707	71.33813	
497	-41.9635	1.640989	0	77.59711	84.91662	53.89169	71.48882	
498	-42.66681	3.985304	0	77.12824	84.91674	54.00947	72.07758	
499	-41.49466	3.985304	0	77.36267	84.90569	54.05072	72.09512	
500	-41.49466	3.750876	0	77.12824	84.91111	54.05506	72.24352	
501	-41.49466	3.282011	0	77.59711	84.91111	54.05506	72.24352	
502	-42.19794	0.2343959	0	78.53484	84.91196	54.13971	72.47685	
503	-43.13568	2.813146	0	77.12824	84.89151	53.5543	72.03617	
504	-41.9635	3.047575	0	77.36269	84.91924	54.54988	73.2081	
505	-42.43237	3.047575	0	77.12824	84.92313	54.53536	73.41724	
506	-41.9635	3.047575	0	77.12824	84.92835	54.78057	73.685	
507	-42.19794	0.2343956	0	78.06598	84.936	54.91442	73.96211	
508	-43.60452	1.640989	0	77.59711	84.89443	53.92878	73.30479	
509	-42.66681	2.813146	0	77.12824	84.86504	52.30711	72.05263	
510	-41.9635	3.28201	0	77.36269	84.8615	51.95482	71.79852	
511	-42.43237	2.57871	0	77.12824	84.88339	52.88676	72.93528	
512	-42.19794	3.047574	0	76.89382	84.80616	50.21148	70.48795	
513	-42.43237	-0.4689026	0	78.30041	84.75166	48.80781	69.12069	
514	-44.07339	3.28201	0	77.12825	84.81424	50.27656	70.46687	
515	-42.19794	2.57871	0	77.12825	84.81639	50.36977	70.66307	
516	-42.19794	3.047574	0	76.89382	84.81484	50.54001	70.94199	
517	-43.60455	3.28201	0	77.12825	84.81178	50.21651	70.62498	
518	-44.54227	2.813145	0	77.12825	84.80819	50.09278	70.5129	
519	-45.01114	1.875417	0	77.59711	84.80819	50.09278	70.5129	
520	-45.01114	3.516438	0	76.89382	84.8008	50.05103	70.47668	
521	-44.7767	3.985303	0	77.12825	84.8008	50.05103	70.47668	
522	-45.71442	4.219739	0	77.12825	84.81522	50.13309	70.55875	
523	-45.71442	3.985303	0	76.89382	84.82207	50.37513	70.80042	
524	-45.71442	1.875417	0	77.59711	84.82536	50.49318	70.92976	
525	-47.35547	2.57871	0	76.89382	84.80789	49.88572	70.33469	
526	-47.35547	3.047574	0	77.12825	84.79384	49.60544	70.04922	
527	-47.82431	2.813145	0	76.89382	84.8011	49.4459	69.89005	
528	-47.82431	2.578709	0	76.65939	84.8011	49.4459	69.89005	
529	-47.82431	-0.2344666	0	78.30041	84.8011	49.4459	69.89005	
530	-49.23093	3.047574	0	77.12825	84.80824	49.68636	70.13014	
531	-48.29318	3.047574	0	77.12825	84.80092	49.84579	70.28919	
532	-48.29318	3.28201	0	77.12825	84.80088	49.64512	70.09445	
533	-48.52762	3.28201	0	77.12825	84.80088	49.64512	70.09445	
534	-48.76205	-4.139104E-05	0	78.06598	84.80088	49.64512	70.09445	
535	-50.16864	2.813145	0	76.89382	84.80088	49.64512	70.09445	
536	-49.23093	2.813145	0	76.89382	84.8011	49.4459	69.89005	
537	-49.46533	3.047574	0	77.12824	84.8011	49.4459	69.89005	
538	-49.69977	3.047574	0	76.89382	84.8011	49.4459	69.89005	
539	-49.46536	-4.157501E-05	0	78.06598	84.8011	49.4459	69.89005	
540	-50.40308	2.813145	0	76.89382	84.8011	49.4459	69.89005	
541	-49.46536	3.282009	0	76.89382	84.8011	49.4459	69.89005	
542	-49.46536	3.282009	0	76.89382	84.8011	49.4459	69.89005	
543	-49.46536	3.047573	0	76.89382	84.79384	49.60544	70.04922	
544	-49.23093	-4.178838E-05	0	78.06598	84.79384	49.60544	70.04922	
545	-50.63751	2.578709	0	77.12825	84.79384	49.60544	70.04922	
546	-49.46536	3.047573	0	76.89382	84.79369	49.40506	69.85477	
547	-49.46536	3.047573	0	77.12825	84.79369	49.40506	69.85477	
548	-49.46536	3.047573	0	76.89382	84.8011	49.4459	69.89005	
549	-49.23093	-0.2344666	0	78.06598	84.78635	49.16581	69.61589	
550	-50.40308	2.578708	0	76.89382	84.78635	49.16581	69.61589	
551	-49.23093	2.813144	0	76.89382	84.78635	49.16581	69.61589	
552	-49.23093	3.047573	0	77.36269	84.77937	49.127	69.57152	
553	-49.6998	3.047573	0	76.89382	84.77937	49.127	69.57152	
554	-49.46536	-0.2344666	0	78.06598	84.78635	49.16581	69.61589	
555	-50.63751	2.813144	0	77.12826	84.79369	49.40506	69.85477	
556	-49.46536	3.282008	0	76.89383	84.79369	49.40506	69.85477	
557	-49.23093	3.047572	0	77.12826	84.79369	49.40506	69.85477	
558	-49.46536	3.047572	0	76.89383	84.79369	49.40506	69.85477	
559	-49.46536	-0.2344666	0	78.06599	84.79369	49.40506	69.85477	
560	-50.40308	2.344279	0	76.89383	84.79049	49.29454	69.71004	
561	-49.46536	3.047572	0	76.89383	84.78719	49.37812	69.77641	
562	-49.93423	3.047572	0	77.12826	84.79956	49.57716	69.83183	
563	-50.40308	3.047572	0	77.12826	84.84885	51.04279	70.95676	
564	-51.34082	-0.2344666	0	77.12826	84.87527	51.88131	70.96795	
565	-54.62286	1.875415	0	76.19053	84.89151	53.05946	70.36491	
566	-54.38843	3.516437	0	75.72166	84.89922	52.80334	68.50724	
567	-53.68512	3.047572	0	75.95609	84.9263	53.48999	67.59465	
568	-53.68512	3.282008	0	75.72167	84.99625	55.46013	67.56328	
569	-53.68512	3.516437	0	75.9561	85.04599	56.96036	67.30966	
570	-53.45071	-0.2344666	0	77.36271	85.09843	58.22011	67.15763	
571	-54.8573	2.813144	0	76.42496	85.18111	60.36853	67.93888	
572	-53.68512	3.282008	0	76.19054	85.22899	62.0351	68.62277	
573	-53.68512	2.813144	0	75.9561	85.25233	62.65626	68.66945	
574	-53.45071	3.516437	0	76.19054	85.28886	63.74076	69.19512	
575	-53.45071	2.813144	0	75.9561	85.30285	64.38149	69.52045	
576	-53.68512	-0.4689026	0	77.36271	85.31876	64.9995	70.09731	
577	-54.8573	3.047572	0	75.9561	85.33835	65.52553	70.62483	
578	-53.68512	3.282008	0	75.72168	85.32329	64.9149	70.01951	
579	-53.68512	3.047572	0	75.95611	85.32148	64.78556	69.86582	
580	-53.68512	3.047572	0	75.72169	85.33074	64.98283	70.04696	
581	-53.68512	0.7032576	0	76.65942	85.33074	64.98283	70.04696	
582	-54.62286	3.516437	0	76.42499	85.33704	65.40143	70.45377	
583	-53.91956	3.282008	0	75.95612	85.34171	65.31678	70.37592	
584	-53.91956	3.047572	0	75.95612	85.34853	65.37965	70.42092	
585	-53.68512	2.813143	0	75.95612	85.32693	64.71227	69.75408	
586	-53.68512	0.7032574	0	76.65942	85.31951	64.65037	69.71947	
587	-54.62286	3.282008	0	76.19056	85.30552	64.42216	69.41221	
588	-53.91956	3.282008	0	76.19056	85.30748	64.56233	69.55034	
589	-53.68512	2.813143	0	75.95613	85.26294	63.01217	68.07796	
590	-53.68512	3.047571	0	75.7217	85.22382	61.90047	67.00969	
591	-53.68512	0.703257	0	76.65943	85.21042	61.56575	66.73839	
592	-54.62286	3.282007	0	75.95613	85.2049	61.29971	66.47267	
593	-53.68512	3.516436	0	75.95613	85.22496	62.01397	67.20219	
594	-53.68512	3.047571	0	75.95613	85.23655	62.31655	67.5582	
595	-53.68512	3.282007	0	75.95613	85.2971	64.05141	68.72049	
596	-53.45068	0.703257	0	77.1283	85.31588	64.34705	68.84265	
597	-54.62286	2.578707	0	75.95613	85.30772	64.17505	68.60571	
598	-53.68512	0.9376855	0	76.19056	85.32735	64.54848	68.34674	
599	-53.68512	-1.172211	0	75.95613	85.32367	64.30193	68.0154	
600	-53.68512	-2.578796	0	76.19056	85.30669	63.93676	67.58276	
601	-53.68512	-7.03299	0	76.89386	85.3046	64.06286	67.56256	
602	-54.8573	-4.923126	0	76.19056	85.30423	64.57145	67.83665	
603	-53.68512	-4.923126	0	76.19056	85.31032	64.67487	67.58011	
604	-53.91956	-4.454254	0	75.95613	85.23889	63.56279	66.32233	
605	-53.21625	-5.86084	0	75.95613	85.2317	63.17437	65.88717	
606	-53.45068	-5.86084	0	75.95613	85.20789	63.36948	65.91296	
607	-53.21625	-7.501862	0	76.65943	85.17691	64.94447	67.62462	
608	-54.15399	-8.20517	0	75.72169	85.14082	64.46436	66.98721	
609	-53.68512	-10.54947	0	76.19056	85.07391	64.05681	66.07104	
610	-53.91956	-11.01834	0	75.95613	85.18098	63.41981	65.21413	
611	-53.45068	-11.01834	0	75.95613	85.1938	64.47907	65.93479	
612	-53.68512	-13.83154	0	77.36272	85.22435	64.99526	66.14052	
613	-54.62286	-11.72165	0	76.65943	85.27827	64.71557	65.83963	
614	-53.68512	-11.01834	0	75.95613	85.34996	66.48489	67.55373	
615	-53.45068	-10.08063	0	76.19056	85.32555	66.30278	67.23208	
616	-53.21625	-10.08063	0	75.95613	85.31576	65.64098	66.47887	
617	-53.21625	-11.25278	0	75.7217	85.3389	66.68106	67.46165	
618	-53.45068	-13.36267	0	77.1283	85.37349	68.30731	69.14713	
619	-54.15399	-5.626404	0	75.95615	85.33981	67.73716	68.77496	
620	-53.68512	-3.985382	0	75.95615	85.32793	67.81212	68.4921	
621	-53.68512	-2.109924	0	75.95615	85.30451	66.29241	66.98526	
622	-53.68512	-2.109924	0	76.19057	85.36887	69.05402	69.62745	
623	-53.91956	-3.51651	0	75.95615	85.37408	70.38084	70.82218	
624	-53.45068	-3.985382	0	76.65943	85.35025	70.05394	70.3087	
625	-53.68512	-2.813232	0	75.95615	85.37353	71.04323	71.21628	
626	-53.45068	-3.047668	0	75.95615	85.39934	72.36288	72.34586	
627	-52.98181	-3.047668	0	75.72171	85.35038	74.23414	74.10154	
628	-53.45068	-3.282074	0	75.95615	85.38951	73.90482	73.38654	
629	-53.45068	-5.86084	0	77.1283	85.37344	72.42332	71.90209	
630	-54.62286	-3.51651	0	75.72172	85.37849	72.75522	72.08073	
631	-53.45068	-3.047668	0	75.95615	85.37581	72.75287	71.88498	
632	-53.45068	-3.047668	0	75.95615	85.39233	72.94819	71.86896	
633	-53.45068	-3.047668	0	75.72173	85.40514	73.49758	72.23579	
634	-53.45068	-6.095276	0	76.89388	85.41439	73.49088	72.01099	
635	-54.62283	-4.219818	0	76.42502	85.40845	73.43888	71.92719	
636	-53.45068	-8.20517	0	75.95615	85.42889	73.69071	71.78378	
637	-53.21625	-11.25278	0	75.95615	85.4147	73.53036	71.71786	
638	-53.45068	-11.95609	0	75.95615	85.39024	72.51726	70.61529	
639	-53.45068	-13.36267	0	75.95615	85.39355	72.69244	70.68459	
640	-53.91956	-16.87915	0	76.42502	85.40466	72.84091	70.56757	
641	-53.91956	-17.81689	0	76.19059	85.40845	73.02246	70.62096	
642	-53.21625	-19.69232	0	75.95616	85.39734	72.28338	69.78109	
643	-53.21625	-20.16119	0	75.95616	85.39905	72.31354	69.71671	
644	-53.21625	-21.09894	0	75.95616	85.39309	72.25764	69.64273	
645	-53.21625	-25.3187	0	76.42503	85.38807	72.61487	69.813	
646	-53.91956	-24.38098	0	75.95616	85.41718	73.46359	70.38192	
647	-53.45068	-25.3187	0	75.95616	85.44917	74.45898	71.30724	
648	-53.45068	-25.3187	0	75.95616	85.43516	74.04764	70.87381	
649	-53.45068	-25.55313	0	75.72173	85.44965	74.34303	71.10802	
650	-53.45068	-27.66302	0	77.36276	85.46266	74.51835	70.93716	
651	-54.3884	-25.3187	0	75.95616	85.45805	74.48409	70.81251	
652	-53.68512	-25.3187	0	75.95616	85.47346	74.70222	70.5538	
653	-53.45068	-25.3187	0	75.95616	85.46088	74.19776	69.87169	
654	-53.68512	-25.3187	0	75.95616	85.46758	74.27502	69.91699	
655	-53.68512	-27.66302	0	76.65946	85.45904	73.91587	69.56785	
656	-54.62283	-26.72528	0	76.19061	85.44392	73.38559	68.95448	
657	-53.45068	-27.42859	0	75.95617	85.45119	73.46699	68.98167	
658	-53.45068	-28.1319	0	75.95617	85.44814	73.58051	68.99349	
659	-53.45068	-27.89746	0	75.95617	85.45774	73.69823	68.94026	
660	-53.45068	-30.24176	0	77.12833	85.45956	73.73466	68.86819	
661	-54.62283	-28.1319	0	76.65947	85.46745	73.69263	68.6944	
662	-53.68512	-28.1319	0	75.95617	85.47944	73.98241	68.73785	
663	-53.45068	-28.60074	0	75.95617	85.48117	74.00588	68.68079	
664	-53.45068	-28.1319	0	76.19061	85.47814	74.12624	68.6854	
665	-53.68512	-29.77292	0	77.12833	85.47619	74.0896	68.75732	
666	-54.62283	-28.3663	0	75.95617	85.48243	74.02387	68.64043	
667	-53.45068	-28.1319	0	75.95617	85.47645	73.97264	68.55705	
668	-53.45068	-27.89746	0	75.95617	85.479	73.89126	68.27563	
669	-53.45068	-27.89746	0	75.95617	85.479	73.89126	68.27563	
670	-53.45068	-29.77292	0	77.12833	85.4892	74.14468	68.39126	
671	-54.3884	-27.89746	0	76.19061	85.50137	74.30459	68.24954	
672	-53.45068	-28.1319	0	75.95617	85.45222	72.91117	66.88186	
673	-53.45068	-27.89746	0	75.95617	85.44714	70.83485	64.92459	
674	-53.21625	-27.19415	0	75.95617	85.46716	70.35947	64.62405	
675	-52.98181	-27.19415	0	75.95617	85.45261	69.95427	64.42625	
676	-52.98181	-28.83517	0	76.42504	85.43498	69.49935	64.3456	
677	-54.15399	-28.1319	0	75.72175	85.38603	68.33561	64.15704	
678	-53.45068	-27.89746	0	75.95618	85.32948	66.68207	63.32634	
679	-53.68512	-28.36633	0	75.95618	85.2218	65.35384	63.01302	
680	-53.21625	-27.66302	0	75.95618	85.21059	65.15436	63.48388	
681	-53.68512	-30.00735	0	77.12834	85.21276	64.6297	63.43688	
682	-54.62283	-28.60074	0	76.65948	85.2177	64.97586	63.96915	
683	-54.15399	-28.1319	0	75.95617	85.2157	64.93591	64.05975	
684	-53.45068	-27.19415	0	75.95617	85.22899	65.03203	64.17836	
685	-53.21625	-27.19415	0	75.72175	85.23141	65.15735	64.32841	
686	-52.98181	-27.42859	0	75.72175	85.26903	65.91075	65.06773	


Angle MV instances
Rotate	2.813171	3.047607	2.813171	2.813171	2.813171	3.047607	3.516479	10.315	13.59705	8.205109	10.78387	5.391931	3.282037	3.282037	2.813202	2.813202	3.047601	3.047638	3.282043	11.01831	16.41025	11.01831	2.109894	3.047607	3.750916	10.08057	11.01831	7.267395	10.08057	5.391937	7.032959	8.439545	6.798553	5.626343	2.813202	2.813202	3.516479	3.516479	4.923096	3.985321	4.454224	4.454224	2.109894	2.109863	4.454193	16.41025	2.109894	3.282043	3.516479	5.391937	3.047638	3.282043	
ChildRotate	3.985443	3.516479	3.282043	2.813171	2.813171	33.28934	8.673981	43.83878	3.516479	2.109886	10.78387	11.01831	3.047607	2.109894	2.109894	2.813202	10.78387	4.219757	11.01828	6.329681	32.35161	3.516479	2.344315	7.736237	5.626373	10.0806	8.673981	4.219757	11.48718	10.54944	4.688629	4.68866	3.516479	3.516479	10.08057	18.05127	8.908417	6.095215	2.578735	2.109863	2.109894	2.344299	2.109894	2.578735	2.344299	2.109894	2.109863	3.282074	3.282043	3.985352	3.282074	2.813202	3.047638	2.813202	5.626343	3.282074	3.282043	4.219788	3.516479	2.109894	2.109894	3.750916	2.34433	2.109894	5.391937	37.27467	2.344323	13.12817	11.48715	13.83151	15.4725	6.564087	5.626373	3.985352	2.344299	7.970703	17.11353	51.10618	3.51648	2.578751	3.282051	2.344322	2.813187	2.344322	2.578761	3.047625	3.282043	3.047615	2.578751	3.047615	2.57875	2.344315	3.047615	3.047615	2.344315	3.047615	2.344314	2.813179	2.344314	2.109886	2.57875	2.813179	2.57875	2.344315	3.047615	2.109886	2.344322	2.344322	2.813179	2.813179	2.578751	2.344322	3.047615	3.047615	3.047615	2.813187	2.813179	2.344315	2.57875	3.750916	3.750916	2.109886	7.970703	9.611694	5.157532	5.391907	3.047638	2.109863	4.688629	8.439545	9.611725	5.860809	2.109894	2.34433	2.109894	5.626373	6.564087	3.516479	2.813179	2.109886	2.344315	2.344315	3.047615	2.57875	2.813179	3.516477	3.750912	2.109886	2.813176	3.28204	3.282051	2.813187	3.047615	2.813186	3.047615	2.57875	3.28204	2.813175	3.282039	3.047611	3.282039	2.578746	3.282039	3.750903	3.047611	3.282046	3.516475	2.344315	2.813179	2.109886	2.57875	2.344314	2.57875	2.57875	4.454193	2.109863	2.344299	2.813202	2.109894	2.109894	7.736267	2.578766	2.34433	3.047607	3.985352	3.047607	3.516479	4.219757	2.109894	2.34433	2.34433	2.344299	2.109863	2.34433	
RotateInverse	
ChildRotateInverse	2.813194	2.578758	7.501831	42.90105	14.76922	3.047607	9.846149	2.813183	7.032951	60.7179	85.80213	9.611702	9.142845	7.267395	4.923073	3.985352	5.391922	7.267403	27.89741	14.30036	3.985344	2.109886	2.109886	2.578747	2.344311	2.109882	2.109886	4.688641	3.750912	24.61536	2.578751	3.985344	2.344322	3.047615	3.047615	2.578743	2.578751	4.454208	4.454201	2.813187	60.24903	61.42119	3.282047	2.344318	4.219776	3.047611	27.42855	2.109894	3.750912	3.98534	31.64833	2.344326	2.813183	7.032959	9.846146	7.970688	10.78387	2.109886	6.564098	6.798531	4.688648	5.626362	31.17945	8.439548	9.846136	16.41024	11.25274	4.21978	3.282051	2.344315	
Docking x	5.861059	17.97464	20.12557	27.11736	10.84175	2.888474	2.0634	
Docking y	2.516632	4.509521	2.679047	4.656983	16.94001	109.75	23.15138	126.7976	54.57851	13.43797	11.73932	3.52494	7.641525	7.139801	50.46802	27.05676	9.335228	7.572495	10.65324	2.586739	6.885216	3.732971	6.723801	5.319061	14.43562	41.36287	9.80455	21.29865	18.09093	2.775002	7.565277	2.216911	2.53302	2.922752	3.382271	2.809555	5.859154	5.163628	7.707962	10.42461	4.96579	2.46244	2.714134	2.055412	2.134308	2.457733	2.848503	2.750484	3.259251	2.640762	2.650227	2.530956	3.434139	6.226257	8.030865	6.141144	2.299629	2.695114	2.609222	2.025337	3.100433	2.160889	4.470337	3.090294	2.712959	4.271568	3.704475	14.51768	10.16914	6.473103	5.53286	2.826481	9.08535	9.190548	3.515007	2.758629	2.220112	2.321346	9.619011	7.605724	3.115421	2.981529	5.154301	2.460461	5.231449	5.040241	6.251125	3.294598	2.272697	2.359959	5.946457	2.364197	3.048439	2.427517	2.030632	2.187965	2.230171	3.339264	2.017052	3.654175	2.574348	3.126053	2.00386	3.107811	3.357391	3.459644	2.23283	2.169888	2.35313	4.921604	2.675278	2.148418	2.761612	2.076317	
Docking z	3.195216	3.479179	2.864143	5.04851	3.15028	9.60512	96.08387	8.421066	134.2975	53.90825	15.07984	14.34375	5.434982	60.79393	7.963013	24.35726	10.46213	7.710739	10.71556	2.87513	3.062149	3.630463	4.71328	18.03513	40.68602	11.77026	18.39316	16.79604	2.250977	6.207863	3.576561	3.241455	2.776672	4.331451	3.806709	2.199768	3.02549	2.06575	2.350212	2.537994	3.339485	3.685051	2.54039	5.045715	4.32177	2.343903	2.513	2.165176	2.209305	4.338272	3.594139	12.02581	11.14669	8.55468	7.551479	5.20776	7.279682	8.975021	2.258957	2.197575	8.924713	6.399525	2.223633	3.231243	4.887711	2.371323	5.09684	4.99305	6.046654	3.191734	2.051262	5.04393	2.251133	3.060257	2.314018	2.068382	2.215225	4.063454	2.640457	3.11042	2.047112	2.439026	3.414932	3.820885	2.40197	2.499084	4.9077	2.447327	2.642189	
Total MV Amount	3906.956


Angle TRE instances
Rotate	230	231	261	262	263	272	273	277	
ChildRotate	34	48	55	56	69	71	92	99	191	210	217	218	225	226	438	440	466	467	645	646	647	
RotateInverse	1	
ChildRotateInverse	26	27	33	34	125	188	
Docking x	26	158	192	442	443	461	462	479	481	486	569	
Docking y	1	16	19	22	
Docking z	1	19	
Total TRE Count	50


Correct Angles	Rotate	ChildRotate	RotateInverse	ChildRotateInverse	Docking x	Docking y	Docking z
	-30	-30	0	90	90	0	0

Angle Error	Rotate	ChildRotate	RotateInverse	ChildRotateInverse	Docking x	Docking y	Docking z
	23.21625	1.399261	0	13.57496	4.730972	65.91075	65.06773

Time Taken	Hours	Minutes	Seconds	Milliseconds	Seconds float	Completion time
	0	0	40	720	40.71993	00h:00m:40s:720ms

Final Results	Tester Name	Time of Test	Dock Shape Style	Virtual Device Visible	Time Taken	Shape Precision %	Orientation Precision %	Overall Precision %	Efficiency %	Difficulty	Total MV	Total TRE	
	0	2018-11-21_13:00:14	Ltd Random	True	00h:00m:40s:720ms	94.69577	75.74473	86.19842	72.05613	0.2666667	3906.956	50	
