
Angles Over Time
Frames	Rotate	ChildRotate	RotateInverse	ChildRotateInverse	Docking x	Docking y	Docking z	
0	-108.3075	-134.5639	0	93.30399	18.53336	28.14118	-177.465	
1	-108.0731	-134.3295	0	93.30399	18.49638	28.15637	-177.4603	
2	-108.3075	-130.1097	0	92.36626	18.46239	28.10268	-177.4911	
3	-105.2599	-133.6262	0	93.06956	18.50087	28.11099	-177.4035	
4	-108.3075	-134.5639	0	93.30399	18.57065	28.12761	-177.3805	
5	-108.0731	-134.7984	0	93.30399	18.48384	28.19939	-177.4238	
6	-107.8387	-134.3295	0	93.53842	18.5171	28.28626	-177.6288	
7	-108.3075	-130.3442	0	92.83514	18.6077	28.33825	-177.6462	
8	-105.0255	-132.6885	0	92.83514	18.65878	28.40071	-177.5708	
9	-107.1354	-134.5639	0	93.53842	18.73904	28.67052	-177.7202	
10	-108.3075	-135.9705	0	93.30399	18.98845	28.97964	-177.667	
11	-109.0108	-134.0951	0	93.30399	18.56777	29.37445	-176.7139	
12	-109.2452	-134.5639	0	93.30399	17.83942	27.89164	-172.8684	
13	-107.8387	-130.3442	0	92.13183	17.2719	26.22183	-170.2268	
14	-102.6812	-134.5639	0	79.94136	17.45727	27.21823	-170.6091	
15	-91.19397	-134.0951	0	50.87179	18.26777	24.87541	-176.1264	
16	-86.50534	-135.9705	0	28.60075	18.21599	20.24009	-171.8706	
17	-86.97421	-135.0328	0	12.65937	17.08784	15.70365	-173.0266	
18	-87.20862	-136.205	0	4.21982	14.64149	15.26381	-170.8518	
19	-86.97421	-132.6885	0	5.626413	9.327034	12.461	-167.2832	
20	-83.69214	-134.3295	0	3.516526	11.35257	11.00612	-161.4187	
21	-84.86432	-134.5639	0	4.688684	11.83253	12.15616	-159.9373	
22	-84.62988	-134.0951	0	21.33336	10.97348	11.74466	-168.2024	
23	-84.62988	-134.3295	0	25.78757	9.980492	9.462093	-177.3596	
24	-79.70679	-129.8753	0	29.30405	9.389207	8.573599	-176.6538	
25	-74.31488	-132.6885	0	28.36632	9.989635	9.16254	-175.8493	
26	-56.49805	-134.0951	0	32.35166	9.581604	9.55259	174.593	
27	-32.11713	-135.9705	0	31.17951	10.01785	10.26303	172.4763	
28	-1.172089	-94.24164	0	32.35166	9.706761	11.61284	171.4281	
29	-1.172089	-31.64832	0	30.94507	8.754848	13.14997	172.2737	
30	-0.9376526	-0.2344055	0	8.908463	6.369526	13.38304	166.549	
31	0.9377998	0.9377539	0	-0.2344055	7.901949	10.8088	174.9188	
32	1.875521	1.172182	0	4.551671E-05	6.268419	10.43561	170.6435	
33	1.641093	0.7033179	0	-0.2344055	6.418449	9.869	172.8597	
34	1.875521	0.7033179	0	-0.2344055	6.689374	8.592151	174.6984	
35	1.875521	-1.640991	0	3.047661	7.519585	8.371085	175.4482	
36	-0.7032166	-0.4688416	0	1.406639	8.463543	8.095621	176.6675	
37	0.9378	0.7033179	0	-0.2344055	9.182308	8.225461	-179.7662	
38	1.875521	1.875483	0	4.558404E-05	8.270996	7.758145	-179.6397	
39	2.578822	1.406619	0	-0.2344055	10.42593	6.072473	179.9059	
40	2.81325	1.875483	0	0.234474	5.467935	5.929203	177.4323	
41	2.344386	-0.4688416	0	3.750953	4.310811	6.400132	177.4586	
42	0.7033641	1.172182	0	0.4689099	4.579142	6.786438	177.2355	
43	1.641093	0.7033178	0	-0.2344055	4.688127	6.963519	177.4431	
44	1.875521	0.9377538	0	4.540999E-05	4.661973	6.758221	177.5099	
45	1.641093	1.172182	0	0.2344738	4.447694	6.688966	177.581	
46	1.172229	1.875483	0	-0.468811	4.388683	6.768025	177.5118	
47	1.875522	-0.2344055	0	1.406639	4.368773	6.930367	177.4599	
48	0.7033642	1.406618	0	0.2344738	4.357488	6.977726	177.3999	
49	1.641093	1.172182	0	-0.2344055	4.498358	7.039687	177.0482	
50	1.875522	1.406618	0	4.543667E-05	5.089758	7.213667	175.5281	
51	1.641093	1.172182	0	0.2344738	7.501385	8.37361	170.9052	
52	1.641093	-1.875427	0	3.985389	9.164354	10.48274	161.2351	
53	-1.172089	0.4688894	0	1.641067	10.03339	11.38982	150.693	
54	0.9378002	0.9377538	0	0.2344736	9.566667	12.98031	137.0449	
55	1.641093	1.875483	0	10.31505	6.314647	17.22184	119.4084	
56	2.344386	1.875483	0	10.31505	8.119887	17.22306	108.4226	
57	2.578822	1.875483	0	13.5971	9.275127	17.47264	97.06106	
58	2.578822	2.485775E-05	0	19.69233	9.760913	17.76775	80.07253	
59	0.468936	1.172182	0	17.81688	7.804681	17.31368	58.57162	
60	1.875522	0.9377538	0	23.44324	13.16397	23.27991	36.06607	
61	1.641093	1.172182	0	25.3187	14.877	26.00702	24.4024	
62	1.641093	1.172182	0	31.64836	10.68468	23.80206	15.46072	
63	1.406657	-1.640991	0	37.97803	8.827797	19.94298	6.618756	
64	-0.9376526	2.474799E-05	0	36.80587	4.716191	14.44763	2.472174	
65	0.7033642	1.172182	0	17.34801	-0.3291321	9.834651	2.424498	
66	1.641093	1.875482	0	0.2344738	-3.493286	8.018875	5.355001	
67	2.344386	1.875482	0	4.542269E-05	-5.279633	10.50353	5.005532	
68	2.344386	1.875482	0	4.542269E-05	-5.241272	12.83511	1.736899	
69	2.344386	-0.4688416	0	1.172203	-3.527527	11.88209	-0.9776917	
70	0.4689359	-1.406555	0	0.2344739	0.507926	8.403771	6.965872	
71	-8.908356	-6.095215	0	4.546335E-05	4.554809	7.894186	10.99939	
72	-10.54938	-9.611694	0	-0.2344055	5.237845	9.663574	10.89831	
73	-17.81677	-11.48715	0	-0.468811	8.541374	10.97271	10.32226	
74	-17.58234	-27.42853	0	17.34801	10.37579	12.42824	5.453943	
75	-14.53473	-27.19409	0	20.86449	10.14513	13.57629	2.808661	
76	-11.25266	-26.72522	0	22.03665	7.61052	13.18529	2.364385	
77	-8.908356	-26.49078	0	21.56779	4.953514	12.3072	0.7296021	
78	-5.15744	-20.86444	0	21.56779	4.112107	12.04075	-0.9904785	
79	-3.047546	-15.23807	0	-0.234375	2.169083	11.36358	-0.6187439	
80	-1.640961	-2.578735	0	1.64107	0.9534091	11.24951	-0.9690552	
81	-1.640961	-2.109863	0	-0.468811	0.4814602	11.27993	-0.8857422	
82	7.074033E-05	-1.640991	0	4.765084E-05	0.4324153	11.28077	-0.8561707	
83	-0.4687805	-2.109863	0	-0.468811	0.5444603	11.25677	-0.8027954	
84	-0.4687805	-1.640991	0	0.2344761	0.6132936	11.065	-0.8406982	
85	-0.7032166	-3.985321	0	1.172205	0.7641123	10.76317	-0.9402466	
86	-2.81311	-2.813171	0	1.406641	0.3365793	10.3559	-0.818634	
87	-1.406525	-1.640991	0	-0.234375	0.3486132	10.19734	-0.7957153	
88	-0.234375	-1.406555	0	-0.468811	0.5093076	10.40633	-0.8450012	
89	0.4689353	-1.640991	0	0.2344761	0.5916573	10.53028	-0.8441467	
90	-0.7032166	-1.875427	0	-0.234375	0.4640963	10.62285	-0.835144	
91	-0.234375	-4.219757	0	3.750956	0.6132341	10.68001	-0.8333435	
92	-2.81311	-2.578735	0	1.172206	0.6428528	10.87389	-0.855011	
93	-0.4687805	-1.640991	0	-0.468811	0.6838789	10.90543	-0.8537292	
94	-0.234375	-1.875427	0	-0.234375	0.7212973	10.90597	-0.8362427	
95	0.4689353	-1.17215	0	-0.234375	0.7273947	11.04964	-0.8291016	
96	0.4689353	-1.640991	0	-0.468811	0.7375066	10.77456	-0.7631836	
97	0.4689353	-2.813171	0	2.109934	0.6581703	9.406325	-0.5664978	
98	-1.875397	-2.109863	0	-0.468811	0.5072948	7.699248	-0.4201965	
99	7.075209E-05	-1.640991	0	0.2344765	0.435956	5.772398	-0.300415	
100	-0.9376526	-1.640991	0	4.807803E-05	0.3592075	4.222111	-0.2370605	
101	-0.4687805	-1.640991	0	4.807803E-05	0.3536082	3.431474	-0.1986694	
102	-0.234375	-4.219757	0	4.807803E-05	0.3661841	3.069174	-0.1980591	
103	-2.81311	-3.047577	0	1.406641	0.3495372	2.856314	-0.1806641	
104	-1.406525	-2.109863	0	-0.7032471	0.350828	2.716491	-0.1778564	
105	-0.234375	-1.17215	0	-0.468811	0.3422911	2.643347	-0.1698303	
106	0.4689352	-1.406555	0	4.797101E-05	0.3489271	2.643652	-0.1604919	
107	-0.9376526	-1.875427	0	-0.234375	0.3236169	2.64351	-0.1565552	
108	-0.4687805	-4.219757	0	4.454256	0.3142796	2.64359	-0.1499329	


Angle MV instances
Rotate	108.3075	3.047607	3.047607	3.282043	2.109879	5.157501	11.48718	4.688629	3.282074	4.923096	5.391907	17.81683	24.38092	30.94504	2.109886	9.377292	7.267395	3.047607	3.282074	2.344299	3.750916	2.109894	2.109894	2.578735	2.34433	2.578735	
ChildRotate	134.5639	4.219772	3.516479	3.985336	2.344315	4.219788	4.219788	3.516479	4.454224	2.813202	41.7289	62.59332	31.41391	4.68866	3.516479	15.94138	5.626343	5.626373	12.65933	2.34433	2.34433	2.578766	2.34433	
RotateInverse	
ChildRotateInverse	93.30399	12.19047	29.06957	22.27104	15.94138	8.439552	2.109887	16.64468	4.454208	3.516478	3.985342	22.03661	9.142869	3.282066	3.516479	3.282043	3.750916	2.344322	10.08058	3.282043	6.095229	5.626368	6.329662	6.329666	19.45785	17.11354	17.81682	3.516481	21.80216	3.985331	2.578751	4.688631	
Docking x	18.53336	2.446346	5.314459	2.025537	2.385322	2.154932	4.957993	2.411627	3.25202	5.359292	4.192324	4.111606	5.045323	3.164154	4.035453	4.046883	3.303529	2.53461	2.657006	
Docking y	28.14118	2.342823	4.635313	4.536442	2.802813	2.282568	2.574243	2.109134	4.241531	5.966238	2.727102	2.20496	3.859077	5.495349	4.61298	2.484651	2.331585	3.478316	
Docking z	177.465	3.845428	2.641647	5.517303	4.255798	2.174835	3.568558	5.864487	8.265045	9.157181	2.116714	5.724686	8.369736	4.275284	2.216187	356.4337	2.473618	4.622955	9.67012	10.54208	13.64807	17.63649	10.98579	11.36156	16.98853	21.5009	22.50555	11.66367	8.941686	8.841959	4.146582	2.930503	3.268634	7.943563	4.033521	4.868315	2.645283	
Total MV Amount	1991.883


Angle TRE instances
Rotate	29	71	79	
ChildRotate	31	71	80	
RotateInverse	1	
ChildRotateInverse	20	22	31	55	66	74	79	
Docking x	42	50	64	67	69	72	77	
Docking y	101	
Docking z	65	66	68	70	75	
Total TRE Count	26


Correct Angles	Rotate	ChildRotate	RotateInverse	ChildRotateInverse	Docking x	Docking y	Docking z
	-2.08629E-29	-1.611493E-43	0	2.08629E-29	0	0	0

Angle Error	Rotate	ChildRotate	RotateInverse	ChildRotateInverse	Docking x	Docking y	Docking z
	3.281982	1.640991	0	0.468811	0.263658	2.643297	0.1420593

Time Taken	Hours	Minutes	Seconds	Milliseconds	Seconds float	Completion time
	0	0	6	425	6.424916	00h:00m:06s:425ms

Final Results	Tester Name	Time of Test	Dock Shape Style	Virtual Device Visible	Time Taken	Shape Precision %	Orientation Precision %	Overall Precision %	Efficiency %	Difficulty	Total MV	Total TRE	
	0	2018-11-21_12:46:22	ZEROING DATA	True	00h:00m:06s:425ms	99.25114	99.48419	99.33009	100	4.6362E-32	1991.883	26	
